timestamp_ms,usr%,nice%,sys%,iowait%,irq%,soft%,steal%,idle%
1747228384079,4.5,0.0,9.4,0.0,0.0,0.2,85.9
1747228386091,4.9,0.0,9.2,0.0,0.0,0.1,85.8
1747228388101,5.4,0.0,9.4,0.0,0.0,0.1,85.1
1747228390112,5.0,0.0,9.9,0.0,0.0,0.2,84.9
1747228392122,5.3,0.0,9.1,0.0,0.0,0.1,85.5
1747228394131,4.8,0.0,10.0,0.0,0.0,0.1,85.0
1747228396140,5.2,0.0,9.2,0.0,0.0,0.0,85.6
1747228398150,5.1,0.0,8.9,0.0,0.0,0.1,85.8
1747228400162,4.5,0.0,9.4,0.0,0.0,0.1,85.9
1747228402173,4.3,0.0,9.6,0.0,0.0,0.0,86.1
1747228404184,5.8,0.0,9.1,0.0,0.0,0.0,85.1
1747228406193,6.1,0.0,9.1,0.0,0.0,0.1,84.8
1747228408203,5.2,0.0,9.9,0.0,0.0,0.1,84.7
1747228410214,5.0,0.0,9.3,0.0,0.0,0.1,85.6
1747228412223,5.2,0.0,9.7,0.0,0.0,0.1,85.0
1747228414233,4.9,0.0,9.0,0.0,0.0,0.1,86.0
1747228416243,4.6,0.0,9.7,0.0,0.0,0.2,85.5
1747228418253,4.8,0.0,9.5,0.0,0.0,0.1,85.6
1747228420264,5.7,0.0,10.6,0.0,0.0,0.2,83.5
1747228422274,4.6,0.0,10.0,0.0,0.0,0.1,85.3
1747228424282,4.9,0.0,9.4,0.0,0.0,0.2,85.6
1747228426297,4.2,0.0,9.4,0.0,0.0,0.1,86.3
1747228428313,5.2,0.0,9.3,0.0,0.0,0.2,85.3
1747228430326,4.8,0.0,9.0,0.0,0.0,0.2,86.0
1747228432336,4.8,0.0,9.8,0.0,0.0,0.1,85.3
1747228434346,5.8,0.0,9.2,0.0,0.0,0.1,84.9
1747228436356,5.5,0.0,9.8,0.0,0.0,0.1,84.5
1747228438367,5.0,0.0,10.1,0.0,0.0,0.1,84.8
1747228440378,5.3,0.0,9.5,0.0,0.0,0.3,84.9
1747228442389,5.4,0.0,8.8,0.0,0.0,0.2,85.6
1747228444400,5.0,0.0,9.8,0.0,0.0,0.0,85.2
1747228446411,5.1,0.0,9.3,0.0,0.0,0.2,85.4
1747228448422,4.8,0.0,10.0,0.0,0.0,0.1,85.2
1747228450434,5.2,0.0,9.3,0.0,0.0,0.3,85.3
1747228452445,5.1,0.0,9.4,0.0,0.0,0.1,85.4
1747228454456,7.1,0.0,10.3,0.0,0.0,0.1,82.5
1747228456468,7.4,0.0,11.9,0.0,0.0,0.2,80.4
1747228458479,7.4,0.0,11.4,0.0,0.0,0.1,81.1
1747228460490,8.1,0.0,12.4,0.0,0.0,0.1,79.4
1747228462501,7.5,0.0,11.4,0.0,0.0,0.1,81.0
1747228464513,7.2,0.0,10.8,0.0,0.0,0.2,81.8
1747228466524,7.6,0.0,10.2,0.0,0.0,0.1,82.1
1747228468535,7.2,0.0,11.8,0.0,0.0,0.2,80.9
1747228470547,0.0,0.0,0.0,0.0,0.0,0.0,0.0
1747228472558,6.5,0.0,10.7,0.0,0.0,0.1,82.7
1747228474569,6.5,0.0,11.0,0.0,0.0,0.1,82.4
1747228476581,6.6,0.0,11.0,0.0,0.0,0.1,82.4
1747228478592,0.2,0.0,0.2,0.0,0.0,0.0,99.6
1747228480604,5.1,0.0,8.5,0.0,0.0,0.2,86.2
1747228482615,4.9,0.0,8.8,0.0,0.0,0.1,86.2
1747228484625,5.2,0.0,8.6,0.0,0.0,0.1,86.1
1747228486635,0.1,0.0,0.2,0.0,0.0,0.0,99.7
1747228488644,5.2,0.0,8.8,0.0,0.0,0.1,85.9
1747228490654,5.3,0.0,8.6,0.0,0.0,0.2,86.0
1747228492664,4.6,0.0,9.8,0.0,0.0,0.1,85.4
1747228494674,0.1,0.0,0.2,0.0,0.0,0.0,99.7
1747228496685,5.5,0.0,9.5,0.0,0.0,0.1,84.9
1747228498695,5.5,0.0,10.4,0.0,0.0,0.1,84.0
1747228500703,4.9,0.0,9.5,0.0,0.0,0.2,85.3
1747228502715,5.3,0.0,9.2,0.0,0.0,0.1,85.5
1747228504736,5.0,0.0,9.1,0.0,0.0,0.2,85.7
1747228506750,5.0,0.0,9.3,0.0,0.0,0.0,85.7
1747228508760,5.2,0.0,9.7,0.0,0.0,0.0,85.1
1747228510771,5.3,0.0,10.0,0.0,0.0,0.1,84.6
1747228512781,5.2,0.0,9.9,0.0,0.0,0.0,84.8
1747228514791,5.5,0.0,9.8,0.0,0.0,0.2,84.5
1747228516802,5.9,0.0,9.8,0.0,0.0,0.1,84.2
1747228518812,5.3,0.0,10.3,0.0,0.0,0.1,84.3
1747228520821,5.1,0.0,9.5,0.0,0.0,0.1,85.2
1747228522831,5.2,0.0,9.9,0.0,0.0,0.1,84.8
1747228524843,5.5,0.0,9.3,0.0,0.0,0.1,85.0
1747228526854,5.5,0.0,9.5,0.0,0.0,0.2,84.8
1747228528862,5.1,0.0,9.5,0.0,0.0,0.1,85.3
1747228530871,5.2,0.0,9.9,0.0,0.0,0.1,84.7
1747228532882,5.3,0.0,9.3,0.0,0.0,0.2,85.2
1747228534893,5.3,0.0,9.2,0.0,0.0,0.3,85.1
1747228536904,5.5,0.0,9.2,0.0,0.0,0.1,85.1
1747228538915,5.7,0.0,9.3,0.0,0.0,0.1,84.9
1747228540926,5.4,0.0,9.8,0.0,0.0,0.1,84.6
1747228542937,6.1,0.0,10.8,0.0,0.0,0.1,83.0
1747228544946,5.2,0.0,9.4,0.0,0.0,0.2,85.1
1747228546956,5.1,0.0,9.6,0.0,0.0,0.2,85.0
1747228548967,5.4,0.0,9.3,0.0,0.0,0.1,85.2
1747228550977,5.6,0.0,9.8,0.0,0.0,0.3,84.3
1747228552988,4.8,0.0,9.7,0.0,0.0,0.1,85.4
1747228554998,5.4,0.0,9.3,0.0,0.0,0.1,85.2
1747228557007,5.4,0.0,8.7,0.0,0.0,0.3,85.6
1747228559019,5.0,0.0,10.0,0.0,0.0,0.2,84.8
1747228561029,5.3,0.0,8.9,0.0,0.0,0.1,85.7
1747228563039,5.0,0.0,9.5,0.0,0.0,0.2,85.2
1747228565048,5.5,0.0,10.0,0.0,0.0,0.3,84.2
1747228567057,6.8,0.0,11.0,0.0,0.0,0.2,82.0
1747228569066,5.4,0.0,10.1,0.0,0.0,0.1,84.4
1747228571074,5.1,0.0,9.4,0.0,0.0,0.2,85.3
1747228573085,5.2,0.0,9.7,0.0,0.0,0.1,85.0
1747228575094,5.4,0.0,10.1,0.0,0.0,0.1,84.4
1747228577104,4.8,0.0,9.4,0.0,0.0,0.3,85.5
1747228579125,4.9,0.0,9.4,0.0,0.0,0.2,85.5
1747228581138,4.6,0.0,9.3,0.0,0.0,0.2,85.8
1747228583154,6.3,0.0,10.5,0.0,0.0,0.2,83.0
1747228585165,5.7,0.0,10.2,0.0,0.0,0.2,83.9
1747228587176,5.5,0.0,9.9,0.0,0.0,0.1,84.5
1747228589186,5.2,0.0,10.6,0.0,0.0,0.2,84.0
1747228591196,6.5,0.0,11.4,0.0,0.0,0.1,82.0
1747228593206,7.1,0.0,12.1,0.0,0.0,0.1,80.7
1747228595217,5.4,0.0,9.9,0.0,0.0,0.1,84.6
1747228597226,5.6,0.0,10.0,0.0,0.0,0.1,84.3
1747228599236,6.0,0.0,10.0,0.0,0.0,0.0,84.0
1747228601246,5.4,0.0,10.3,0.0,0.0,0.1,84.2
1747228603256,5.6,0.0,10.1,0.0,0.0,0.2,84.2
1747228605266,5.3,0.0,9.9,0.0,0.0,0.1,84.7
1747228607277,5.8,0.0,10.2,0.0,0.0,0.0,83.9
1747228609288,5.3,0.0,9.9,0.0,0.0,0.1,84.7
1747228611298,5.6,0.0,9.6,0.0,0.0,0.0,84.8
1747228613310,6.0,0.0,10.1,0.0,0.0,0.0,83.9
1747228615321,5.3,0.0,10.6,0.0,0.0,0.1,83.9
1747228617332,6.9,0.0,10.4,0.0,0.0,0.2,82.6
1747228619342,5.5,0.0,10.9,0.0,0.0,0.1,83.5
1747228621351,5.5,0.0,9.7,0.0,0.0,0.0,84.8
1747228623362,5.6,0.0,10.2,0.0,0.0,0.0,84.1
1747228625373,5.5,0.0,9.4,0.0,0.0,0.2,84.9
1747228627383,4.9,0.0,9.8,0.0,0.0,0.1,85.2
1747228629392,5.0,0.0,9.9,0.0,0.0,0.1,85.0
1747228631402,5.6,0.0,10.0,0.0,0.0,0.1,84.3
1747228633413,5.6,0.0,9.7,0.0,0.0,0.2,84.5
1747228635424,5.2,0.0,9.8,0.0,0.0,0.1,85.0
1747228637436,5.1,0.0,9.6,0.0,0.0,0.1,85.3
1747228639446,5.2,0.0,10.7,0.0,0.0,0.0,84.0
1747228641456,5.8,0.0,9.6,0.0,0.0,0.0,84.5
1747228643466,6.0,0.0,9.1,0.0,0.0,0.0,84.8
1747228645475,5.6,0.0,9.8,0.0,0.0,0.1,84.5
1747228647493,5.0,0.0,10.5,0.0,0.0,0.0,84.5
1747228649501,4.3,0.0,10.0,0.0,0.0,0.1,85.6
1747228651516,5.3,0.0,9.9,0.0,0.0,0.0,84.8
1747228653526,5.5,0.0,8.9,0.0,0.0,0.1,85.5
1747228655536,5.5,0.0,9.9,0.0,0.0,0.1,84.5
1747228657547,5.6,0.0,8.7,0.0,0.0,0.1,85.6
1747228659558,5.2,0.0,9.4,0.0,0.0,0.1,85.3
1747228661569,5.2,0.0,9.4,0.0,0.0,0.1,85.2
1747228663579,5.5,0.0,9.9,0.0,0.0,0.1,84.5
1747228665590,5.2,0.0,9.1,0.0,0.0,0.2,85.5
1747228667601,5.5,0.0,10.1,0.0,0.0,0.1,84.4
1747228669611,5.4,0.0,9.6,0.0,0.0,0.1,85.0
1747228671622,6.0,0.0,12.4,0.0,0.0,0.3,81.3
1747228673633,6.4,0.0,11.4,0.0,0.0,0.2,82.0
1747228675643,5.6,0.0,9.2,0.0,0.0,0.1,85.2
1747228677654,6.1,0.0,9.1,0.0,0.0,0.0,84.7
1747228679665,5.6,0.0,10.1,0.0,0.0,0.1,84.2
1747228681676,5.5,0.0,9.7,0.0,0.0,0.2,84.6
1747228683686,5.4,0.0,9.5,0.0,0.0,0.0,85.1
1747228685698,5.4,0.0,9.8,0.0,0.0,0.2,84.6
1747228687709,5.3,0.0,10.6,0.0,0.0,0.1,83.9
1747228689720,5.2,0.0,9.9,0.0,0.0,0.2,84.7
1747228691731,5.4,0.0,9.7,0.0,0.0,0.1,84.8
1747228693742,5.0,0.0,10.8,0.0,0.0,0.0,84.1
1747228695753,6.5,0.0,9.7,0.0,0.0,0.1,83.8
1747228697764,6.6,0.0,10.1,0.0,0.0,0.1,83.2
1747228699775,6.3,0.0,9.8,0.0,0.0,0.1,83.7
1747228701786,5.5,0.0,9.5,0.0,0.0,0.2,84.8
1747228703797,5.1,0.0,10.3,0.0,0.0,0.1,84.5
1747228705809,6.1,0.0,9.4,0.0,0.0,0.2,84.3
1747228707819,5.9,0.0,9.3,0.0,0.0,0.1,84.7
1747228709830,5.7,0.0,9.3,0.0,0.0,0.1,84.9
1747228711841,5.7,0.0,9.6,0.0,0.0,0.1,84.7
1747228713851,6.0,0.0,9.7,0.0,0.0,0.1,84.2
1747228715862,5.0,0.0,10.7,0.0,0.0,0.1,84.1
1747228717872,5.3,0.0,10.5,0.0,0.0,0.1,84.1
1747228719882,5.9,0.0,9.9,0.0,0.0,0.1,84.2
1747228721894,5.4,0.0,10.0,0.0,0.0,0.0,84.6
1747228723905,5.1,0.0,10.4,0.0,0.0,0.1,84.5
1747228725916,5.5,0.0,10.4,0.0,0.0,0.3,83.8
1747228727924,5.4,0.0,11.3,0.0,0.0,0.2,83.1
1747228729936,5.2,0.0,9.8,0.0,0.0,0.3,84.7
1747228731950,5.7,0.0,9.8,0.0,0.0,0.1,84.3
1747228733959,5.6,0.0,9.8,0.0,0.0,0.2,84.4
1747228735970,5.6,0.0,11.0,0.0,0.0,0.4,83.0
1747228737981,5.4,0.0,10.4,0.0,0.0,0.0,84.1
1747228739990,5.9,0.0,10.0,0.0,0.0,0.1,84.0
1747228742001,5.2,0.0,11.1,0.0,0.0,0.1,83.6
1747228744012,5.6,0.0,11.6,0.0,0.0,0.1,82.8
1747228746022,5.8,0.0,9.9,0.0,0.0,0.1,84.2
1747228748033,5.6,0.0,10.5,0.0,0.0,0.1,83.8
1747228750044,5.5,0.0,11.1,0.0,0.0,0.1,83.3
1747228752055,6.3,0.0,10.9,0.0,0.0,0.1,82.7
1747228754066,6.4,0.0,10.7,0.0,0.0,0.1,82.9
1747228756077,6.4,0.0,11.0,0.0,0.0,0.0,82.5
1747228758087,5.3,0.0,10.8,0.0,0.0,0.1,83.8
1747228760098,6.0,0.0,10.2,0.0,0.0,0.2,83.7
1747228762109,5.7,0.0,9.8,0.0,0.0,0.1,84.3
1747228764119,5.5,0.0,10.0,0.0,0.0,0.1,84.4
1747228766130,5.6,0.0,9.5,0.0,0.0,0.1,84.8
1747228768141,5.6,0.0,10.1,0.0,0.0,0.1,84.2
1747228770152,5.6,0.0,9.6,0.0,0.0,0.1,84.6
1747228772162,5.7,0.0,9.4,0.0,0.0,0.0,84.8
1747228774172,5.2,0.0,10.1,0.0,0.0,0.1,84.6
1747228776183,5.8,0.0,10.0,0.0,0.0,0.1,84.1
1747228778192,6.0,0.0,10.0,0.0,0.0,0.1,83.9
1747228780203,6.1,0.0,10.1,0.0,0.0,0.2,83.7
1747228782214,5.9,0.0,9.8,0.0,0.0,0.0,84.3
1747228784226,5.8,0.0,10.2,0.0,0.0,0.2,83.9
1747228786237,5.7,0.0,9.5,0.0,0.0,0.1,84.7
1747228788247,5.5,0.0,10.3,0.0,0.0,0.1,84.1
1747228790257,5.2,0.0,10.9,0.0,0.0,0.2,83.7
1747228792266,5.3,0.0,10.9,0.0,0.0,0.2,83.5
1747228794276,6.5,0.0,9.9,0.0,0.0,0.2,83.4
1747228796283,5.3,0.0,9.7,0.0,0.0,0.2,84.8
1747228798301,4.9,0.0,10.2,0.0,0.0,0.2,84.8
1747228800312,5.5,0.0,10.5,0.0,0.0,0.2,83.8
1747228802322,5.8,0.0,9.9,0.0,0.0,0.1,84.2
1747228804336,5.4,0.0,9.7,0.0,0.0,0.1,84.9
1747228806346,6.1,0.0,10.4,0.0,0.0,0.0,83.5
1747228808359,6.7,0.0,12.3,0.0,0.0,0.0,81.0
1747228810370,6.7,0.0,9.6,0.0,0.0,0.3,83.4
1747228812385,8.0,0.0,13.2,0.0,0.0,0.1,78.7
1747228814396,7.8,0.0,12.0,0.0,0.0,0.1,80.0
1747228816408,8.4,0.0,11.6,0.0,0.0,0.1,79.9
1747228818419,7.9,0.0,11.9,0.0,0.0,0.2,80.0
1747228820437,7.5,0.0,11.8,0.0,0.0,0.1,80.6
1747228822448,7.7,0.0,11.5,0.0,0.0,0.1,80.7
1747228824460,8.1,0.0,11.4,0.0,0.0,0.2,80.3
1747228826472,7.7,0.0,12.0,0.0,0.0,0.1,80.1
1747228828484,7.0,0.0,11.9,0.0,0.0,0.1,80.9
1747228830495,7.3,0.0,11.3,0.0,0.0,0.2,81.2
1747228832507,6.8,0.0,12.2,0.0,0.0,0.3,80.7
1747228834518,7.8,0.0,12.0,0.0,0.0,0.1,80.0
1747228836530,5.5,0.0,9.3,0.0,0.0,0.2,84.9
1747228838541,5.9,0.0,9.4,0.0,0.0,0.2,84.5
1747228840552,5.2,0.0,9.9,0.0,0.0,0.1,84.7
1747228842564,6.1,0.0,9.2,0.0,0.0,0.1,84.6
1747228844575,6.1,0.0,10.3,0.0,0.0,0.1,83.5
1747228846586,5.5,0.0,10.3,0.0,0.0,0.1,84.2
1747228848596,5.9,0.0,10.2,0.0,0.0,0.1,83.8
1747228850606,5.8,0.0,10.7,0.0,0.0,0.3,83.2
1747228852618,0.1,0.0,0.2,0.0,0.0,0.0,99.6
1747228854628,5.8,0.0,11.1,0.0,0.0,0.1,82.9
1747228856639,5.9,0.0,10.2,0.0,0.0,0.1,83.8
1747228858649,6.2,0.0,10.8,0.0,0.0,0.0,82.9
1747228860658,0.0,0.0,0.0,0.0,0.0,0.0,0.0
1747228862679,7.5,0.0,12.7,0.0,0.0,0.1,79.7
1747228864690,7.3,0.0,12.6,0.0,0.0,0.3,79.7
1747228866705,7.5,0.0,12.2,0.0,0.0,0.1,80.1
1747228868720,7.2,0.0,12.4,0.0,0.0,0.1,80.2
1747228870734,6.7,0.0,10.8,0.0,0.0,0.2,82.3
1747228872745,7.4,0.0,11.0,0.0,0.0,0.1,81.5
1747228874759,7.6,0.0,11.9,0.0,0.0,0.1,80.4
1747228876771,8.0,0.0,12.2,0.0,0.0,0.1,79.7
1747228878783,7.1,0.0,11.1,0.0,0.0,0.2,81.6
1747228880793,7.2,0.0,11.6,0.0,0.0,0.2,81.0
1747228882805,7.9,0.0,11.0,0.0,0.0,0.1,81.0
1747228884816,8.1,0.0,12.0,0.0,0.0,0.2,79.7
1747228886827,6.5,0.0,9.3,0.0,0.0,0.3,83.9
1747228888838,6.0,0.0,9.5,0.0,0.0,0.2,84.3
1747228890849,6.0,0.0,9.5,0.0,0.0,0.2,84.3
1747228892860,5.7,0.0,10.6,0.0,0.0,0.2,83.5
1747228894870,0.1,0.0,0.2,0.0,0.0,0.0,99.7
1747228896880,5.6,0.0,10.8,0.0,0.0,0.2,83.4
1747228898890,5.7,0.0,11.0,0.0,0.0,0.0,83.3
1747228900901,6.0,0.0,11.0,0.0,0.0,0.0,82.9
1747228902912,0.0,0.0,0.0,0.0,0.0,0.0,0.0
1747228904922,7.4,0.0,14.0,0.0,0.0,0.1,78.4
1747228906934,7.9,0.0,12.5,0.0,0.0,0.1,79.5
1747228908945,7.8,0.0,12.8,0.0,0.0,0.1,79.3
1747228910956,0.0,0.0,0.0,0.0,0.0,0.0,0.0
1747228912966,7.1,0.0,12.5,0.0,0.0,0.1,80.3
1747228914977,8.0,0.0,12.0,0.0,0.0,0.1,79.9
1747228916987,7.3,0.0,12.7,0.0,0.0,0.1,79.9
1747228918999,7.6,0.0,13.0,0.0,0.0,0.2,79.3
1747228921011,5.6,0.0,9.2,0.0,0.0,0.1,85.1
1747228923021,5.9,0.0,9.3,0.0,0.0,0.0,84.8
1747228925030,5.5,0.0,9.8,0.0,0.0,0.1,84.6
1747228927037,6.1,0.0,9.7,0.0,0.0,0.2,84.0
1747228929047,5.8,0.0,10.5,0.0,0.0,0.3,83.3
1747228931054,5.9,0.0,10.1,0.0,0.0,0.2,83.8
1747228933063,5.8,0.0,10.3,0.0,0.0,0.1,83.8
1747228935073,5.8,0.0,11.3,0.0,0.0,0.2,82.7
1747228937086,5.4,0.0,10.4,0.0,0.0,0.1,84.1
1747228939103,5.3,0.0,9.7,0.0,0.0,0.1,85.0
1747228941113,5.6,0.0,10.1,1.9,0.0,0.1,82.4
1747228943121,6.5,0.0,9.9,0.0,0.0,0.0,83.6
1747228945130,5.8,0.0,10.3,0.0,0.0,0.2,83.7
1747228947139,5.3,0.0,10.2,3.8,0.0,0.1,80.6
1747228949151,5.9,0.0,10.2,0.0,0.0,0.1,83.8
1747228951162,5.9,0.0,11.1,0.0,0.0,0.2,82.9
1747228953173,5.9,0.0,10.2,0.0,0.0,0.2,83.8
1747228955184,5.4,0.0,11.4,0.0,0.0,0.1,83.1
1747228957193,5.9,0.0,11.0,0.0,0.0,0.2,82.9
1747228959202,6.9,0.0,10.9,0.0,0.0,0.2,82.0
1747228961213,6.1,0.0,10.0,0.0,0.0,0.1,83.8
1747228963223,5.8,0.0,10.0,0.0,0.0,0.2,84.0
1747228965234,5.8,0.0,10.2,0.0,0.0,0.3,83.7
1747228967245,5.5,0.0,11.1,0.0,0.0,0.2,83.2
1747228969256,5.9,0.0,10.1,0.0,0.0,0.2,83.7
1747228971266,5.6,0.0,10.0,0.0,0.0,0.1,84.2
1747228973277,5.8,0.0,10.1,0.0,0.0,0.0,84.2
1747228975287,5.8,0.0,10.7,0.0,0.0,0.5,83.0
1747228977299,5.5,0.0,10.1,0.0,0.0,0.2,84.2
1747228979308,5.6,0.0,10.3,0.0,0.0,0.1,84.0
1747228981320,5.9,0.0,10.2,0.0,0.0,0.2,83.8
1747228983330,6.2,0.0,11.3,0.0,0.0,0.2,82.3
1747228985339,6.2,0.0,9.8,0.0,0.0,0.3,83.6
1747228987350,5.9,0.0,10.2,0.0,0.0,0.1,83.8
1747228989360,5.5,0.0,10.0,0.0,0.0,0.1,84.4
1747228991371,5.9,0.0,10.6,0.0,0.0,0.2,83.3
1747228993382,5.8,0.0,10.3,0.0,0.0,0.2,83.6
1747228995392,5.3,0.0,11.2,0.0,0.0,0.3,83.2
1747228997403,5.3,0.0,10.9,0.0,0.0,0.2,83.6
1747228999415,5.9,0.0,10.3,0.0,0.0,0.1,83.6
1747229001424,6.2,0.0,10.4,0.0,0.0,0.1,83.4
1747229003433,5.3,0.0,10.6,0.0,0.0,0.1,84.0
1747229005445,5.5,0.0,10.1,0.0,0.0,0.2,84.2
1747229007455,6.2,0.0,10.5,0.0,0.0,0.1,83.2
1747229009465,6.7,0.0,10.7,0.0,0.0,0.1,82.5
1747229011476,5.9,0.0,10.8,0.0,0.0,0.0,83.3
1747229013512,6.2,0.0,9.9,0.0,0.0,0.2,83.7
1747229015523,5.1,0.0,11.1,0.0,0.0,0.2,83.5
1747229017532,6.2,0.0,9.3,0.0,0.0,0.2,84.4
1747229019541,5.6,0.0,9.4,0.0,0.0,0.1,84.9
1747229021552,5.5,0.0,9.9,0.0,0.0,0.2,84.4
1747229023563,5.5,0.0,10.6,0.0,0.0,0.2,83.7
1747229025572,5.9,0.0,10.5,0.0,0.0,0.2,83.3
1747229027583,5.7,0.0,9.8,0.0,0.0,0.2,84.2
1747229029594,5.4,0.0,9.9,0.0,0.0,0.1,84.6
1747229031606,6.0,0.0,10.5,0.0,0.0,0.0,83.5
1747229033617,6.3,0.0,10.0,0.0,0.0,0.1,83.5
1747229035629,5.9,0.0,9.6,0.0,0.0,0.1,84.4
1747229037640,6.0,0.0,9.9,0.0,0.0,0.1,84.0
1747229039652,7.0,0.0,10.5,0.0,0.0,0.1,82.5
1747229041661,6.9,0.0,10.4,0.0,0.0,0.1,82.6
1747229043672,5.9,0.0,10.8,0.0,0.0,0.2,83.1
1747229045683,5.7,0.0,10.3,0.0,0.0,0.1,83.9
1747229047694,5.6,0.0,10.7,0.0,0.0,0.1,83.7
1747229049705,6.7,0.0,10.4,0.0,0.0,0.3,82.6
1747229051716,5.3,0.0,11.0,0.0,0.0,0.2,83.5
1747229053727,5.7,0.0,10.5,0.0,0.0,0.2,83.5
1747229055738,5.3,0.0,10.7,0.0,0.0,0.2,83.8
1747229057749,6.5,0.0,10.0,0.0,0.0,0.1,83.3
1747229059761,5.8,0.0,10.0,0.0,0.0,0.2,84.1
1747229061771,5.7,0.0,10.5,0.0,0.0,0.2,83.6
1747229063782,5.6,0.0,10.8,0.0,0.0,0.1,83.5
1747229065792,6.9,0.0,10.5,0.0,0.0,0.1,82.5
1747229067804,6.3,0.0,11.8,0.0,0.0,0.0,81.9
1747229069815,5.5,0.0,10.1,0.0,0.0,0.1,84.3
1747229071826,5.7,0.0,10.0,0.0,0.0,0.1,84.2
1747229073837,6.5,0.0,9.8,0.0,0.0,0.2,83.5
1747229075848,5.6,0.0,10.4,0.0,0.0,0.2,83.8
1747229077859,5.4,0.0,11.9,0.0,0.0,0.2,82.5
1747229079870,5.4,0.0,10.6,0.0,0.0,0.0,84.0
1747229081881,6.6,0.0,9.9,0.0,0.0,0.1,83.4
1747229083891,5.6,0.0,10.3,0.0,0.0,0.1,84.0
1747229085900,5.5,0.0,10.2,0.0,0.0,0.2,84.2
1747229087907,5.2,0.0,10.2,0.0,0.0,0.2,84.4
1747229089926,6.5,0.0,11.2,0.0,0.0,0.1,82.2
1747229091944,5.9,0.0,9.6,0.0,0.0,0.0,84.5
1747229093953,6.1,0.0,9.9,0.0,0.0,0.1,83.8
1747229095964,5.4,0.0,9.8,0.0,0.0,0.2,84.6
1747229097975,6.8,0.0,10.5,0.0,0.0,0.1,82.6
1747229099987,6.0,0.0,10.0,0.2,0.0,0.2,83.6
1747229101997,5.7,0.0,10.4,0.0,0.0,0.0,83.9
1747229104007,5.7,0.0,10.6,0.0,0.0,0.1,83.7
1747229106016,6.6,0.0,11.4,0.0,0.0,0.1,82.0
1747229108024,5.8,0.0,10.7,0.0,0.0,0.0,83.5
1747229110034,5.7,0.0,10.3,0.0,0.0,0.1,83.9
1747229112046,5.5,0.0,10.2,0.0,0.0,0.0,84.2
1747229114057,7.9,0.0,11.1,0.0,0.0,0.2,80.9
1747229116069,6.4,0.0,10.2,0.0,0.0,0.2,83.2
1747229118081,6.5,0.0,11.1,0.0,0.0,0.1,82.3
1747229120092,6.1,0.0,10.4,0.0,0.0,0.1,83.4
1747229122103,7.1,0.0,10.3,0.0,0.0,0.2,82.4
1747229124113,6.1,0.0,9.9,0.0,0.0,0.1,83.8
1747229126124,6.0,0.0,10.2,0.0,0.0,0.4,83.4
1747229128135,5.2,0.0,10.5,0.0,0.0,0.1,84.2
1747229130146,7.0,0.0,10.5,0.0,0.0,0.1,82.4
1747229132157,5.6,0.0,10.5,0.0,0.0,0.1,83.8
1747229134168,5.7,0.0,11.2,0.0,0.0,0.0,83.0
1747229136179,5.8,0.0,11.3,0.0,0.0,0.2,82.8
1747229138191,7.0,0.0,11.3,0.0,0.0,0.1,81.7
1747229140202,6.9,0.0,12.2,0.0,0.0,0.0,80.8
1747229142213,6.3,0.0,10.8,0.0,0.0,0.1,82.8
1747229144224,6.2,0.0,10.2,0.0,0.0,0.2,83.5
1747229146235,6.3,0.0,10.5,0.0,0.0,0.1,83.0
1747229148244,5.4,0.0,10.9,0.0,0.0,0.1,83.6
1747229150255,6.1,0.0,9.8,0.0,0.0,0.2,83.9
1747229152265,5.5,0.0,10.5,0.0,0.0,0.1,83.9
1747229154275,0.0,0.0,0.0,0.0,0.0,0.0,0.0
1747229156292,6.8,0.0,11.1,0.0,0.0,0.2,81.9
1747229158320,8.0,0.0,13.2,0.0,0.0,0.0,78.8
1747229160331,8.2,0.0,12.2,0.0,0.0,0.2,79.5
1747229162343,8.4,0.0,13.9,0.0,0.0,0.0,77.6
1747229164359,7.8,0.0,11.6,0.0,0.0,0.2,80.3
1747229166373,7.7,0.0,12.3,0.0,0.0,0.2,79.8
1747229168385,8.5,0.0,12.1,0.0,0.0,0.1,79.3
1747229170396,9.0,0.0,13.1,0.0,0.0,0.0,77.9
1747229172407,8.9,0.0,11.4,0.0,0.0,0.1,79.5
1747229174418,7.4,0.0,12.3,0.0,0.0,0.2,80.1
1747229176429,7.4,0.0,12.1,0.0,0.0,0.1,80.3
1747229178441,8.0,0.0,11.5,0.0,0.0,0.0,80.5
1747229180451,0.0,0.0,0.0,0.0,0.0,0.0,100.0
1747229182462,6.0,0.0,9.3,0.0,0.0,0.1,84.6
1747229184473,5.9,0.0,9.6,0.0,0.0,0.1,84.4
1747229186483,5.9,0.0,9.5,0.0,0.0,0.1,84.5
1747229188494,0.2,0.0,0.3,0.0,0.0,0.0,99.5
1747229190504,5.9,0.0,9.8,0.0,0.0,0.1,84.2
1747229192515,5.5,0.0,10.8,0.0,0.0,0.1,83.6
1747229194526,6.0,0.0,10.5,0.0,0.0,0.2,83.3
1747229196537,6.2,0.0,10.1,0.0,0.0,0.2,83.6
1747229198547,6.1,0.0,10.3,0.0,0.0,0.1,83.5
1747229200558,6.6,0.0,10.6,0.0,0.0,0.2,82.7
1747229202568,6.0,0.0,11.5,0.0,0.0,0.1,82.4
1747229204579,6.0,0.0,11.5,0.0,0.0,0.2,82.3
1747229206589,6.1,0.0,12.3,0.0,0.0,0.1,81.5
1747229208599,5.9,0.0,11.8,0.0,0.0,0.1,82.2
1747229210609,6.0,0.0,11.1,0.0,0.0,0.2,82.7
1747229212620,6.1,0.0,11.3,0.0,0.0,0.1,82.4
1747229214631,6.3,0.0,10.8,0.0,0.0,0.2,82.6
1747229216640,6.2,0.0,10.5,0.0,0.0,0.1,83.1
1747229218649,6.9,0.0,11.1,0.0,0.0,0.1,81.9
1747229220660,6.9,0.0,11.3,0.0,0.0,0.2,81.7
1747229222669,6.3,0.0,11.2,0.0,0.0,0.1,82.3
1747229224680,6.4,0.0,11.7,0.0,0.0,0.1,81.8
1747229226688,6.5,0.0,10.9,0.0,0.0,0.1,82.5
1747229228696,6.9,0.0,11.1,0.0,0.0,0.3,81.8
1747229230706,5.8,0.0,12.0,0.0,0.0,0.1,82.0
1747229232720,5.5,0.0,11.9,0.0,0.0,0.1,82.5
1747229234734,7.0,0.0,9.9,0.0,0.0,0.1,83.1
1747229236750,6.2,0.0,11.3,0.0,0.0,0.2,82.4
1747229238760,5.6,0.0,11.4,0.0,0.0,0.2,82.7
1747229240770,6.3,0.0,11.7,0.0,0.0,0.2,81.8
1747229242782,6.8,0.0,12.3,0.0,0.0,0.0,80.8
1747229244793,6.6,0.0,12.2,0.0,0.0,0.1,81.2
1747229246804,7.6,0.0,12.0,0.0,0.0,0.2,80.2
1747229248815,6.7,0.0,11.3,0.0,0.0,0.1,81.9
1747229250825,6.8,0.0,11.4,0.0,0.0,0.2,81.6
1747229252836,6.4,0.0,11.4,0.0,0.0,0.1,82.1
1747229254846,6.2,0.0,11.7,0.0,0.0,0.1,82.0
1747229256856,6.2,0.0,11.9,0.0,0.0,0.1,81.9
1747229258867,6.0,0.0,11.7,0.0,0.0,0.1,82.2
1747229260877,6.3,0.0,11.9,0.0,0.0,0.3,81.5
1747229262888,6.2,0.0,11.7,0.0,0.0,0.1,82.0
1747229264898,5.9,0.0,12.3,0.0,0.0,0.2,81.6
1747229266909,7.0,0.0,11.8,0.0,0.0,0.1,81.2
1747229268920,7.8,0.0,12.8,0.0,0.0,0.1,79.2
1747229270931,10.1,0.0,13.8,0.0,0.0,0.2,75.9
1747229272940,9.1,0.0,14.2,0.0,0.0,0.1,76.6
1747229274951,8.8,0.0,14.3,0.0,0.0,0.2,76.7
1747229276963,9.9,0.0,14.7,0.0,0.0,0.2,75.2
1747229278974,0.0,0.0,0.0,0.0,0.0,0.0,0.0
1747229280985,8.7,0.0,14.0,0.0,0.0,0.2,77.0
1747229282996,8.4,0.0,13.6,0.0,0.0,0.1,77.9
1747229285007,8.4,0.0,13.4,0.0,0.0,0.2,78.0
1747229287020,0.0,0.0,0.0,0.0,0.0,0.0,0.0
1747229289033,8.5,0.0,11.9,0.0,0.0,0.1,79.5
1747229291046,8.0,0.0,12.3,0.0,0.0,0.2,79.5
1747229293059,7.9,0.0,12.1,0.0,0.0,0.0,80.0
1747229295072,0.1,0.0,0.1,0.0,0.0,0.0,99.8
1747229297082,5.9,0.0,9.6,0.0,0.0,0.2,84.3
1747229299092,5.7,0.0,9.8,0.0,0.0,0.1,84.5
1747229301101,5.5,0.0,9.5,0.0,0.0,0.3,84.8
1747229303112,6.3,0.0,9.2,0.0,0.0,0.1,84.4
1747229305124,5.7,0.0,11.8,0.0,0.0,0.3,82.2
1747229307134,6.9,0.0,10.4,0.0,0.0,0.2,82.5
1747229309144,6.6,0.0,11.2,0.0,0.0,0.0,82.2
1747229311155,5.7,0.0,11.1,0.0,0.0,0.3,82.9
1747229313165,5.8,0.0,11.8,0.0,0.0,0.1,82.2
1747229315175,6.0,0.0,11.4,0.0,0.0,0.3,82.2
1747229317186,6.7,0.0,11.3,0.0,0.0,0.0,82.0
1747229319197,6.1,0.0,11.8,0.0,0.0,0.1,82.1
1747229321206,5.9,0.0,11.2,0.0,0.0,0.3,82.6
1747229323218,6.0,0.0,10.9,0.0,0.0,0.0,83.0
1747229325228,6.3,0.0,10.3,0.0,0.0,0.3,83.0
1747229327239,6.3,0.0,11.9,0.0,0.0,0.1,81.7
1747229329250,6.2,0.0,10.7,0.0,0.0,0.1,83.0
1747229331260,5.7,0.0,11.1,0.0,0.0,0.3,82.8
1747229333270,6.2,0.0,10.6,0.0,0.0,0.1,83.0
1747229335282,6.2,0.0,10.9,0.0,0.0,0.2,82.7
1747229337291,6.5,0.0,10.6,0.0,0.0,0.1,82.8
1747229339303,6.2,0.0,11.4,0.0,0.0,0.1,82.3
1747229341313,5.7,0.0,11.7,0.0,0.0,0.1,82.5
1747229343322,6.2,0.0,11.3,0.0,0.0,0.1,82.3
1747229345333,7.0,0.0,10.6,0.0,0.0,0.0,82.4
1747229347342,6.5,0.0,11.0,0.0,0.0,0.1,82.4
1747229349351,6.5,0.0,10.9,0.0,0.0,0.2,82.4
1747229351360,6.7,0.0,11.2,0.0,0.0,0.4,81.7
1747229353371,9.8,0.0,13.1,0.0,0.0,0.1,76.9
1747229355418,7.7,0.0,12.9,0.0,0.0,0.2,79.2
1747229357441,8.2,0.0,12.7,0.0,0.0,0.2,78.9
1747229359458,8.8,0.0,12.4,0.0,0.0,0.1,78.7
1747229361474,0.0,0.0,0.0,0.0,0.0,0.0,0.0
1747229363488,8.3,0.0,12.5,0.0,0.0,0.2,79.0
1747229365500,8.2,0.0,12.8,0.0,0.0,0.1,78.9
1747229367514,8.7,0.0,11.8,0.0,0.0,0.2,79.2
1747229369529,8.2,0.0,13.5,0.0,0.0,0.0,78.3
1747229371543,6.7,0.0,9.3,0.0,0.0,0.2,83.8
1747229373552,6.3,0.0,9.7,0.0,0.0,0.2,83.8
1747229375562,6.3,0.0,9.8,0.0,0.0,0.1,83.9
1747229377572,7.0,0.0,10.2,0.0,0.0,0.1,82.8
1747229379582,7.0,0.0,10.0,0.0,0.0,0.2,82.8
1747229381592,6.8,0.0,10.6,0.0,0.0,0.1,82.5
1747229383604,6.9,0.0,10.3,0.0,0.0,0.2,82.5
1747229385614,6.7,0.0,11.7,0.0,0.0,0.1,81.5
1747229387625,7.3,0.0,11.0,0.0,0.0,0.0,81.7
1747229389635,6.4,0.0,11.7,0.0,0.0,0.0,81.9
1747229391644,7.0,0.0,11.1,0.0,0.0,0.2,81.7
1747229393655,7.0,0.0,11.6,0.0,0.0,0.1,81.3
1747229395666,6.1,0.0,11.3,0.0,0.0,0.1,82.5
1747229397677,7.0,0.0,10.8,0.0,0.0,0.2,81.9
1747229399687,6.6,0.0,11.8,0.0,0.0,0.1,81.6
1747229401698,7.2,0.0,11.7,0.0,0.0,0.2,80.9
1747229403707,6.5,0.0,11.9,0.0,0.0,0.2,81.4
1747229405718,6.7,0.0,12.1,0.0,0.0,0.1,81.0
1747229407727,6.7,0.0,11.7,0.0,0.0,0.2,81.4
1747229409738,6.3,0.0,12.6,0.0,0.0,0.2,80.9
1747229411749,6.9,0.0,11.2,0.0,0.0,0.2,81.7
1747229413758,6.3,0.0,12.1,0.0,0.0,0.2,81.4
1747229415770,6.4,0.0,12.2,0.0,0.0,0.1,81.3
1747229417780,6.4,0.0,12.1,0.0,0.0,0.2,81.3
1747229419790,6.3,0.0,12.3,0.0,0.0,0.2,81.2
1747229421799,6.8,0.0,13.0,0.0,0.0,0.2,80.0
1747229423808,5.9,0.0,12.8,0.0,0.0,0.2,81.1
1747229425819,6.4,0.0,12.8,0.0,0.0,0.3,80.5
1747229427830,7.0,0.0,12.2,0.0,0.0,0.4,80.4
1747229429843,6.1,0.0,11.2,0.0,0.0,0.1,82.7
1747229431859,5.4,0.0,11.9,0.0,0.0,0.1,82.6
1747229433869,6.9,0.0,11.1,0.0,0.0,0.1,82.0
1747229435881,7.4,0.0,10.3,0.0,0.0,0.2,82.2
1747229437893,6.1,0.0,10.9,0.0,0.0,0.0,83.0
1747229439903,6.4,0.0,11.4,0.0,0.0,0.0,82.2
1747229441914,6.2,0.0,10.9,0.0,0.0,0.2,82.8
1747229443924,6.5,0.0,10.5,0.0,0.0,0.3,82.7
1747229445937,8.2,0.0,14.3,0.0,0.0,0.1,77.5
1747229447950,8.7,0.0,13.1,0.0,0.0,0.0,78.1
1747229449962,9.5,0.0,13.1,0.0,0.0,0.1,77.3
1747229451973,0.0,0.0,0.0,0.0,0.0,0.0,0.0
1747229453984,8.8,0.0,13.4,0.0,0.0,0.2,77.6
1747229455995,8.9,0.0,13.4,0.0,0.0,0.2,77.5
1747229458007,9.0,0.0,13.4,0.0,0.0,0.1,77.5
1747229460018,9.0,0.0,14.1,0.0,0.0,0.2,76.7
1747229462029,8.0,0.0,11.1,0.0,0.0,0.1,80.8
1747229464038,8.3,0.0,13.0,0.0,0.0,0.2,78.5
1747229466049,8.6,0.0,12.2,0.0,0.0,0.2,79.0
1747229468060,8.4,0.0,13.6,0.0,0.0,0.1,77.8
1747229470071,6.9,0.0,9.7,0.0,0.0,0.1,83.2
1747229472082,6.1,0.0,9.8,0.0,0.0,0.1,84.0
1747229474094,6.2,0.0,9.7,0.0,0.0,0.1,83.9
1747229476105,5.9,0.0,10.8,0.0,0.0,0.1,83.3
1747229478117,7.3,0.0,10.3,0.0,0.0,0.1,82.2
1747229480128,6.0,0.0,10.5,0.0,0.0,0.0,83.5
1747229482140,6.2,0.0,11.1,0.0,0.0,0.1,82.7
1747229484150,7.0,0.0,11.1,0.0,0.0,0.2,81.8
1747229486161,0.2,0.0,0.3,0.0,0.0,0.0,99.5
1747229488172,7.1,0.0,11.4,0.0,0.0,0.0,81.5
1747229490182,6.9,0.0,11.7,0.0,0.0,0.1,81.3
1747229492191,6.7,0.0,12.0,0.0,0.0,0.0,81.3
1747229494202,0.2,0.0,0.2,0.0,0.0,0.0,99.6
1747229496213,6.8,0.0,11.1,0.0,0.0,0.1,82.0
1747229498222,6.1,0.0,12.2,0.0,0.0,0.0,81.7
1747229500232,6.6,0.0,12.0,0.0,0.0,0.0,81.4
1747229502241,7.2,0.0,11.5,0.0,0.0,0.1,81.2
1747229504252,6.5,0.0,11.5,0.0,0.0,0.1,81.9
1747229506262,6.7,0.0,11.3,0.0,0.0,0.1,81.8
1747229508276,6.2,0.0,12.0,0.0,0.0,0.1,81.7
1747229510285,7.2,0.0,11.8,0.0,0.0,0.1,80.9
1747229512294,6.5,0.0,11.8,0.0,0.0,0.0,81.7
1747229514308,7.2,0.0,12.4,0.0,0.0,0.1,80.3
1747229516320,7.7,0.0,12.6,0.0,0.0,0.1,79.6
1747229518331,8.1,0.0,11.9,0.0,0.0,0.0,80.0
1747229520343,6.5,0.0,11.8,0.0,0.0,0.1,81.6
1747229522356,6.2,0.0,11.8,0.0,0.0,0.1,81.9
1747229524369,6.9,0.0,11.7,0.0,0.0,0.1,81.2
1747229526379,7.5,0.0,11.8,0.0,0.0,0.2,80.5
1747229528391,7.0,0.0,12.2,0.0,0.0,0.0,80.8
1747229530402,6.2,0.0,13.8,0.0,0.0,0.1,79.9
1747229532413,7.2,0.0,12.6,0.0,0.0,0.0,80.2
1747229534423,7.5,0.0,12.2,0.0,0.0,0.1,80.3
1747229536434,6.7,0.0,12.2,0.0,0.0,0.2,80.9
1747229538446,7.0,0.0,12.3,0.0,0.0,0.1,80.6
1747229540456,6.6,0.0,12.8,0.0,0.0,0.0,80.6
1747229542467,8.0,0.0,11.3,0.0,0.0,0.0,80.7
1747229544478,6.4,0.0,12.1,0.0,0.0,0.2,81.3
1747229546489,6.8,0.0,11.1,0.0,0.0,0.2,81.9
1747229548500,6.8,0.0,11.8,0.0,0.0,0.1,81.4
1747229550509,7.1,0.0,11.0,0.0,0.0,0.0,81.9
1747229552519,6.3,0.0,11.3,0.0,0.0,0.1,82.3
1747229554530,6.3,0.0,12.1,0.0,0.0,0.0,81.6
1747229556540,6.3,0.0,11.9,0.0,0.0,0.1,81.7
1747229558550,6.7,0.0,11.9,0.0,0.0,0.1,81.2
1747229560561,6.4,0.0,12.0,0.0,0.0,0.0,81.5
1747229562571,7.2,0.0,12.1,0.0,0.0,0.1,80.6
1747229564581,7.5,0.0,11.7,0.0,0.0,0.0,80.8
1747229566592,8.5,0.0,13.1,0.0,0.0,0.1,78.2
1747229568599,6.5,0.0,11.1,0.0,0.0,0.1,82.3
1747229570607,6.3,0.0,11.5,0.0,0.0,0.1,82.0
1747229572617,7.0,0.0,10.7,0.0,0.0,0.1,82.2
1747229574627,7.3,0.0,11.3,0.0,0.0,0.1,81.3
1747229576644,6.0,0.0,11.4,0.0,0.0,0.1,82.5
1747229578656,6.2,0.0,10.5,0.0,0.0,0.1,83.3
1747229580676,6.3,0.0,11.6,0.0,0.0,0.1,82.1
1747229582686,7.5,0.0,12.2,0.0,0.0,0.0,80.2
1747229584697,6.6,0.0,11.9,0.0,0.0,0.0,81.5
1747229586707,7.3,0.0,12.1,0.0,0.0,0.1,80.4
1747229588719,7.6,0.0,12.2,0.0,0.0,0.2,80.0
1747229590731,8.3,0.0,12.5,0.0,0.0,0.0,79.2
1747229592742,7.5,0.0,11.4,0.0,0.0,0.0,81.0
1747229594753,7.1,0.0,11.7,0.0,0.0,0.1,81.2
1747229596764,7.2,0.0,12.2,0.0,0.0,0.0,80.6
1747229598775,0.0,0.0,0.0,0.0,0.0,0.0,0.0
1747229600786,10.4,0.0,15.7,0.0,0.0,0.0,73.9
1747229602798,10.0,0.0,15.6,0.0,0.0,0.1,74.3
1747229604809,10.1,0.0,15.2,0.0,0.0,0.1,74.7
1747229606820,0.0,0.0,0.0,0.0,0.0,0.0,0.0
1747229608829,9.3,0.0,15.2,0.0,0.0,0.1,75.4
1747229610842,8.9,0.0,15.1,0.0,0.0,0.1,75.8
1747229612856,9.9,0.0,15.0,0.0,0.0,0.1,75.0
1747229614867,9.6,0.0,14.8,0.0,0.0,0.0,75.6
1747229616878,9.4,0.0,13.9,0.0,0.0,0.1,76.7
1747229618888,9.4,0.0,14.2,0.0,0.0,0.0,76.3
1747229620899,9.2,0.0,14.0,0.0,0.0,0.1,76.7
1747229622911,10.0,0.0,13.9,0.0,0.0,0.1,75.9
1747229624923,6.5,0.0,10.1,0.0,0.0,0.1,83.2
1747229626933,6.5,0.0,10.7,0.0,0.0,0.1,82.7
1747229628942,6.0,0.0,11.0,0.0,0.0,0.1,82.9
1747229630952,6.8,0.0,11.3,0.0,0.0,0.2,81.7
1747229632961,6.4,0.0,11.2,0.0,0.0,0.1,82.3
1747229634969,6.5,0.0,11.7,0.0,0.0,0.1,81.7
1747229636978,6.2,0.0,11.8,0.0,0.0,0.0,82.0
1747229638987,6.7,0.0,12.5,0.0,0.0,0.1,80.7
1747229641001,6.8,0.0,12.3,0.0,0.0,0.0,80.9
1747229643012,7.7,0.0,12.2,0.0,0.0,0.1,80.0
1747229645021,6.4,0.0,12.8,0.0,0.0,0.1,80.6
1747229647032,7.0,0.0,11.4,0.0,0.0,0.1,81.5
1747229649066,7.0,0.0,11.6,0.0,0.0,0.2,81.2
1747229651075,6.8,0.0,11.5,0.0,0.0,0.2,81.5
1747229653086,7.2,0.0,11.6,0.0,0.0,0.2,80.9
1747229655098,6.7,0.0,12.7,0.0,0.0,0.1,80.5
1747229657109,7.4,0.0,12.1,0.0,0.0,0.1,80.4
1747229659120,6.8,0.0,11.8,0.0,0.0,0.0,81.3
1747229661132,6.2,0.0,12.1,0.0,0.0,0.2,81.5
1747229663144,7.0,0.0,12.3,0.0,0.0,0.1,80.5
1747229665155,7.5,0.0,11.8,0.0,0.0,0.1,80.7
1747229667168,7.2,0.0,13.0,0.0,0.0,0.1,79.7
1747229669179,7.4,0.0,12.0,0.0,0.0,0.2,80.3
1747229671190,7.4,0.0,13.3,0.0,0.0,0.1,79.2
1747229673201,7.6,0.0,11.3,0.0,0.0,0.1,80.9
1747229675210,7.0,0.0,12.6,0.0,0.0,0.1,80.3
1747229677221,7.4,0.0,12.1,0.0,0.0,0.1,80.4
1747229679233,7.2,0.0,13.1,0.0,0.0,0.1,79.6
1747229681244,7.2,0.0,13.0,0.0,0.0,0.1,79.6
1747229683256,6.5,0.0,12.6,0.0,0.0,0.0,80.9
1747229685267,7.0,0.0,11.6,0.0,0.0,0.1,81.3
1747229687277,6.8,0.0,12.5,0.0,0.0,0.0,80.6
1747229689287,7.9,0.0,12.3,0.0,0.0,0.1,79.7
1747229691298,7.7,0.0,12.3,0.0,0.0,0.0,79.9
1747229693311,7.6,0.0,12.4,0.0,0.0,0.1,79.8
1747229695323,7.3,0.0,12.8,0.0,0.0,0.0,79.8
1747229697335,7.6,0.0,11.9,0.0,0.0,0.1,80.4
1747229699346,7.1,0.0,12.6,0.0,0.0,0.1,80.2
1747229701358,6.5,0.0,13.3,0.0,0.0,0.2,80.0
1747229703370,7.5,0.0,13.0,0.0,0.0,0.0,79.5
1747229705382,8.1,0.0,11.9,0.0,0.0,0.1,79.8
1747229707393,7.3,0.0,12.2,0.0,0.0,0.0,80.5
1747229709404,7.2,0.0,13.0,0.0,0.0,0.1,79.7
1747229711415,7.2,0.0,13.2,0.0,0.0,0.0,79.5
1747229713427,7.4,0.0,12.8,0.0,0.0,0.1,79.7
1747229715436,6.5,0.0,12.9,0.0,0.0,0.1,80.5
1747229717453,6.5,0.0,12.4,0.0,0.0,0.0,81.1
1747229719475,8.0,0.0,12.8,0.0,0.0,0.0,79.1
1747229721496,7.0,0.0,11.8,0.0,0.0,0.3,81.0
1747229723512,6.5,0.0,12.2,0.0,0.0,0.0,81.2
1747229725527,6.8,0.0,13.2,0.0,0.0,0.1,79.9
1747229727538,6.5,0.0,12.5,0.0,0.0,0.1,80.9
1747229729548,8.0,0.0,12.0,0.0,0.0,0.1,79.9
1747229731559,6.8,0.0,11.6,0.0,0.0,0.2,81.4
1747229733570,7.1,0.0,11.7,0.0,0.0,0.1,81.1
1747229735581,6.7,0.0,12.7,0.0,0.0,0.1,80.5
1747229737592,7.9,0.0,12.5,0.0,0.0,0.0,79.5
1747229739602,7.0,0.0,12.2,0.0,0.0,0.0,80.7
1747229741613,7.0,0.0,11.5,0.0,0.0,0.1,81.4
1747229743628,7.1,0.0,13.2,0.0,0.0,0.0,79.7
1747229745639,8.0,0.0,12.4,0.0,0.0,0.1,79.4
1747229747650,7.1,0.0,11.9,0.0,0.0,0.0,80.9
1747229749661,7.2,0.0,11.4,0.0,0.0,0.0,81.3
1747229751671,6.8,0.0,11.9,0.0,0.0,0.2,81.1
1747229753682,8.4,0.0,12.1,0.0,0.0,0.0,79.4
1747229755692,6.3,0.0,13.3,0.0,0.0,0.0,80.3
1747229757702,6.2,0.0,12.7,0.0,0.0,0.1,81.0
1747229759712,6.5,0.0,12.8,0.0,0.0,0.1,80.6
1747229761723,7.7,0.0,12.3,0.0,0.0,0.1,79.9
1747229763734,6.7,0.0,12.7,0.0,0.0,0.1,80.4
1747229765745,7.6,0.0,13.1,0.0,0.0,0.1,79.2
1747229767755,7.8,0.0,13.5,0.0,0.0,0.1,78.6
1747229769766,8.4,0.0,11.9,0.0,0.0,0.2,79.5
1747229771777,7.1,0.0,11.8,0.0,0.0,0.2,80.9
1747229773787,6.5,0.0,12.2,0.0,0.0,0.0,81.3
1747229775798,6.3,0.0,13.1,0.0,0.0,0.2,80.4
1747229777808,0.0,0.0,0.0,0.0,0.0,0.0,0.0
1747229779821,8.2,0.0,13.7,0.0,0.0,0.1,78.0
1747229781847,9.9,0.0,15.6,0.0,0.0,0.3,74.2
1747229783861,10.1,0.0,15.7,0.0,0.0,0.0,74.1
1747229785874,11.0,0.0,16.7,0.0,0.0,0.2,72.1
1747229787888,9.8,0.0,14.1,0.0,0.0,0.2,75.9
1747229789901,9.6,0.0,15.2,0.0,0.0,0.0,75.1
1747229791913,9.5,0.0,15.6,0.0,0.0,0.0,74.9
1747229793925,9.7,0.0,16.1,0.0,0.0,0.0,74.1
1747229795934,10.0,0.0,14.3,0.0,0.0,0.3,75.5
1747229797944,10.1,0.0,14.0,0.0,0.0,0.1,75.8
1747229799955,9.2,0.0,15.4,0.0,0.0,0.1,75.3
1747229801966,9.7,0.0,15.4,0.0,0.0,0.2,74.7
1747229803979,0.2,0.0,0.3,0.0,0.0,0.0,99.5
1747229805994,6.8,0.0,11.6,0.0,0.0,0.1,81.5
1747229808005,7.1,0.0,11.8,0.0,0.0,0.0,81.0
1747229810016,7.3,0.0,11.8,0.0,0.0,0.0,80.9
1747229812029,0.2,0.0,0.2,0.0,0.0,0.0,99.6
1747229814039,7.0,0.0,11.9,0.0,0.0,0.1,80.9
1747229816050,7.5,0.0,12.0,0.0,0.0,0.2,80.3
1747229818061,6.9,0.0,12.2,0.0,0.0,0.0,80.9
1747229820072,8.2,0.0,12.4,0.0,0.0,0.1,79.2
1747229822082,7.3,0.0,11.3,0.0,0.0,0.1,81.2
1747229824092,6.8,0.0,12.6,0.0,0.0,0.0,80.5
1747229826102,7.1,0.0,12.3,0.0,0.0,0.2,80.4
1747229828111,8.3,0.0,11.4,0.0,0.0,0.1,80.2
1747229830121,6.9,0.0,13.0,0.0,0.0,0.1,80.0
1747229832132,6.7,0.0,12.4,0.0,0.0,0.1,80.8
1747229834142,6.9,0.0,13.4,0.0,0.0,0.1,79.7
1747229836152,7.3,0.0,12.4,0.0,0.0,0.1,80.1
1747229838161,6.3,0.0,13.6,0.0,0.0,0.1,80.0
1747229840170,6.1,0.0,12.6,0.0,0.0,0.1,81.2
1747229842190,6.2,0.0,11.4,0.0,0.0,0.0,82.3
1747229844211,0.0,0.0,0.0,0.0,0.0,0.0,0.0
1747229846235,9.4,0.0,13.8,0.0,0.0,0.0,76.7
1747229848262,9.9,0.0,14.5,0.0,0.0,0.0,75.6
1747229850274,10.3,0.0,14.4,0.0,0.0,0.0,75.3
1747229852287,10.5,0.0,14.7,0.0,0.0,0.1,74.8
1747229854300,9.6,0.0,14.4,0.0,0.0,0.0,75.9
1747229856312,9.4,0.0,13.9,0.0,0.0,0.1,76.5
1747229858325,9.8,0.0,14.7,0.0,0.0,0.1,75.3
1747229860337,9.7,0.0,15.3,0.0,0.0,0.2,74.8
1747229862354,0.0,0.0,0.0,0.0,0.0,0.0,0.0
1747229864367,9.3,0.0,13.6,0.0,0.0,0.1,77.0
1747229866379,9.4,0.0,13.6,0.0,0.0,0.1,76.9
1747229868390,9.1,0.0,14.2,0.0,0.0,0.1,76.7
1747229870402,0.0,0.0,0.0,0.0,0.0,0.0,99.9
1747229872412,7.1,0.0,11.6,0.0,0.0,0.1,81.3
1747229874423,6.5,0.0,12.4,0.0,0.0,0.1,80.9
1747229876434,6.6,0.0,12.3,0.0,0.0,0.0,81.1
1747229878445,0.2,0.0,0.3,0.0,0.0,0.0,99.6
1747229880456,7.0,0.0,12.3,0.0,0.0,0.1,80.6
1747229882467,6.5,0.0,12.1,0.0,0.0,0.1,81.3
1747229884478,6.6,0.0,12.8,0.0,0.0,0.1,80.5
1747229886489,6.9,0.0,11.6,0.0,0.0,0.1,81.5
1747229888501,6.6,0.0,12.8,0.0,0.0,0.1,80.5
1747229890511,7.1,0.0,11.9,0.0,0.0,0.0,81.0
1747229892522,7.3,0.0,11.9,0.0,0.0,0.0,80.7
1747229894533,7.0,0.0,13.5,0.0,0.0,0.0,79.5
1747229896541,7.5,0.0,12.7,0.0,0.0,0.1,79.6
1747229898550,7.2,0.0,13.7,0.0,0.0,0.1,78.9
1747229900559,7.2,0.0,13.2,0.0,0.0,0.0,79.5
1747229902568,7.1,0.0,13.1,0.0,0.0,0.1,79.7
1747229904585,6.9,0.0,13.8,0.0,0.0,0.1,79.2
1747229906600,6.8,0.0,13.2,0.1,0.0,0.1,79.8
1747229908615,7.5,0.0,13.6,0.0,0.0,0.0,78.9
1747229910628,7.5,0.0,13.1,0.0,0.0,0.1,79.4
1747229912640,11.3,0.0,15.1,0.0,0.0,0.1,73.5
1747229914652,11.7,0.0,16.3,0.0,0.0,0.1,71.9
1747229916664,10.8,0.0,16.7,0.0,0.0,0.1,72.5
1747229918676,11.3,0.0,17.5,0.0,0.0,0.2,71.0
1747229920688,0.0,0.0,0.0,0.0,0.0,0.0,0.0
1747229922701,10.4,0.0,14.8,0.0,0.0,0.1,74.7
1747229924720,9.8,0.0,15.5,0.0,0.0,0.2,74.5
1747229926735,10.3,0.0,15.9,0.0,0.0,0.2,73.6
1747229928748,0.0,0.0,0.0,0.0,0.0,0.0,0.0
1747229930760,10.1,0.0,15.6,0.0,0.0,0.1,74.2
1747229932774,9.6,0.0,15.5,0.0,0.0,0.1,74.8
1747229934790,10.0,0.0,14.9,0.0,0.0,0.1,75.0
1747229936805,0.1,0.0,0.1,0.0,0.0,0.0,99.7
1747229938817,7.1,0.0,12.2,0.0,0.0,0.1,80.5
1747229940828,7.3,0.0,12.9,0.0,0.0,0.1,79.7
1747229942840,7.3,0.0,12.0,0.0,0.0,0.0,80.6
1747229944851,0.1,0.0,0.2,0.0,0.0,0.0,99.7
1747229946861,7.3,0.0,13.2,0.0,0.0,0.2,79.4
1747229948872,7.6,0.0,13.4,0.0,0.0,0.1,78.9
1747229950884,6.8,0.0,13.8,0.0,0.0,0.1,79.3
1747229952895,7.2,0.0,12.5,0.0,0.0,0.1,80.2
1747229954906,6.7,0.0,13.3,0.0,0.0,0.1,79.9
1747229956916,7.0,0.0,12.7,0.0,0.0,0.1,80.3
1747229958924,7.4,0.0,12.8,0.0,0.0,0.1,79.7
1747229960933,7.8,0.0,13.3,0.0,0.0,0.0,78.9
1747229962941,6.7,0.0,13.1,0.0,0.0,0.0,80.2
1747229964951,7.2,0.0,13.2,0.0,0.0,0.1,79.4
1747229966961,7.5,0.0,12.8,0.0,0.0,0.1,79.5
1747229968971,7.2,0.0,13.8,0.0,0.0,0.0,78.9
1747229970990,10.6,0.0,15.5,0.0,0.0,0.1,73.7
1747229973018,10.8,0.0,16.2,0.0,0.0,0.0,73.0
1747229975039,10.7,0.0,16.6,0.0,0.0,0.0,72.8
1747229977052,11.0,0.0,18.4,0.0,0.0,0.0,70.5
1747229979063,0.0,0.0,0.0,0.0,0.0,0.0,0.0
1747229981074,10.9,0.0,15.8,0.0,0.0,0.1,73.2
1747229983085,11.1,0.0,15.6,0.0,0.0,0.1,73.2
1747229985096,11.1,0.0,16.1,0.0,0.0,0.1,72.7
1747229987108,0.0,0.0,0.0,0.0,0.0,0.0,0.0
1747229989120,9.7,0.0,15.3,0.0,0.0,0.0,75.0
1747229991135,9.9,0.0,14.7,0.0,0.0,0.1,75.3
1747229993149,9.7,0.0,14.5,0.0,0.0,0.0,75.8
1747229995164,0.2,0.0,0.3,0.0,0.0,0.0,99.4
1747229997176,6.6,0.0,11.3,0.0,0.0,0.2,82.0
1747229999186,6.8,0.0,11.4,0.0,0.0,0.2,81.7
1747230001197,7.0,0.0,12.0,0.0,0.0,0.1,80.9
1747230003208,0.1,0.0,0.3,0.0,0.0,0.0,99.6
1747230005218,7.0,0.0,13.1,0.0,0.0,0.1,79.8
1747230007229,8.0,0.0,14.0,0.0,0.0,0.1,78.0
1747230009240,7.2,0.0,13.5,0.0,0.0,0.1,79.2
1747230011250,7.5,0.0,13.4,0.0,0.0,0.1,79.0
1747230013260,7.2,0.0,12.1,0.0,0.0,0.1,80.7
1747230015272,7.2,0.0,12.1,0.0,0.0,0.1,80.7
1747230017282,6.5,0.0,12.9,0.0,0.0,0.1,80.4
1747230019297,6.9,0.0,12.1,0.0,0.0,0.1,80.9
1747230021311,6.4,0.0,12.6,0.0,0.0,0.2,80.8
1747230023319,6.5,0.0,12.2,0.0,0.0,0.1,81.1
1747230025335,6.5,0.0,13.0,0.0,0.0,0.0,80.5
1747230027344,7.0,0.0,13.3,0.0,0.0,0.1,79.6
1747230029355,7.6,0.0,13.4,0.0,0.0,0.1,78.9
1747230031366,6.8,0.0,13.4,0.0,0.0,0.1,79.7
1747230033377,6.9,0.0,13.7,0.0,0.0,0.1,79.3
1747230035387,7.0,0.0,12.0,0.0,0.0,0.0,81.0
1747230037397,6.5,0.0,12.5,0.0,0.0,0.0,80.9
1747230039407,7.3,0.0,13.2,0.0,0.0,0.0,79.5
1747230041417,6.8,0.0,13.9,0.0,0.0,0.2,79.1
1747230043427,7.2,0.0,12.6,0.0,0.0,0.1,80.1
1747230045437,10.0,0.0,15.5,0.0,0.0,0.0,74.5
1747230047447,11.3,0.0,15.9,0.0,0.0,0.1,72.7
1747230049462,10.3,0.0,15.8,0.0,0.0,0.0,73.8
1747230051474,10.7,0.0,17.0,0.0,0.0,0.2,72.2
1747230053492,8.1,0.0,11.1,0.0,0.0,0.2,80.5
1747230055507,9.8,0.0,15.2,0.0,0.0,0.1,74.9
1747230057522,10.1,0.0,15.1,0.0,0.0,0.1,74.7
1747230059534,9.9,0.0,15.9,0.0,0.0,0.1,74.0
1747230061548,0.0,0.0,0.0,0.0,0.0,0.0,0.0
1747230063559,9.8,0.0,15.4,0.0,0.0,0.0,74.8
1747230065570,9.6,0.0,15.8,0.0,0.0,0.0,74.6
1747230067581,9.8,0.0,15.8,0.0,0.0,0.0,74.3
1747230069592,0.0,0.0,0.0,0.0,0.0,0.0,0.0
1747230071604,9.5,0.0,14.9,0.0,0.0,0.2,75.4
1747230073618,8.4,0.0,14.6,0.0,0.0,0.1,77.0
1747230075636,8.8,0.0,13.8,0.0,0.0,0.1,77.3
1747230077660,8.7,0.0,14.4,0.0,0.0,0.1,76.9
1747230079679,6.6,0.0,10.6,0.0,0.0,0.1,82.7
1747230081689,6.5,0.0,12.0,0.0,0.0,0.2,81.3
1747230083698,5.8,0.0,12.1,0.0,0.0,0.1,82.0
1747230085708,7.1,0.0,11.6,0.0,0.0,0.1,81.3
1747230087720,7.0,0.0,11.7,0.0,0.0,0.1,81.1
1747230089730,7.0,0.0,12.2,0.0,0.0,0.1,80.7
1747230091741,7.0,0.0,12.7,0.0,0.0,0.2,80.1
1747230093752,7.5,0.0,12.3,0.0,0.0,0.1,80.1
1747230095762,7.7,0.0,12.6,0.0,0.0,0.2,79.6
1747230097772,7.1,0.0,12.5,0.0,0.0,0.2,80.2
1747230099782,6.8,0.0,13.0,0.0,0.0,0.1,80.1
1747230101790,6.5,0.0,13.4,0.0,0.0,0.2,80.0
1747230103800,7.5,0.0,13.2,0.0,0.0,0.1,79.1
1747230105811,6.5,0.0,13.7,0.0,0.0,0.1,79.8
1747230107822,7.6,0.0,12.9,0.0,0.0,0.1,79.4
1747230109832,7.4,0.0,12.6,0.0,0.0,0.0,80.0
1747230111842,0.2,0.0,0.3,0.0,0.0,0.0,99.5
1747230113861,7.3,0.0,12.7,0.0,0.0,0.2,79.8
1747230115874,7.9,0.0,13.3,0.0,0.0,0.2,78.7
1747230117882,7.8,0.0,13.8,0.0,0.0,0.1,78.2
1747230119898,0.2,0.0,0.3,0.0,0.0,0.0,99.6
1747230121906,8.5,0.0,14.3,0.0,0.0,0.5,76.7
1747230123917,7.7,0.0,14.0,0.0,0.0,0.3,78.0
1747230125926,7.9,0.0,14.0,0.0,0.0,0.1,78.0
1747230127937,8.6,0.0,14.2,0.0,0.0,0.2,77.0
1747230129948,8.3,0.0,13.8,0.0,0.0,0.1,77.8
1747230131960,7.8,0.0,14.0,0.0,0.0,0.2,78.0
1747230133971,8.0,0.0,14.0,0.1,0.0,0.1,77.9
1747230135983,9.4,0.0,13.7,0.0,0.0,0.1,76.8
1747230137994,8.4,0.0,14.8,0.0,0.0,0.2,76.6
1747230140005,7.7,0.0,14.4,0.0,0.0,0.1,77.7
1747230142014,7.8,0.0,13.9,0.0,0.0,0.3,77.9
1747230144029,8.6,0.0,13.8,0.0,0.0,0.0,77.6
1747230146038,7.3,0.0,14.1,0.0,0.0,0.1,78.5
1747230148051,8.1,0.0,13.8,0.0,0.0,0.1,78.0
1747230150060,7.4,0.0,13.4,0.1,0.0,0.1,79.0
1747230152069,8.7,0.0,13.8,0.0,0.0,0.1,77.4
1747230154080,7.7,0.0,13.1,0.0,0.0,0.1,79.1
1747230156091,8.0,0.0,12.9,0.0,0.0,0.1,79.0
1747230158101,8.0,0.0,13.3,0.0,0.0,0.1,78.6
1747230160112,8.5,0.0,13.3,0.0,0.0,0.0,78.1
1747230162121,7.7,0.0,14.1,0.0,0.0,0.2,78.1
1747230164131,7.5,0.0,14.1,0.0,0.0,0.1,78.2
1747230166142,8.1,0.0,14.1,0.0,0.0,0.1,77.7
1747230168152,8.2,0.0,14.5,0.0,0.0,0.1,77.2
1747230170162,8.7,0.0,13.0,0.1,0.0,0.1,78.2
1747230172172,7.6,0.0,14.2,0.0,0.0,0.1,78.1
1747230174182,8.6,0.0,13.7,0.0,0.0,0.1,77.6
1747230176192,8.8,0.0,13.4,0.0,0.0,0.1,77.8
1747230178202,7.9,0.0,13.9,0.0,0.0,0.1,78.1
1747230180214,7.6,0.0,14.4,0.0,0.0,0.1,77.9
1747230182224,7.7,0.0,14.5,0.0,0.0,0.1,77.6
1747230184234,8.4,0.0,13.9,0.0,0.0,0.1,77.6
1747230186243,7.3,0.0,13.6,0.0,0.0,0.1,78.9
1747230188252,7.2,0.0,13.6,0.0,0.0,0.1,79.1
1747230190265,7.9,0.0,13.7,0.0,0.0,0.2,78.2
1747230192278,8.0,0.0,14.4,0.0,0.0,0.2,77.5
1747230194288,7.0,0.0,13.9,0.0,0.0,0.1,79.0
1747230196300,7.6,0.0,13.9,0.0,0.0,0.3,78.2
1747230198311,7.5,0.0,14.7,0.0,0.0,0.1,77.7
1747230200322,9.2,0.0,13.9,0.0,0.0,0.2,76.6
1747230202333,7.5,0.0,14.1,0.0,0.0,0.1,78.4
1747230204344,8.0,0.0,13.3,0.0,0.0,0.1,78.6
1747230206355,7.9,0.0,13.9,0.1,0.0,0.2,78.0
1747230208365,9.0,0.0,13.1,0.0,0.0,0.1,77.7
1747230210374,8.0,0.0,13.3,0.0,0.0,0.2,78.5
1747230212384,7.2,0.0,13.6,0.0,0.0,0.2,79.0
1747230214393,7.3,0.0,13.8,0.0,0.0,0.1,78.9
1747230216406,0.0,0.0,0.0,0.0,0.0,0.0,0.0
