timestamp_ms,usr%,nice%,sys%,iowait%,irq%,soft%,steal%,idle%
1747228494680,0.1,0.0,0.2,0.0,0.0,0.0,99.7
1747228496689,5.5,0.0,9.4,0.0,0.0,0.1,85.0
1747228498699,5.5,0.0,10.4,0.0,0.0,0.1,84.0
1747228500707,5.0,0.0,9.6,0.0,0.0,0.2,85.2
1747228502714,5.3,0.0,9.2,0.0,0.0,0.1,85.4
1747228504727,5.1,0.0,9.0,0.0,0.0,0.2,85.7
1747228506746,4.8,0.0,9.4,0.0,0.0,0.0,85.7
1747228508755,5.2,0.0,9.7,0.0,0.0,0.0,85.0
1747228510766,5.3,0.0,10.0,0.0,0.0,0.1,84.6
1747228512777,5.2,0.0,9.9,0.0,0.0,0.0,84.8
1747228514786,5.5,0.0,9.8,0.0,0.0,0.2,84.5
1747228516796,5.9,0.0,9.9,0.0,0.0,0.1,84.0
1747228518806,5.3,0.0,10.4,0.0,0.0,0.1,84.2
1747228520817,5.2,0.0,9.5,0.0,0.0,0.1,85.2
1747228522828,5.2,0.0,9.9,0.0,0.0,0.1,84.7
1747228524839,5.5,0.0,9.4,0.0,0.0,0.1,85.0
1747228526849,5.4,0.0,9.5,0.0,0.0,0.2,84.9
1747228528859,5.1,0.0,9.5,0.0,0.0,0.1,85.3
1747228530870,5.2,0.0,9.9,0.0,0.0,0.1,84.7
1747228532880,5.4,0.0,9.3,0.0,0.0,0.2,85.1
1747228534891,5.3,0.0,9.2,0.0,0.0,0.3,85.1
1747228536902,5.5,0.0,9.2,0.0,0.0,0.1,85.1
1747228538914,5.7,0.0,9.3,0.0,0.0,0.1,84.9
1747228540926,5.4,0.0,9.8,0.0,0.0,0.1,84.6
1747228542938,6.1,0.0,10.8,0.0,0.0,0.1,83.0
1747228544950,5.3,0.0,9.5,0.0,0.0,0.2,85.0
1747228546961,5.1,0.0,9.5,0.0,0.0,0.2,85.1
1747228548973,5.3,0.0,9.2,0.0,0.0,0.1,85.4
1747228550984,5.6,0.0,9.8,0.0,0.0,0.3,84.3
1747228552993,4.8,0.0,9.6,0.0,0.0,0.1,85.5
1747228555003,5.4,0.0,9.3,0.0,0.0,0.1,85.2
1747228557011,5.4,0.0,8.7,0.0,0.0,0.3,85.6
1747228559021,5.0,0.0,10.0,0.0,0.0,0.2,84.8
1747228561033,5.3,0.0,8.9,0.0,0.0,0.1,85.8
1747228563043,5.0,0.0,9.5,0.0,0.0,0.2,85.3
1747228565052,5.5,0.0,9.9,0.0,0.0,0.3,84.3
1747228567061,6.9,0.0,11.1,0.0,0.0,0.2,81.9
1747228569069,5.4,0.0,10.1,0.0,0.0,0.1,84.3
1747228571080,5.0,0.0,9.4,0.0,0.0,0.2,85.3
1747228573090,5.3,0.0,9.7,0.0,0.0,0.1,84.9
1747228575102,5.4,0.0,9.9,0.0,0.0,0.1,84.6
1747228577116,4.8,0.0,9.5,0.0,0.0,0.3,85.4
1747228579129,4.8,0.0,9.5,0.0,0.0,0.2,85.4
1747228581145,4.6,0.0,9.3,0.0,0.0,0.2,85.8
1747228583156,6.3,0.0,10.5,0.0,0.0,0.2,83.0
1747228585167,5.7,0.0,10.2,0.0,0.0,0.2,83.9
1747228587178,5.5,0.0,9.8,0.0,0.0,0.1,84.5
1747228589189,5.2,0.0,10.6,0.0,0.0,0.2,84.0
1747228591198,6.5,0.0,11.4,0.0,0.0,0.1,82.0
1747228593208,7.1,0.0,12.1,0.0,0.0,0.1,80.7
1747228595219,5.4,0.0,9.8,0.0,0.0,0.1,84.7
1747228597230,5.6,0.0,9.9,0.0,0.0,0.1,84.4
1747228599240,6.0,0.0,10.0,0.0,0.0,0.0,84.0
1747228601250,5.4,0.0,10.3,0.0,0.0,0.1,84.2
1747228603260,5.6,0.0,10.1,0.0,0.0,0.2,84.1
1747228605268,5.3,0.0,9.9,0.0,0.0,0.1,84.7
1747228607280,5.8,0.0,10.1,0.0,0.0,0.0,84.0
1747228609291,5.3,0.0,9.9,0.0,0.0,0.1,84.6
1747228611302,5.6,0.0,9.6,0.0,0.0,0.0,84.8
1747228613312,5.9,0.0,10.1,0.0,0.0,0.0,84.0
1747228615322,5.3,0.0,10.7,0.0,0.0,0.1,83.9
1747228617334,6.9,0.0,10.4,0.0,0.0,0.2,82.6
1747228619344,5.5,0.0,10.9,0.0,0.0,0.1,83.4
1747228621355,5.5,0.0,9.9,0.0,0.0,0.0,84.6
1747228623366,5.5,0.0,10.2,0.0,0.0,0.0,84.3
1747228625377,5.5,0.0,9.4,0.0,0.0,0.2,84.9
1747228627387,4.9,0.0,9.8,0.0,0.0,0.1,85.2
1747228629397,5.1,0.0,9.9,0.0,0.0,0.1,84.9
1747228631407,5.6,0.0,10.1,0.0,0.0,0.1,84.2
1747228633418,5.6,0.0,9.6,0.0,0.0,0.2,84.7
1747228635429,5.1,0.0,9.8,0.0,0.0,0.1,85.1
1747228637441,5.1,0.0,9.6,0.0,0.0,0.1,85.2
1747228639451,5.2,0.0,10.7,0.0,0.0,0.0,84.1
1747228641460,5.9,0.0,9.7,0.0,0.0,0.0,84.4
1747228643469,6.0,0.0,9.2,0.0,0.0,0.0,84.8
1747228645488,5.7,0.0,9.8,0.0,0.0,0.1,84.4
1747228647500,5.0,0.0,10.4,0.0,0.0,0.0,84.6
1747228649510,4.3,0.0,10.1,0.0,0.0,0.1,85.5
1747228651529,5.2,0.0,9.4,0.0,0.0,0.0,85.3
1747228653555,5.2,0.0,8.8,0.0,0.0,0.1,85.9
1747228655567,5.5,0.0,9.8,0.0,0.0,0.1,84.7
1747228657577,5.6,0.0,8.6,0.0,0.0,0.1,85.7
1747228659588,5.2,0.0,9.3,0.0,0.0,0.1,85.4
1747228661599,5.2,0.0,9.4,0.0,0.0,0.1,85.2
1747228663610,5.4,0.0,10.0,0.0,0.0,0.1,84.5
1747228665622,5.2,0.0,9.2,0.0,0.0,0.2,85.4
1747228667633,5.4,0.0,9.8,0.0,0.0,0.1,84.7
1747228669643,5.3,0.0,9.6,0.0,0.0,0.1,85.0
1747228671654,5.9,0.0,12.3,0.0,0.0,0.3,81.4
1747228673665,6.2,0.0,11.3,0.0,0.0,0.2,82.3
1747228675676,5.5,0.0,9.2,0.0,0.0,0.1,85.2
1747228677687,6.0,0.0,9.2,0.0,0.0,0.0,84.8
1747228679699,5.6,0.0,10.0,0.0,0.0,0.1,84.2
1747228681710,5.4,0.0,9.7,0.0,0.0,0.2,84.7
1747228683721,5.5,0.0,9.5,0.0,0.0,0.0,85.0
1747228685732,5.4,0.0,10.1,0.0,0.0,0.2,84.2
1747228687743,5.3,0.0,10.5,0.0,0.0,0.1,84.0
1747228689753,5.2,0.0,10.0,0.0,0.0,0.2,84.7
1747228691764,5.4,0.0,9.7,0.0,0.0,0.1,84.8
1747228693775,4.9,0.0,10.8,0.0,0.0,0.0,84.3
1747228695787,6.3,0.0,9.4,0.0,0.0,0.1,84.1
1747228697799,6.4,0.0,10.1,0.0,0.0,0.1,83.4
1747228699811,6.3,0.0,9.7,0.0,0.0,0.1,83.9
1747228701822,5.5,0.0,9.7,0.0,0.0,0.2,84.7
1747228703833,5.0,0.0,10.3,0.0,0.0,0.1,84.6
1747228705843,5.9,0.0,9.6,0.0,0.0,0.2,84.2
1747228707854,5.8,0.0,9.3,0.0,0.0,0.1,84.8
1747228709864,5.7,0.0,9.4,0.0,0.0,0.1,84.7
1747228711874,5.6,0.0,9.6,0.0,0.0,0.1,84.7
1747228713884,6.0,0.0,9.8,0.0,0.0,0.1,84.1
1747228715894,5.0,0.0,10.6,0.0,0.0,0.2,84.2
1747228717905,5.2,0.0,10.5,0.0,0.0,0.1,84.2
1747228719915,6.0,0.0,9.9,0.0,0.0,0.1,83.9
1747228721924,5.5,0.0,10.2,0.0,0.0,0.0,84.2
1747228723938,5.0,0.0,10.5,0.0,0.0,0.1,84.4
1747228725949,5.6,0.0,10.4,0.0,0.0,0.2,83.8
1747228727958,5.2,0.0,10.9,0.0,0.0,0.2,83.7
1747228729970,5.2,0.0,10.0,0.0,0.0,0.3,84.6
1747228731979,5.5,0.0,9.7,0.0,0.0,0.1,84.6
1747228733988,5.7,0.0,9.7,0.0,0.0,0.2,84.4
1747228735999,5.4,0.0,10.8,0.0,0.0,0.4,83.4
1747228738011,5.3,0.0,10.4,0.0,0.0,0.0,84.3
1747228740020,5.9,0.0,9.9,0.0,0.0,0.2,84.0
1747228742033,5.2,0.0,10.9,0.0,0.0,0.1,83.8
1747228744044,5.6,0.0,11.7,0.0,0.0,0.1,82.7
1747228746054,5.8,0.0,9.8,0.0,0.0,0.1,84.2
1747228748065,5.6,0.0,10.6,0.0,0.0,0.1,83.8
1747228750075,5.5,0.0,11.1,0.0,0.0,0.1,83.3
1747228752086,6.3,0.0,10.9,0.0,0.0,0.1,82.7
1747228754096,6.3,0.0,10.6,0.0,0.0,0.1,83.0
1747228756107,6.4,0.0,10.8,0.0,0.0,0.0,82.7
1747228758118,5.4,0.0,10.7,0.0,0.0,0.1,83.8
1747228760129,5.9,0.0,10.1,0.0,0.0,0.2,83.8
1747228762141,5.7,0.0,9.7,0.0,0.0,0.1,84.5
1747228764153,5.5,0.0,10.0,0.0,0.0,0.1,84.5
1747228766164,5.6,0.0,9.5,0.0,0.0,0.1,84.7
1747228768176,5.6,0.0,9.9,0.0,0.0,0.1,84.3
1747228770187,5.6,0.0,9.7,0.0,0.0,0.1,84.6
1747228772198,5.6,0.0,9.4,0.0,0.0,0.0,84.9
1747228774210,5.2,0.0,10.1,0.0,0.0,0.1,84.5
1747228776222,6.0,0.0,9.9,0.0,0.0,0.1,84.0
1747228778233,5.9,0.0,10.2,0.0,0.0,0.1,83.8
1747228780244,6.0,0.0,9.9,0.0,0.0,0.2,84.0
1747228782256,6.0,0.0,9.9,0.0,0.0,0.0,84.0
1747228784267,5.7,0.0,10.1,0.0,0.0,0.2,84.0
1747228786278,5.6,0.0,9.5,0.0,0.0,0.1,84.7
1747228788288,5.6,0.0,10.2,0.0,0.0,0.1,84.1
1747228790298,5.2,0.0,10.8,0.0,0.0,0.2,83.9
1747228792311,5.4,0.0,10.9,0.0,0.0,0.2,83.5
1747228794322,6.2,0.0,10.0,0.0,0.0,0.2,83.5
1747228796331,5.5,0.0,10.3,0.0,0.0,0.2,83.9
1747228798340,5.3,0.0,10.4,0.0,0.0,0.1,84.2
1747228800350,5.6,0.0,10.5,0.0,0.0,0.2,83.8
1747228802359,5.5,0.0,10.2,0.0,0.0,0.1,84.1
1747228804378,5.7,0.0,9.1,0.0,0.0,0.1,85.2
1747228806387,5.8,0.0,10.1,0.0,0.0,0.0,84.0
1747228808395,6.8,0.0,12.3,0.0,0.0,0.0,80.9
1747228810406,6.7,0.0,9.7,0.0,0.0,0.3,83.3
1747228812417,8.0,0.0,13.2,0.0,0.0,0.1,78.7
1747228814428,7.9,0.0,12.1,0.0,0.0,0.1,79.9
1747228816439,8.4,0.0,11.7,0.0,0.0,0.1,79.8
1747228818451,0.0,0.0,0.0,0.0,0.0,0.0,0.0
1747228820462,7.5,0.0,11.7,0.0,0.0,0.1,80.7
1747228822473,7.7,0.0,11.5,0.0,0.0,0.1,80.7
1747228824484,8.1,0.0,11.7,0.0,0.0,0.2,80.1
1747228826495,7.7,0.0,11.9,0.0,0.0,0.1,80.2
1747228828507,7.0,0.0,11.9,0.0,0.0,0.1,80.9
1747228830518,7.5,0.0,11.4,0.0,0.0,0.2,81.0
1747228832529,6.8,0.0,12.3,0.0,0.0,0.2,80.7
1747228834540,7.8,0.0,12.1,0.0,0.0,0.1,79.9
1747228836552,5.5,0.0,9.3,0.0,0.0,0.2,85.0
1747228838563,5.8,0.0,9.3,0.0,0.0,0.2,84.6
1747228840575,5.2,0.0,10.0,0.0,0.0,0.1,84.7
1747228842585,6.2,0.0,9.3,0.0,0.0,0.1,84.3
1747228844594,6.1,0.0,10.5,0.0,0.0,0.1,83.3
1747228846605,5.4,0.0,10.3,0.0,0.0,0.1,84.2
1747228848615,5.9,0.0,10.1,0.0,0.0,0.1,83.8
1747228850626,5.8,0.0,10.7,0.0,0.0,0.3,83.2
1747228852637,0.1,0.0,0.2,0.0,0.0,0.0,99.6
1747228854648,6.0,0.0,11.1,0.0,0.0,0.2,82.7
1747228856657,6.0,0.0,10.2,0.0,0.0,0.1,83.7
1747228858665,6.3,0.0,10.6,0.0,0.0,0.0,83.0
1747228860674,0.0,0.0,0.0,0.0,0.0,0.0,0.0
1747228862689,7.4,0.0,12.4,0.0,0.0,0.1,80.1
1747228864702,7.4,0.0,12.6,0.0,0.0,0.3,79.7
1747228866714,7.5,0.0,12.2,0.0,0.0,0.1,80.2
1747228868726,7.2,0.0,12.4,0.0,0.0,0.1,80.2
1747228870739,6.8,0.0,10.8,0.0,0.0,0.2,82.2
1747228872752,7.4,0.0,11.1,0.0,0.0,0.1,81.5
1747228874764,7.6,0.0,11.9,0.0,0.0,0.1,80.5
1747228876776,8.0,0.0,12.2,0.0,0.0,0.1,79.7
1747228878788,7.1,0.0,11.2,0.0,0.0,0.2,81.5
1747228880799,7.2,0.0,11.6,0.0,0.0,0.2,81.0
1747228882810,7.8,0.0,10.9,0.0,0.0,0.1,81.1
1747228884822,8.1,0.0,12.0,0.0,0.0,0.2,79.7
1747228886833,6.5,0.0,9.2,0.0,0.0,0.3,84.0
1747228888844,5.9,0.0,9.5,0.0,0.0,0.2,84.4
1747228890856,5.9,0.0,9.5,0.0,0.0,0.2,84.4
1747228892867,5.7,0.0,10.7,0.0,0.0,0.2,83.5
1747228894877,0.1,0.0,0.2,0.0,0.0,0.0,99.7
1747228896887,5.7,0.0,10.8,0.0,0.0,0.2,83.3
1747228898896,5.7,0.0,11.0,0.0,0.0,0.0,83.2
1747228900907,6.0,0.0,10.8,0.0,0.0,0.0,83.1
1747228902918,0.0,0.0,0.0,0.0,0.0,0.0,0.0
1747228904929,7.4,0.0,14.0,0.0,0.0,0.1,78.5
1747228906941,7.9,0.0,12.4,0.0,0.0,0.1,79.7
1747228908952,7.8,0.0,12.8,0.0,0.0,0.1,79.3
1747228910964,0.0,0.0,0.0,0.0,0.0,0.0,0.0
1747228912975,7.0,0.0,12.5,0.0,0.0,0.1,80.4
1747228914987,8.0,0.0,12.0,0.0,0.0,0.1,79.9
1747228916999,7.2,0.0,12.6,0.0,0.0,0.1,80.1
1747228919012,7.5,0.0,12.8,0.0,0.0,0.2,79.5
1747228921025,5.6,0.0,9.3,0.0,0.0,0.1,85.0
1747228923036,5.8,0.0,9.2,0.0,0.0,0.0,84.9
1747228925047,5.6,0.0,9.9,0.0,0.0,0.1,84.4
1747228927055,5.9,0.0,9.6,0.0,0.0,0.2,84.4
1747228929067,5.7,0.0,10.2,0.0,0.0,0.3,83.8
1747228931077,6.1,0.0,10.2,0.0,0.0,0.2,83.5
1747228933087,5.9,0.0,9.9,0.0,0.0,0.1,84.1
1747228935098,5.9,0.0,11.1,0.0,0.0,0.2,82.9
1747228937107,5.5,0.0,10.9,0.0,0.0,0.1,83.5
1747228939116,5.3,0.0,9.6,0.0,0.0,0.1,85.0
1747228941128,5.4,0.0,10.0,1.9,0.0,0.1,82.6
1747228943138,6.5,0.0,10.0,0.0,0.0,0.0,83.5
1747228945147,5.8,0.0,10.1,0.0,0.0,0.2,84.0
1747228947158,5.3,0.0,10.3,3.7,0.0,0.1,80.6
1747228949168,5.8,0.0,10.3,0.0,0.0,0.1,83.8
1747228951179,5.9,0.0,10.9,0.0,0.0,0.1,83.0
1747228953191,5.8,0.0,10.1,0.0,0.0,0.1,84.0
1747228955202,5.3,0.0,11.4,0.0,0.0,0.2,83.2
1747228957213,5.9,0.0,11.1,0.0,0.0,0.2,82.9
1747228959223,6.8,0.0,11.0,0.0,0.0,0.2,82.0
1747228961233,6.0,0.0,10.0,0.0,0.0,0.1,83.9
1747228963242,5.8,0.0,10.1,0.0,0.0,0.2,84.0
1747228965253,5.8,0.0,10.2,0.0,0.0,0.3,83.8
1747228967262,5.6,0.0,11.0,0.0,0.0,0.2,83.2
1747228969272,5.8,0.0,10.1,0.0,0.0,0.2,83.8
1747228971282,5.6,0.0,10.1,0.0,0.0,0.1,84.2
1747228973292,5.7,0.0,10.0,0.0,0.0,0.0,84.2
1747228975303,5.8,0.0,10.7,0.0,0.0,0.4,83.0
1747228977314,5.5,0.0,10.0,0.0,0.0,0.2,84.4
1747228979323,5.5,0.0,10.3,0.0,0.0,0.1,84.1
1747228981334,5.9,0.0,10.1,0.0,0.0,0.2,83.8
1747228983344,6.2,0.0,11.2,0.0,0.0,0.2,82.4
1747228985354,6.2,0.0,9.8,0.0,0.0,0.3,83.7
1747228987366,6.0,0.0,10.2,0.0,0.0,0.1,83.7
1747228989377,5.5,0.0,9.9,0.0,0.0,0.1,84.5
1747228991388,5.9,0.0,10.6,0.0,0.0,0.2,83.3
1747228993398,5.8,0.0,10.3,0.0,0.0,0.2,83.7
1747228995409,5.3,0.0,11.2,0.0,0.0,0.3,83.2
1747228997420,5.3,0.0,10.9,0.0,0.0,0.2,83.6
1747228999431,5.9,0.0,10.2,0.0,0.0,0.1,83.8
1747229001442,6.0,0.0,10.4,0.0,0.0,0.1,83.5
1747229003452,5.2,0.0,10.6,0.0,0.0,0.1,84.1
1747229005463,5.5,0.0,10.1,0.0,0.0,0.2,84.1
1747229007472,6.2,0.0,10.5,0.0,0.0,0.1,83.2
1747229009483,6.8,0.0,10.8,0.0,0.0,0.1,82.3
1747229011493,6.1,0.0,10.8,0.0,0.0,0.0,83.0
1747229013523,6.1,0.0,9.9,0.0,0.0,0.2,83.8
1747229015538,5.2,0.0,11.0,0.0,0.0,0.2,83.6
1747229017548,6.0,0.0,9.5,0.0,0.0,0.2,84.3
1747229019557,5.7,0.0,9.5,0.0,0.0,0.1,84.8
1747229021568,5.1,0.0,9.7,0.0,0.0,0.2,85.0
1747229023581,5.6,0.0,10.6,0.0,0.0,0.2,83.6
1747229025591,5.6,0.0,10.2,0.0,0.0,0.2,83.9
1747229027607,5.8,0.0,9.7,0.0,0.0,0.2,84.3
1747229029619,5.3,0.0,10.0,0.0,0.0,0.1,84.5
1747229031630,5.9,0.0,10.4,0.0,0.0,0.0,83.7
1747229033640,6.3,0.0,10.0,0.0,0.0,0.1,83.5
1747229035651,5.9,0.0,9.6,0.0,0.0,0.1,84.4
1747229037662,6.0,0.0,10.0,0.0,0.0,0.1,83.9
1747229039673,7.0,0.0,10.4,0.0,0.0,0.1,82.5
1747229041685,6.9,0.0,10.3,0.0,0.0,0.1,82.7
1747229043696,5.9,0.0,10.6,0.0,0.0,0.2,83.3
1747229045707,5.8,0.0,10.2,0.0,0.0,0.1,83.9
1747229047719,5.7,0.0,10.7,0.0,0.0,0.1,83.5
1747229049729,6.8,0.0,10.5,0.0,0.0,0.3,82.5
1747229051740,5.2,0.0,10.9,0.0,0.0,0.2,83.6
1747229053751,5.7,0.0,10.5,0.0,0.0,0.2,83.6
1747229055762,5.3,0.0,10.7,0.0,0.0,0.2,83.8
1747229057776,6.5,0.0,9.9,0.0,0.0,0.1,83.5
1747229059787,5.7,0.0,10.0,0.0,0.0,0.2,84.1
1747229061798,5.7,0.0,10.6,0.0,0.0,0.2,83.5
1747229063809,5.6,0.0,10.8,0.0,0.0,0.1,83.5
1747229065820,6.9,0.0,10.6,0.0,0.0,0.1,82.4
1747229067832,6.3,0.0,11.8,0.0,0.0,0.0,81.9
1747229069843,5.4,0.0,10.1,0.0,0.0,0.2,84.3
1747229071855,5.6,0.0,9.9,0.0,0.0,0.1,84.3
1747229073866,6.5,0.0,10.0,0.0,0.0,0.2,83.3
1747229075877,5.6,0.0,10.3,0.0,0.0,0.2,83.9
1747229077887,5.3,0.0,11.9,0.0,0.0,0.2,82.5
1747229079899,5.5,0.0,10.7,0.0,0.0,0.0,83.8
1747229081911,6.6,0.0,9.7,0.0,0.0,0.2,83.5
1747229083921,5.6,0.0,10.3,0.0,0.0,0.1,84.0
1747229085932,5.6,0.0,10.3,0.0,0.0,0.2,84.0
1747229087942,5.8,0.0,10.8,0.0,0.0,0.2,83.3
1747229089952,6.8,0.0,11.3,0.0,0.0,0.1,81.8
1747229091966,5.8,0.0,9.8,0.0,0.0,0.0,84.4
1747229093978,6.1,0.0,9.9,0.0,0.0,0.1,83.8
1747229095990,5.5,0.0,9.7,0.0,0.0,0.2,84.5
1747229097998,6.5,0.0,10.3,0.0,0.0,0.1,83.1
1747229100009,6.0,0.0,10.0,0.2,0.0,0.2,83.6
1747229102021,5.6,0.0,10.5,0.0,0.0,0.0,83.9
1747229104031,5.7,0.0,10.5,0.0,0.0,0.1,83.7
1747229106041,6.6,0.0,11.4,0.0,0.0,0.1,82.0
1747229108052,5.9,0.0,10.8,0.0,0.0,0.0,83.3
1747229110062,5.9,0.0,10.5,0.0,0.0,0.1,83.5
1747229112071,5.5,0.0,10.4,0.0,0.0,0.0,84.0
1747229114080,8.0,0.0,11.2,0.0,0.0,0.2,80.7
1747229116090,6.5,0.0,10.1,0.0,0.0,0.2,83.3
1747229118100,6.3,0.0,10.8,0.0,0.0,0.1,82.8
1747229120110,6.1,0.0,10.2,0.0,0.0,0.1,83.5
1747229122122,7.0,0.0,10.3,0.0,0.0,0.2,82.5
1747229124132,6.2,0.0,10.0,0.0,0.0,0.1,83.8
1747229126143,6.0,0.0,10.2,0.0,0.0,0.4,83.4
1747229128154,5.4,0.0,10.7,0.0,0.0,0.1,83.8
1747229130165,7.0,0.0,10.4,0.0,0.0,0.1,82.5
1747229132175,5.6,0.0,10.5,0.0,0.0,0.1,83.8
1747229134185,5.8,0.0,11.2,0.0,0.0,0.0,83.0
1747229136196,5.8,0.0,11.2,0.0,0.0,0.2,82.8
1747229138207,7.0,0.0,11.4,0.0,0.0,0.1,81.5
1747229140216,6.9,0.0,12.2,0.0,0.0,0.0,80.9
1747229142227,6.3,0.0,10.8,0.0,0.0,0.1,82.8
1747229144239,6.1,0.0,10.1,0.0,0.0,0.2,83.6
1747229146249,6.4,0.0,10.6,0.0,0.0,0.1,82.8
1747229148260,5.4,0.0,10.9,0.0,0.0,0.1,83.5
1747229150271,6.0,0.0,9.9,0.0,0.0,0.2,83.9
1747229152282,5.5,0.0,10.5,0.0,0.0,0.1,83.8
1747229154293,0.0,0.0,0.0,0.0,0.0,0.0,0.0
1747229156313,6.7,0.0,11.2,0.0,0.0,0.2,81.9
1747229158337,8.1,0.0,13.3,0.0,0.0,0.0,78.5
1747229160349,8.1,0.0,12.3,0.0,0.0,0.2,79.4
1747229162365,8.5,0.0,13.6,0.0,0.0,0.0,77.9
1747229164378,7.8,0.0,11.6,0.0,0.0,0.2,80.4
1747229166391,7.8,0.0,12.4,0.0,0.0,0.2,79.6
1747229168403,8.4,0.0,12.1,0.0,0.0,0.0,79.5
1747229170415,8.9,0.0,13.0,0.0,0.0,0.0,78.0
1747229172425,9.0,0.0,11.4,0.0,0.0,0.1,79.5
1747229174433,7.5,0.0,12.3,0.0,0.0,0.2,80.1
1747229176445,7.4,0.0,12.1,0.0,0.0,0.1,80.3
1747229178457,8.0,0.0,11.5,0.0,0.0,0.0,80.5
1747229180468,0.0,0.0,0.0,0.0,0.0,0.0,100.0
1747229182478,6.0,0.0,9.3,0.0,0.0,0.1,84.6
1747229184489,5.9,0.0,9.6,0.0,0.0,0.1,84.4
1747229186500,5.9,0.0,9.6,0.0,0.0,0.1,84.4
1747229188510,0.2,0.0,0.3,0.0,0.0,0.0,99.5
1747229190518,5.9,0.0,9.8,0.0,0.0,0.2,84.1
1747229192529,5.4,0.0,10.7,0.0,0.0,0.1,83.7
1747229194540,6.0,0.0,10.5,0.0,0.0,0.2,83.3
1747229196549,6.2,0.0,10.0,0.0,0.0,0.2,83.7
1747229198560,6.1,0.0,10.3,0.0,0.0,0.1,83.5
1747229200569,6.6,0.0,10.5,0.0,0.0,0.2,82.7
1747229202580,6.0,0.0,11.5,0.0,0.0,0.1,82.5
1747229204591,5.9,0.0,11.5,0.0,0.0,0.2,82.4
1747229206602,6.1,0.0,12.4,0.0,0.0,0.1,81.5
1747229208613,5.9,0.0,11.9,0.0,0.0,0.1,82.1
1747229210623,6.1,0.0,11.2,0.0,0.0,0.2,82.5
1747229212634,6.2,0.0,11.2,0.0,0.0,0.1,82.5
1747229214645,6.3,0.0,10.8,0.0,0.0,0.2,82.7
1747229216655,6.5,0.0,10.9,0.0,0.0,0.1,82.5
1747229218665,6.8,0.0,10.9,0.0,0.0,0.1,82.1
1747229220676,6.7,0.0,11.2,0.0,0.0,0.2,81.9
1747229222687,6.3,0.0,11.2,0.0,0.0,0.1,82.4
1747229224697,6.4,0.0,11.7,0.0,0.0,0.1,81.8
1747229226708,6.6,0.0,11.1,0.0,0.0,0.1,82.1
1747229228718,6.8,0.0,10.9,0.0,0.0,0.3,82.0
1747229230728,6.0,0.0,12.1,0.0,0.0,0.1,81.8
1747229232740,5.8,0.0,11.6,0.0,0.0,0.1,82.5
1747229234749,6.9,0.0,10.0,0.0,0.0,0.1,83.0
1747229236764,6.1,0.0,11.1,0.0,0.0,0.2,82.6
1747229238777,5.6,0.0,11.2,0.0,0.0,0.2,82.9
1747229240793,6.1,0.0,11.6,0.0,0.0,0.2,82.1
1747229242805,6.8,0.0,12.2,0.0,0.0,0.0,81.0
1747229244816,6.6,0.0,12.1,0.0,0.0,0.1,81.2
1747229246827,7.6,0.0,12.0,0.0,0.0,0.2,80.2
1747229248839,6.7,0.0,11.1,0.0,0.0,0.1,82.1
1747229250850,6.8,0.0,11.4,0.0,0.0,0.3,81.6
1747229252861,6.4,0.0,11.3,0.0,0.0,0.1,82.1
1747229254873,6.2,0.0,11.6,0.0,0.0,0.1,82.1
1747229256884,6.2,0.0,11.9,0.0,0.0,0.1,81.9
1747229258896,6.0,0.0,11.5,0.0,0.0,0.1,82.3
1747229260907,6.3,0.0,11.8,0.0,0.0,0.3,81.6
1747229262919,6.1,0.0,11.6,0.0,0.0,0.1,82.3
1747229264929,5.9,0.0,12.3,0.0,0.0,0.2,81.5
1747229266940,7.1,0.0,11.7,0.0,0.0,0.1,81.1
1747229268950,7.8,0.0,12.7,0.0,0.0,0.1,79.4
1747229270960,9.9,0.0,13.9,0.0,0.0,0.2,76.0
1747229272971,9.2,0.0,14.2,0.0,0.0,0.1,76.5
1747229274983,9.0,0.0,14.4,0.0,0.0,0.2,76.3
1747229276994,9.8,0.0,14.8,0.0,0.0,0.2,75.2
1747229279005,0.0,0.0,0.0,0.0,0.0,0.0,0.0
1747229281016,8.7,0.0,14.0,0.0,0.0,0.2,77.1
1747229283027,8.6,0.0,13.8,0.0,0.0,0.1,77.5
1747229285039,8.5,0.0,13.7,0.0,0.0,0.2,77.6
1747229287053,0.0,0.0,0.0,0.0,0.0,0.0,0.0
1747229289067,8.4,0.0,11.9,0.0,0.0,0.1,79.5
1747229291081,8.2,0.0,12.1,0.0,0.0,0.2,79.5
1747229293095,8.2,0.0,12.1,0.0,0.0,0.0,79.7
1747229295108,0.1,0.0,0.1,0.0,0.0,0.0,99.8
1747229297119,6.0,0.0,9.4,0.0,0.0,0.2,84.3
1747229299129,5.8,0.0,9.7,0.0,0.0,0.1,84.5
1747229301140,5.7,0.0,10.0,0.0,0.0,0.2,84.0
1747229303154,6.1,0.0,8.8,0.0,0.0,0.1,84.9
1747229305168,5.4,0.0,11.3,0.0,0.0,0.3,83.0
1747229307178,6.9,0.0,10.3,0.0,0.0,0.1,82.7
1747229309188,6.5,0.0,11.0,0.0,0.0,0.0,82.5
1747229311197,5.6,0.0,11.0,0.0,0.0,0.3,83.1
1747229313208,5.7,0.0,11.7,0.0,0.0,0.1,82.5
1747229315220,6.0,0.0,11.4,0.0,0.0,0.3,82.3
1747229317231,6.6,0.0,11.2,0.0,0.0,0.0,82.2
1747229319242,6.0,0.0,11.6,0.0,0.0,0.1,82.3
1747229321253,5.9,0.0,11.2,0.0,0.0,0.3,82.7
1747229323264,6.1,0.0,10.8,0.0,0.0,0.0,83.1
1747229325276,6.3,0.0,10.4,0.0,0.0,0.3,83.0
1747229327287,6.4,0.0,11.9,0.0,0.0,0.1,81.6
1747229329299,6.2,0.0,10.6,0.0,0.0,0.1,83.0
1747229331311,5.8,0.0,11.2,0.0,0.0,0.3,82.7
1747229333323,6.3,0.0,10.5,0.0,0.0,0.1,83.1
1747229335335,6.2,0.0,11.1,0.0,0.0,0.1,82.6
1747229337345,6.5,0.0,10.7,0.0,0.0,0.1,82.8
1747229339357,6.2,0.0,11.4,0.0,0.0,0.1,82.3
1747229341369,5.8,0.0,11.7,0.0,0.0,0.1,82.4
1747229343379,6.4,0.0,11.3,0.0,0.0,0.1,82.2
1747229345387,6.8,0.0,10.3,0.0,0.0,0.0,82.9
1747229347396,6.3,0.0,10.8,0.0,0.0,0.1,82.8
1747229349406,6.4,0.0,11.0,0.0,0.0,0.2,82.4
1747229351416,6.5,0.0,11.4,0.0,0.0,0.4,81.7
1747229353426,10.2,0.0,13.5,0.0,0.0,0.1,76.2
1747229355437,7.8,0.0,13.0,0.0,0.0,0.2,79.1
1747229357458,8.4,0.0,12.8,0.0,0.0,0.2,78.6
1747229359475,8.8,0.0,12.5,0.0,0.0,0.1,78.7
1747229361493,0.0,0.0,0.0,0.0,0.0,0.0,0.0
1747229363507,8.2,0.0,12.4,0.0,0.0,0.2,79.2
1747229365521,8.0,0.0,12.8,0.0,0.0,0.1,79.2
1747229367535,8.7,0.0,12.0,0.0,0.0,0.2,79.1
1747229369549,8.2,0.0,13.4,0.0,0.0,0.0,78.4
1747229371562,6.6,0.0,9.2,0.0,0.0,0.2,84.1
1747229373571,6.4,0.0,9.9,0.0,0.0,0.2,83.5
1747229375579,6.3,0.0,9.5,0.0,0.0,0.1,84.2
1747229377587,7.0,0.0,10.2,0.0,0.0,0.1,82.8
1747229379597,7.0,0.0,9.9,0.0,0.0,0.2,82.9
1747229381605,6.7,0.0,10.5,0.0,0.0,0.1,82.6
1747229383615,7.0,0.0,10.3,0.0,0.0,0.2,82.5
1747229385626,6.8,0.0,11.6,0.0,0.0,0.1,81.5
1747229387638,7.2,0.0,10.8,0.0,0.0,0.0,82.0
1747229389648,6.5,0.0,11.7,0.0,0.0,0.1,81.8
1747229391659,7.0,0.0,11.0,0.0,0.0,0.2,81.9
1747229393669,7.0,0.0,11.5,0.0,0.0,0.1,81.4
1747229395679,6.0,0.0,11.3,0.0,0.0,0.1,82.6
1747229397690,7.0,0.0,10.8,0.0,0.0,0.2,82.0
1747229399701,6.5,0.0,11.6,0.0,0.0,0.1,81.8
1747229401713,7.1,0.0,11.7,0.0,0.0,0.2,81.0
1747229403724,6.4,0.0,11.7,0.0,0.0,0.2,81.6
1747229405735,6.7,0.0,12.0,0.0,0.0,0.1,81.1
1747229407747,6.7,0.0,11.7,0.0,0.0,0.2,81.4
1747229409758,6.3,0.0,12.7,0.0,0.0,0.1,80.9
1747229411768,6.8,0.0,11.3,0.0,0.0,0.2,81.6
1747229413778,6.3,0.0,12.2,0.0,0.0,0.2,81.3
1747229415787,6.5,0.0,12.2,0.0,0.0,0.1,81.3
1747229417797,6.4,0.0,12.0,0.0,0.0,0.2,81.5
1747229419806,6.2,0.0,12.2,0.0,0.0,0.2,81.4
1747229421818,6.8,0.0,13.2,0.0,0.0,0.2,79.9
1747229423829,5.9,0.0,12.8,0.0,0.0,0.2,81.1
1747229425839,6.3,0.0,12.9,0.0,0.0,0.3,80.5
1747229427850,6.9,0.0,12.2,0.0,0.0,0.4,80.4
1747229429859,6.4,0.0,11.3,0.0,0.0,0.1,82.2
1747229431867,5.4,0.0,11.8,0.0,0.0,0.1,82.7
1747229433876,6.9,0.0,11.1,0.0,0.0,0.1,81.9
1747229435886,7.4,0.0,10.4,0.0,0.0,0.2,82.1
1747229437897,6.1,0.0,10.8,0.0,0.0,0.0,83.0
1747229439907,6.4,0.0,11.4,0.0,0.0,0.0,82.2
1747229441919,6.2,0.0,11.1,0.0,0.0,0.2,82.6
1747229443929,6.6,0.0,10.6,0.0,0.0,0.3,82.6
1747229445942,8.1,0.0,14.2,0.0,0.0,0.1,77.6
1747229447954,8.7,0.0,13.0,0.0,0.0,0.0,78.2
1747229449966,9.5,0.0,13.1,0.0,0.0,0.1,77.3
1747229451977,0.0,0.0,0.0,0.0,0.0,0.0,0.0
1747229453989,8.8,0.0,13.4,0.0,0.0,0.2,77.6
1747229456000,9.0,0.0,13.4,0.0,0.0,0.2,77.4
1747229458011,8.9,0.0,13.4,0.0,0.0,0.1,77.5
1747229460022,9.0,0.0,14.0,0.0,0.0,0.2,76.8
1747229462033,8.0,0.0,11.1,0.0,0.0,0.1,80.9
1747229464042,8.3,0.0,13.0,0.0,0.0,0.2,78.5
1747229466053,8.7,0.0,12.2,0.0,0.0,0.2,78.9
1747229468064,8.4,0.0,13.7,0.0,0.0,0.1,77.8
1747229470074,6.9,0.0,9.7,0.0,0.0,0.1,83.2
1747229472084,6.1,0.0,9.8,0.0,0.0,0.1,84.0
1747229474095,6.2,0.0,9.7,0.0,0.0,0.1,83.9
1747229476106,5.9,0.0,10.7,0.0,0.0,0.1,83.3
1747229478118,7.3,0.0,10.3,0.0,0.0,0.1,82.3
1747229480128,6.0,0.0,10.5,0.0,0.0,0.0,83.5
1747229482138,6.2,0.0,11.1,0.0,0.0,0.1,82.7
1747229484149,7.0,0.0,11.1,0.0,0.0,0.2,81.8
1747229486160,0.2,0.0,0.3,0.0,0.0,0.0,99.5
1747229488171,7.1,0.0,11.4,0.0,0.0,0.0,81.5
1747229490181,6.9,0.0,11.7,0.0,0.0,0.1,81.3
1747229492190,6.7,0.0,12.0,0.0,0.0,0.0,81.3
1747229494202,0.2,0.0,0.2,0.0,0.0,0.0,99.6
1747229496213,6.8,0.0,11.1,0.0,0.0,0.1,82.0
1747229498223,6.1,0.0,12.2,0.0,0.0,0.0,81.7
1747229500231,6.6,0.0,12.1,0.0,0.0,0.0,81.2
1747229502240,7.2,0.0,11.5,0.0,0.0,0.1,81.2
1747229504253,6.5,0.0,11.4,0.0,0.0,0.1,81.9
1747229506268,6.7,0.0,11.3,0.0,0.0,0.1,81.9
1747229508281,6.2,0.0,11.8,0.0,0.0,0.1,81.8
1747229510289,7.2,0.0,11.9,0.0,0.0,0.1,80.9
1747229512299,6.4,0.0,11.6,0.0,0.0,0.0,82.0
1747229514313,7.2,0.0,12.4,0.0,0.0,0.1,80.3
1747229516324,7.8,0.0,12.6,0.0,0.0,0.1,79.6
1747229518336,8.1,0.0,12.0,0.0,0.0,0.0,80.0
1747229520347,6.5,0.0,11.8,0.0,0.0,0.1,81.6
1747229522359,6.3,0.0,11.7,0.0,0.0,0.1,81.9
1747229524371,6.9,0.0,11.7,0.0,0.0,0.1,81.4
1747229526383,7.5,0.0,11.8,0.0,0.0,0.2,80.5
1747229528395,7.0,0.0,12.1,0.0,0.0,0.0,80.9
1747229530408,6.1,0.0,13.7,0.0,0.0,0.1,80.0
1747229532420,7.1,0.0,12.4,0.0,0.0,0.0,80.4
1747229534431,7.4,0.0,12.0,0.0,0.0,0.1,80.5
1747229536444,6.7,0.0,12.2,0.0,0.0,0.2,81.0
1747229538457,7.0,0.0,12.4,0.0,0.0,0.1,80.6
1747229540466,6.6,0.0,12.7,0.0,0.0,0.0,80.7
1747229542475,7.9,0.0,11.2,0.0,0.0,0.0,80.9
1747229544486,6.3,0.0,12.2,0.0,0.0,0.2,81.2
1747229546497,6.7,0.0,11.1,0.0,0.0,0.2,82.0
1747229548508,6.8,0.0,11.6,0.0,0.0,0.1,81.6
1747229550517,7.2,0.0,11.1,0.0,0.0,0.0,81.8
1747229552526,6.0,0.0,11.0,0.0,0.0,0.1,82.8
1747229554540,6.3,0.0,12.0,0.0,0.0,0.0,81.7
1747229556551,6.2,0.0,12.0,0.0,0.0,0.1,81.7
1747229558560,6.7,0.0,11.8,0.0,0.0,0.1,81.3
1747229560572,6.4,0.0,11.8,0.0,0.0,0.0,81.8
1747229562582,7.2,0.0,11.8,0.0,0.0,0.1,80.9
1747229564594,7.3,0.0,11.5,0.0,0.0,0.0,81.1
1747229566604,8.6,0.0,13.1,0.0,0.0,0.1,78.0
1747229568615,6.4,0.0,10.8,0.0,0.0,0.1,82.8
1747229570629,6.5,0.0,11.4,0.0,0.0,0.1,82.0
1747229572639,7.0,0.0,10.8,0.0,0.0,0.1,82.2
1747229574651,7.6,0.0,11.2,0.0,0.0,0.1,81.1
1747229576667,5.9,0.0,11.4,0.0,0.0,0.1,82.5
1747229578687,6.3,0.0,10.3,0.0,0.0,0.1,83.3
1747229580700,6.4,0.0,11.2,0.0,0.0,0.1,82.3
1747229582710,7.2,0.0,11.5,0.0,0.0,0.0,81.2
1747229584734,6.4,0.0,11.7,0.0,0.0,0.0,81.9
1747229586743,7.2,0.0,12.1,0.0,0.0,0.2,80.6
1747229588754,7.6,0.0,12.2,0.0,0.0,0.2,80.0
1747229590764,8.2,0.0,12.5,0.0,0.0,0.1,79.2
1747229592775,7.6,0.0,11.4,0.0,0.0,0.0,81.0
1747229594785,7.0,0.0,11.6,0.0,0.0,0.1,81.3
1747229596794,7.2,0.0,12.0,0.0,0.0,0.0,80.7
1747229598810,7.8,0.0,11.8,0.0,0.0,0.1,80.3
1747229600820,10.5,0.0,15.7,0.0,0.0,0.0,73.7
1747229602830,9.9,0.0,15.5,0.0,0.0,0.1,74.5
1747229604841,10.1,0.0,15.2,0.0,0.0,0.1,74.7
1747229606852,0.0,0.0,0.0,0.0,0.0,0.0,0.0
1747229608861,9.4,0.0,15.2,0.0,0.0,0.1,75.3
1747229610872,9.2,0.0,15.4,0.0,0.0,0.1,75.3
1747229612885,9.9,0.0,14.5,0.0,0.0,0.1,75.4
1747229614898,9.5,0.0,14.9,0.0,0.0,0.0,75.5
1747229616909,9.4,0.0,13.8,0.0,0.0,0.1,76.7
1747229618921,9.3,0.0,14.1,0.0,0.0,0.0,76.6
1747229620932,9.1,0.0,14.0,0.0,0.0,0.1,76.7
1747229622944,9.9,0.0,13.8,0.0,0.0,0.1,76.2
1747229624956,6.7,0.0,10.1,0.0,0.0,0.1,83.2
1747229626966,6.4,0.0,10.8,0.0,0.0,0.1,82.7
1747229628975,6.1,0.0,11.2,0.0,0.0,0.1,82.7
1747229630984,6.8,0.0,11.1,0.0,0.0,0.2,81.9
1747229632991,6.5,0.0,10.9,0.0,0.0,0.1,82.5
1747229634999,6.1,0.0,11.6,0.0,0.0,0.1,82.2
1747229637007,6.3,0.0,11.7,0.0,0.0,0.0,81.9
1747229639016,6.6,0.0,12.6,0.0,0.0,0.1,80.7
1747229641032,6.5,0.0,12.1,0.0,0.0,0.0,81.3
1747229643041,7.7,0.0,12.0,0.0,0.0,0.1,80.3
1747229645050,6.4,0.0,13.0,0.0,0.0,0.1,80.5
1747229647059,7.0,0.0,11.4,0.0,0.0,0.1,81.5
1747229649071,7.0,0.0,11.6,0.0,0.0,0.2,81.2
1747229651082,6.9,0.0,11.4,0.0,0.0,0.2,81.5
1747229653093,7.1,0.0,11.5,0.0,0.0,0.2,81.2
1747229655106,6.7,0.0,12.7,0.0,0.0,0.1,80.5
1747229657116,7.5,0.0,12.0,0.0,0.0,0.1,80.3
1747229659127,6.7,0.0,11.8,0.0,0.0,0.0,81.4
1747229661137,6.2,0.0,12.1,0.0,0.0,0.2,81.5
1747229663149,7.0,0.0,12.3,0.0,0.0,0.1,80.5
1747229665160,7.5,0.0,11.8,0.0,0.0,0.1,80.6
1747229667171,7.2,0.0,13.0,0.0,0.0,0.1,79.7
1747229669183,7.4,0.0,12.1,0.0,0.0,0.2,80.3
1747229671194,7.4,0.0,13.3,0.0,0.0,0.1,79.3
1747229673202,7.6,0.0,11.3,0.0,0.0,0.1,80.9
1747229675212,7.0,0.0,12.5,0.0,0.0,0.1,80.4
1747229677223,7.4,0.0,12.0,0.0,0.0,0.1,80.5
1747229679234,7.2,0.0,13.2,0.0,0.0,0.1,79.5
1747229681245,7.2,0.0,13.0,0.0,0.0,0.1,79.6
1747229683255,6.5,0.0,12.6,0.0,0.0,0.0,80.9
1747229685265,7.0,0.0,11.6,0.0,0.0,0.1,81.3
1747229687274,6.8,0.0,12.5,0.0,0.0,0.0,80.6
1747229689285,7.9,0.0,12.3,0.0,0.0,0.1,79.7
1747229691296,7.7,0.0,12.3,0.0,0.0,0.0,79.9
1747229693308,7.6,0.0,12.4,0.0,0.0,0.1,79.8
1747229695320,7.4,0.0,12.9,0.0,0.0,0.0,79.7
1747229697333,7.6,0.0,11.9,0.0,0.0,0.1,80.4
1747229699346,7.1,0.0,12.6,0.0,0.0,0.1,80.2
1747229701359,6.5,0.0,13.3,0.0,0.0,0.2,80.0
1747229703370,7.5,0.0,13.0,0.0,0.0,0.0,79.5
1747229705382,8.1,0.0,11.9,0.0,0.0,0.1,79.9
1747229707393,7.3,0.0,12.2,0.0,0.0,0.0,80.4
1747229709405,7.2,0.0,13.0,0.0,0.0,0.1,79.7
1747229711417,7.2,0.0,13.2,0.0,0.0,0.0,79.5
1747229713428,7.4,0.0,12.8,0.0,0.0,0.1,79.7
1747229715438,6.5,0.0,12.9,0.0,0.0,0.1,80.5
1747229717454,6.5,0.0,12.4,0.0,0.0,0.0,81.1
1747229719483,7.8,0.0,12.8,0.0,0.0,0.0,79.3
1747229721509,6.8,0.0,12.1,0.0,0.0,0.3,80.7
1747229723530,6.4,0.0,11.8,0.0,0.0,0.0,81.7
1747229725548,6.7,0.0,13.2,0.0,0.0,0.1,80.0
1747229727560,6.6,0.0,12.8,0.0,0.0,0.1,80.5
1747229729570,7.8,0.0,11.6,0.0,0.0,0.1,80.5
1747229731580,6.8,0.0,11.5,0.0,0.0,0.2,81.5
1747229733592,7.1,0.0,11.6,0.0,0.0,0.1,81.2
1747229735602,6.8,0.0,12.8,0.0,0.0,0.1,80.4
1747229737612,8.0,0.0,12.4,0.0,0.0,0.0,79.6
1747229739623,7.0,0.0,12.2,0.0,0.0,0.0,80.8
1747229741634,7.0,0.0,11.6,0.0,0.0,0.1,81.3
1747229743650,7.1,0.0,13.2,0.0,0.0,0.1,79.6
1747229745660,8.0,0.0,12.3,0.0,0.0,0.1,79.6
1747229747672,7.0,0.0,11.9,0.0,0.0,0.0,81.0
1747229749683,7.3,0.0,11.5,0.0,0.0,0.0,81.2
1747229751694,6.8,0.0,12.0,0.0,0.0,0.2,81.0
1747229753704,8.4,0.0,11.9,0.0,0.0,0.0,79.6
1747229755715,6.3,0.0,13.2,0.0,0.0,0.0,80.4
1747229757725,6.2,0.0,12.7,0.0,0.0,0.1,81.0
1747229759736,6.5,0.0,12.7,0.0,0.0,0.1,80.7
1747229761746,7.7,0.0,12.2,0.0,0.0,0.1,80.0
1747229763757,6.7,0.0,12.7,0.0,0.0,0.1,80.5
1747229765769,7.5,0.0,13.0,0.0,0.0,0.1,79.4
1747229767779,7.8,0.0,13.5,0.0,0.0,0.1,78.7
1747229769790,8.3,0.0,11.8,0.0,0.0,0.2,79.7
1747229771800,7.1,0.0,11.7,0.0,0.0,0.2,80.9
1747229773812,6.4,0.0,12.1,0.0,0.0,0.0,81.5
1747229775824,6.2,0.0,12.9,0.0,0.0,0.2,80.7
1747229777835,0.0,0.0,0.0,0.0,0.0,0.0,0.0
1747229779846,8.3,0.0,14.0,0.0,0.0,0.1,77.6
1747229781864,10.1,0.0,15.4,0.0,0.0,0.3,74.2
1747229783878,10.2,0.0,15.8,0.0,0.0,0.0,74.0
1747229785890,10.9,0.0,16.6,0.0,0.0,0.2,72.2
1747229787906,9.8,0.0,13.8,0.0,0.0,0.2,76.2
1747229789921,9.6,0.0,14.9,0.0,0.0,0.0,75.4
1747229791933,9.4,0.0,15.3,0.0,0.0,0.0,75.2
1747229793945,9.8,0.0,16.2,0.0,0.0,0.0,73.9
1747229795956,9.8,0.0,14.0,0.0,0.0,0.2,75.9
1747229797967,10.0,0.0,13.8,0.0,0.0,0.1,76.0
1747229799978,9.2,0.0,15.3,0.0,0.0,0.1,75.4
1747229801988,9.8,0.0,15.5,0.0,0.0,0.2,74.5
1747229804000,0.2,0.0,0.3,0.0,0.0,0.0,99.5
1747229806010,6.8,0.0,11.6,0.0,0.0,0.1,81.5
1747229808020,7.0,0.0,11.8,0.0,0.0,0.0,81.1
1747229810032,7.2,0.0,11.7,0.0,0.0,0.0,81.1
1747229812043,0.2,0.0,0.2,0.0,0.0,0.0,99.6
1747229814053,7.0,0.0,11.9,0.0,0.0,0.1,81.0
1747229816064,7.4,0.0,12.0,0.0,0.0,0.2,80.3
1747229818074,6.9,0.0,12.2,0.0,0.0,0.0,80.9
1747229820084,8.2,0.0,12.4,0.0,0.0,0.1,79.3
1747229822095,7.2,0.0,11.4,0.0,0.0,0.1,81.3
1747229824106,6.8,0.0,12.5,0.0,0.0,0.0,80.6
1747229826116,7.0,0.0,12.3,0.0,0.0,0.2,80.4
1747229828127,8.3,0.0,11.4,0.0,0.0,0.1,80.1
1747229830137,6.9,0.0,12.8,0.0,0.0,0.1,80.2
1747229832148,6.7,0.0,12.3,0.0,0.0,0.1,80.9
1747229834158,6.8,0.0,13.2,0.0,0.0,0.1,79.8
1747229836169,7.3,0.0,12.3,0.0,0.0,0.1,80.2
1747229838179,6.3,0.0,13.6,0.0,0.0,0.1,80.0
1747229840189,6.3,0.0,12.9,0.0,0.0,0.1,80.6
1747229842197,6.1,0.0,11.3,0.0,0.0,0.0,82.6
1747229844208,0.0,0.0,0.0,0.0,0.0,0.0,0.0
1747229846225,9.4,0.0,14.2,0.0,0.0,0.0,76.3
1747229848243,10.0,0.0,14.5,0.0,0.0,0.0,75.5
1747229850256,10.1,0.0,14.3,0.0,0.0,0.0,75.5
1747229852268,10.8,0.0,14.7,0.0,0.0,0.1,74.4
1747229854280,9.7,0.0,14.4,0.0,0.0,0.1,75.8
1747229856292,9.7,0.0,14.1,0.0,0.0,0.1,76.1
1747229858305,9.7,0.0,14.3,0.0,0.0,0.1,75.9
1747229860317,9.6,0.0,15.2,0.0,0.0,0.2,75.0
1747229862329,0.0,0.0,0.0,0.0,0.0,0.0,0.0
1747229864340,9.3,0.0,13.7,0.0,0.0,0.1,77.0
1747229866352,9.4,0.0,13.8,0.0,0.0,0.1,76.7
1747229868364,9.1,0.0,14.2,0.0,0.0,0.1,76.7
1747229870376,0.0,0.0,0.0,0.0,0.0,0.0,99.9
1747229872387,7.1,0.0,11.6,0.0,0.0,0.1,81.3
1747229874398,6.5,0.0,12.2,0.0,0.0,0.1,81.1
1747229876408,6.6,0.0,12.4,0.0,0.0,0.0,81.0
1747229878419,0.2,0.0,0.3,0.0,0.0,0.0,99.6
1747229880429,6.9,0.0,12.4,0.0,0.0,0.0,80.6
1747229882440,6.6,0.0,11.9,0.0,0.0,0.1,81.4
1747229884452,6.8,0.0,12.8,0.0,0.0,0.1,80.3
1747229886463,6.9,0.0,11.6,0.0,0.0,0.1,81.5
1747229888474,6.7,0.0,12.7,0.0,0.0,0.1,80.5
1747229890485,7.0,0.0,11.9,0.0,0.0,0.0,81.1
1747229892496,7.3,0.0,12.0,0.0,0.0,0.0,80.6
1747229894506,7.0,0.0,13.8,0.0,0.0,0.0,79.2
1747229896516,7.6,0.0,12.8,0.0,0.0,0.1,79.5
1747229898526,7.2,0.0,13.7,0.0,0.0,0.2,78.8
1747229900535,7.1,0.0,12.9,0.0,0.0,0.0,79.9
1747229902548,7.1,0.0,13.4,0.0,0.0,0.1,79.4
1747229904561,7.1,0.0,13.7,0.0,0.0,0.1,79.2
1747229906577,7.1,0.0,12.8,0.1,0.0,0.1,79.8
1747229908593,7.4,0.0,13.9,0.0,0.0,0.0,78.6
1747229910605,7.5,0.0,13.1,0.0,0.0,0.1,79.3
1747229912616,11.3,0.0,15.1,0.0,0.0,0.1,73.4
1747229914627,11.6,0.0,16.3,0.0,0.0,0.1,72.0
1747229916638,10.8,0.0,16.8,0.0,0.0,0.1,72.3
1747229918649,11.4,0.0,17.8,0.0,0.0,0.2,70.7
1747229920665,0.0,0.0,0.0,0.0,0.0,0.0,0.0
1747229922678,10.3,0.0,14.8,0.0,0.0,0.1,74.8
1747229924691,9.8,0.0,15.6,0.0,0.0,0.2,74.4
1747229926703,10.3,0.0,15.7,0.0,0.0,0.2,73.8
1747229928715,0.0,0.0,0.0,0.0,0.0,0.0,0.0
1747229930726,9.8,0.0,15.3,0.0,0.0,0.1,74.8
1747229932738,9.5,0.0,15.2,0.0,0.0,0.1,75.2
1747229934751,10.3,0.0,15.4,0.0,0.0,0.1,74.2
1747229936763,0.1,0.0,0.1,0.0,0.0,0.0,99.7
1747229938774,7.1,0.0,12.4,0.0,0.0,0.1,80.4
1747229940786,7.2,0.0,13.1,0.0,0.0,0.1,79.6
1747229942796,7.3,0.0,12.1,0.0,0.0,0.0,80.6
1747229944806,0.1,0.0,0.2,0.0,0.0,0.0,99.7
1747229946816,7.4,0.0,13.2,0.0,0.0,0.2,79.3
1747229948826,7.6,0.0,13.4,0.0,0.0,0.0,78.9
1747229950836,6.8,0.0,13.7,0.0,0.0,0.0,79.5
1747229952845,7.1,0.0,12.6,0.0,0.0,0.1,80.2
1747229954852,6.5,0.0,12.9,0.0,0.0,0.1,80.4
1747229956861,7.2,0.0,12.7,0.0,0.0,0.1,79.9
1747229958870,7.6,0.0,13.0,0.0,0.0,0.1,79.3
1747229960878,7.7,0.0,13.6,0.0,0.0,0.1,78.6
1747229962885,6.9,0.0,13.2,0.0,0.0,0.1,79.8
1747229964895,7.1,0.0,13.0,0.0,0.0,0.1,79.8
1747229966906,7.2,0.0,12.8,0.0,0.0,0.1,79.8
1747229968916,7.2,0.0,14.1,0.0,0.0,0.0,78.6
1747229970926,11.2,0.0,16.1,0.0,0.0,0.1,72.5
1747229972935,11.4,0.0,16.7,0.0,0.0,0.0,71.9
1747229974947,10.9,0.0,17.2,0.0,0.0,0.0,71.9
1747229976957,10.9,0.0,18.5,0.0,0.0,0.1,70.5
1747229978968,0.0,0.0,0.0,0.0,0.0,0.0,0.0
1747229980981,10.6,0.0,15.4,0.0,0.0,0.0,73.9
1747229982995,10.6,0.0,15.3,0.0,0.0,0.0,74.1
1747229985010,10.8,0.0,14.9,0.0,0.0,0.1,74.2
1747229987024,0.0,0.0,0.0,0.0,0.0,0.0,0.0
1747229989036,9.9,0.0,14.7,0.0,0.0,0.0,75.3
1747229991049,9.8,0.0,14.8,0.0,0.0,0.0,75.4
1747229993062,10.1,0.0,14.8,0.0,0.0,0.0,75.1
1747229995074,0.2,0.0,0.3,0.0,0.0,0.0,99.4
1747229997085,6.7,0.0,11.4,0.0,0.0,0.2,81.8
1747229999096,6.8,0.0,11.8,0.0,0.0,0.2,81.2
1747230001108,7.0,0.0,11.8,0.0,0.0,0.1,81.1
1747230003119,0.1,0.0,0.2,0.0,0.0,0.0,99.6
1747230005130,6.9,0.0,13.1,0.0,0.0,0.0,80.0
1747230007141,7.9,0.0,14.2,0.0,0.0,0.1,77.8
1747230009152,7.2,0.0,13.7,0.0,0.0,0.1,78.9
1747230011161,7.2,0.0,13.5,0.0,0.0,0.1,79.2
1747230013169,6.7,0.0,11.7,0.0,0.0,0.1,81.6
1747230015181,6.9,0.0,11.9,0.0,0.0,0.1,81.1
1747230017192,6.1,0.0,12.8,0.0,0.0,0.1,81.1
1747230019221,6.6,0.0,12.2,0.0,0.0,0.1,81.0
1747230021231,6.8,0.0,13.1,0.0,0.0,0.2,80.0
1747230023243,7.1,0.0,12.8,0.0,0.0,0.1,80.0
1747230025254,6.9,0.0,13.3,0.0,0.0,0.0,79.7
1747230027264,6.8,0.0,13.3,0.0,0.0,0.1,79.8
1747230029276,7.7,0.0,13.6,0.0,0.0,0.1,78.6
1747230031286,6.9,0.0,13.5,0.0,0.0,0.1,79.5
1747230033296,6.9,0.0,13.6,0.0,0.0,0.1,79.4
1747230035305,7.1,0.0,12.3,0.0,0.0,0.0,80.5
1747230037317,6.8,0.0,12.5,0.0,0.0,0.0,80.7
1747230039328,7.2,0.0,13.2,0.0,0.0,0.0,79.6
1747230041339,6.9,0.0,14.1,0.0,0.0,0.2,78.8
1747230043348,7.2,0.0,13.0,0.0,0.0,0.1,79.7
1747230045360,10.4,0.0,15.5,0.0,0.0,0.1,74.0
1747230047374,10.8,0.0,15.0,0.0,0.0,0.1,74.1
1747230049388,10.4,0.0,15.8,0.0,0.0,0.0,73.8
1747230051401,10.9,0.0,16.6,0.0,0.0,0.2,72.3
1747230053418,0.0,0.0,0.0,0.0,0.0,0.0,0.0
1747230055429,10.0,0.0,15.4,0.0,0.0,0.1,74.5
1747230057442,10.6,0.0,15.5,0.0,0.0,0.1,73.8
1747230059454,10.4,0.0,16.0,0.0,0.0,0.1,73.4
1747230061466,0.0,0.0,0.0,0.0,0.0,0.0,0.0
1747230063477,9.9,0.0,15.4,0.0,0.0,0.0,74.7
1747230065488,9.5,0.0,15.9,0.0,0.0,0.0,74.5
1747230067500,9.7,0.0,15.8,0.0,0.0,0.0,74.5
1747230069511,0.0,0.0,0.0,0.0,0.0,0.0,0.0
1747230071536,8.8,0.0,14.1,0.0,0.0,0.1,76.9
1747230073551,8.3,0.0,14.6,0.0,0.0,0.1,77.1
1747230075575,8.8,0.0,13.4,0.0,0.0,0.1,77.7
1747230077588,8.9,0.0,14.7,0.0,0.0,0.1,76.3
1747230079601,6.3,0.0,10.9,0.0,0.0,0.1,82.8
1747230081612,6.5,0.0,11.9,0.0,0.0,0.2,81.4
1747230083622,6.0,0.0,12.4,0.0,0.0,0.1,81.5
1747230085632,7.2,0.0,11.7,0.0,0.0,0.1,81.0
1747230087643,7.2,0.0,11.8,0.0,0.0,0.1,80.9
1747230089653,6.9,0.0,12.3,0.0,0.0,0.1,80.7
1747230091664,7.0,0.0,12.6,0.0,0.0,0.3,80.0
1747230093675,7.6,0.0,12.4,0.0,0.0,0.1,79.9
1747230095686,8.0,0.0,12.6,0.0,0.0,0.1,79.4
1747230097697,7.2,0.0,12.4,0.0,0.0,0.1,80.3
1747230099708,6.8,0.0,13.0,0.0,0.0,0.1,80.1
1747230101719,6.6,0.0,13.6,0.0,0.0,0.2,79.7
1747230103729,0.2,0.0,0.3,0.0,0.0,0.0,99.5
1747230105739,6.5,0.0,13.8,0.0,0.0,0.1,79.7
1747230107748,7.5,0.0,12.9,0.0,0.0,0.0,79.5
1747230109757,7.0,0.0,12.2,0.0,0.0,0.0,80.8
1747230111770,0.2,0.0,0.3,0.0,0.0,0.0,99.5
1747230113789,7.5,0.0,12.6,0.0,0.0,0.2,79.8
1747230115802,7.9,0.0,13.4,0.0,0.0,0.2,78.5
1747230117811,8.0,0.0,13.9,0.0,0.0,0.1,78.0
1747230119823,0.2,0.0,0.3,0.0,0.0,0.0,99.5
1747230121833,8.7,0.0,14.6,0.0,0.0,0.5,76.3
1747230123843,7.7,0.0,14.1,0.0,0.0,0.3,77.9
1747230125854,8.0,0.0,14.2,0.0,0.0,0.1,77.8
1747230127864,8.8,0.0,14.2,0.0,0.0,0.2,76.8
1747230129874,8.2,0.0,13.9,0.0,0.0,0.1,77.8
1747230131885,8.0,0.0,14.3,0.0,0.0,0.2,77.6
1747230133896,8.1,0.0,14.2,0.0,0.0,0.1,77.7
1747230135906,9.3,0.0,13.8,0.0,0.0,0.1,76.7
1747230137923,7.1,0.0,13.7,0.0,0.0,0.2,79.0
1747230139939,7.7,0.0,14.0,0.0,0.0,0.1,78.2
1747230141951,8.0,0.0,13.7,0.0,0.0,0.3,78.0
1747230143962,8.8,0.0,13.9,0.0,0.0,0.1,77.3
1747230145972,7.8,0.0,14.2,0.0,0.0,0.1,77.9
1747230147981,8.4,0.0,13.9,0.0,0.0,0.1,77.6
1747230149992,7.6,0.0,13.8,0.1,0.0,0.1,78.5
1747230152001,8.8,0.0,13.8,0.0,0.0,0.1,77.4
1747230154011,7.8,0.0,13.1,0.0,0.0,0.1,79.0
1747230156022,7.9,0.0,12.9,0.0,0.0,0.1,79.1
1747230158032,7.9,0.0,13.1,0.0,0.0,0.1,78.9
1747230160043,8.3,0.0,13.4,0.0,0.0,0.1,78.2
1747230162055,7.8,0.0,13.9,0.0,0.0,0.2,78.1
1747230164067,7.4,0.0,14.1,0.0,0.0,0.1,78.3
1747230166078,8.1,0.0,14.2,0.0,0.0,0.1,77.5
1747230168089,8.2,0.0,14.5,0.0,0.0,0.1,77.1
1747230170101,8.6,0.0,12.9,0.1,0.0,0.1,78.3
1747230172111,7.6,0.0,14.2,0.0,0.0,0.1,78.1
1747230174122,8.7,0.0,14.0,0.0,0.0,0.1,77.2
1747230176134,8.9,0.0,13.4,0.0,0.0,0.1,77.7
1747230178145,8.0,0.0,14.2,0.0,0.0,0.1,77.8
1747230180155,7.6,0.0,14.5,0.0,0.0,0.1,77.7
1747230182165,7.7,0.0,14.2,0.0,0.0,0.1,77.9
1747230184176,8.2,0.0,13.6,0.0,0.0,0.1,78.2
1747230186187,7.4,0.0,13.7,0.0,0.0,0.1,78.8
1747230188196,7.0,0.0,13.6,0.0,0.0,0.1,79.4
1747230190210,8.3,0.0,13.5,0.0,0.0,0.2,78.0
1747230192222,8.4,0.0,15.2,0.0,0.0,0.2,76.2
1747230194234,7.1,0.0,14.2,0.0,0.0,0.1,78.6
1747230196244,7.7,0.0,13.9,0.0,0.0,0.2,78.2
1747230198255,7.5,0.0,14.6,0.0,0.0,0.1,77.8
1747230200266,9.2,0.0,13.9,0.0,0.0,0.2,76.7
1747230202277,7.4,0.0,14.2,0.0,0.0,0.1,78.3
1747230204289,7.8,0.0,13.4,0.0,0.0,0.1,78.6
1747230206300,7.6,0.0,13.5,0.1,0.0,0.2,78.7
1747230208313,8.8,0.0,12.9,0.0,0.0,0.1,78.2
1747230210321,7.9,0.0,13.4,0.0,0.0,0.2,78.5
1747230212330,7.0,0.0,13.9,0.0,0.0,0.2,78.9
1747230214340,7.4,0.0,13.7,0.0,0.0,0.1,78.8
1747230216351,0.0,0.0,0.0,0.0,0.0,0.0,0.0
1747230218362,11.5,0.0,18.2,0.0,0.0,0.0,70.3
1747230220374,11.5,0.0,17.9,0.0,0.0,0.1,70.5
1747230222386,12.4,0.0,17.7,0.0,0.0,0.1,69.8
1747230224398,11.9,0.0,17.1,0.0,0.0,0.1,70.9
1747230226410,11.4,0.0,15.8,0.0,0.0,0.2,72.6
1747230228421,11.2,0.0,17.6,0.0,0.0,0.0,71.1
1747230230432,12.1,0.0,17.0,0.0,0.0,0.1,70.9
1747230232444,11.7,0.0,17.5,0.0,0.0,0.1,70.7
1747230234456,11.1,0.0,16.3,0.0,0.0,0.0,72.6
1747230236468,11.1,0.0,16.0,0.0,0.0,0.1,72.7
1747230238483,10.0,0.0,16.9,0.0,0.0,0.1,73.0
1747230240499,11.6,0.0,16.9,0.0,0.0,0.1,71.4
1747230242511,8.2,0.0,12.5,0.0,0.0,0.2,79.1
1747230244520,7.9,0.0,13.1,0.0,0.0,0.1,79.0
1747230246532,7.2,0.0,12.2,0.0,0.0,0.1,80.5
1747230248542,7.2,0.0,13.4,0.0,0.0,0.1,79.3
1747230250554,8.6,0.0,12.7,0.0,0.0,0.2,78.5
1747230252563,7.3,0.0,13.3,0.0,0.0,0.1,79.2
1747230254572,7.3,0.0,14.0,0.0,0.0,0.1,78.7
1747230256585,8.1,0.0,14.1,0.0,0.0,0.1,77.7
1747230258596,7.9,0.0,13.4,0.0,0.0,0.1,78.5
1747230260607,7.4,0.0,13.8,0.0,0.0,0.0,78.8
1747230262618,7.5,0.0,14.3,0.0,0.0,0.2,78.0
1747230264627,8.5,0.0,14.6,0.0,0.0,0.1,76.9
1747230266635,8.5,0.0,12.6,0.0,0.0,0.1,78.8
1747230268643,7.5,0.0,12.6,0.0,0.0,0.1,79.8
1747230270660,6.6,0.0,14.3,0.0,0.0,0.1,79.0
1747230272668,7.6,0.0,13.8,0.0,0.0,0.0,78.5
1747230274678,8.2,0.0,13.1,0.0,0.0,0.2,78.5
1747230276691,7.2,0.0,13.0,0.0,0.0,0.1,79.7
1747230278706,7.2,0.0,12.6,0.0,0.0,0.0,80.2
1747230280715,7.2,0.0,13.6,0.0,0.0,0.0,79.1
1747230282727,9.3,0.0,13.2,0.0,0.0,0.0,77.4
1747230284738,8.6,0.0,13.3,0.0,0.0,0.0,78.1
1747230286749,8.5,0.0,13.6,0.0,0.0,0.2,77.8
1747230288760,8.2,0.0,14.1,0.0,0.0,0.0,77.6
1747230290770,8.2,0.0,13.4,0.0,0.0,0.1,78.3
1747230292781,7.6,0.0,13.8,0.0,0.0,0.1,78.5
1747230294793,7.3,0.0,13.2,0.0,0.0,0.1,79.5
1747230296803,7.5,0.0,13.2,0.0,0.0,0.3,79.0
1747230298814,8.3,0.0,12.8,0.0,0.0,0.1,78.8
1747230300823,7.4,0.0,12.0,0.0,0.0,0.1,80.5
1747230302834,7.7,0.0,12.3,0.0,0.0,0.0,80.0
1747230304844,7.1,0.0,12.3,0.0,0.0,0.1,80.6
1747230306858,7.7,0.0,12.9,0.0,0.0,0.0,79.4
1747230308872,8.1,0.0,12.6,0.0,0.0,0.0,79.3
1747230310883,7.4,0.0,13.2,0.0,0.0,0.0,79.3
1747230312893,7.9,0.0,14.2,0.0,0.0,0.1,77.8
1747230314903,9.0,0.0,12.4,0.0,0.0,0.1,78.5
1747230316915,7.3,0.0,13.1,0.0,0.0,0.1,79.6
1747230318926,7.1,0.0,12.7,0.0,0.0,0.0,80.2
1747230320937,7.2,0.0,12.5,0.2,0.0,0.1,80.0
1747230322948,8.2,0.0,12.6,0.0,0.0,0.1,79.0
1747230324958,6.8,0.0,13.2,0.0,0.0,0.1,79.8
