timestamp_ms,usr%,nice%,sys%,iowait%,irq%,soft%,steal%,idle%
1747230522207,7.2,0.0,13.5,0.0,0.0,0.1,79.2
1747230524216,7.7,0.0,13.3,0.0,0.0,0.2,78.8
1747230526224,7.5,0.0,13.4,0.0,0.0,0.1,79.0
1747230528234,8.0,0.0,13.6,0.0,0.0,0.1,78.3
1747230530242,7.4,0.0,13.8,0.0,0.0,0.0,78.7
1747230532253,8.5,0.0,14.4,0.0,0.0,0.2,76.9
1747230534265,9.4,0.0,14.4,0.0,0.0,0.1,76.1
1747230536276,8.0,0.0,13.7,0.0,0.0,0.1,78.3
1747230538286,8.0,0.0,13.3,0.0,0.0,0.1,78.5
1747230540296,7.0,0.0,14.8,0.0,0.0,0.1,78.1
1747230542306,8.5,0.0,13.0,0.0,0.0,0.2,78.3
1747230544315,7.3,0.0,14.6,0.0,0.0,0.1,78.0
1747230546325,7.9,0.0,14.2,0.0,0.0,0.1,77.8
1747230548335,8.4,0.0,13.3,0.0,0.0,0.1,78.2
1747230550346,7.8,0.0,14.3,0.0,0.0,0.0,77.9
1747230552358,7.5,0.0,13.5,0.0,0.0,0.2,78.8
1747230554369,8.4,0.0,12.8,0.0,0.0,0.1,78.7
1747230556379,7.4,0.0,14.1,0.0,0.0,0.2,78.4
1747230558390,11.1,0.0,14.9,0.0,0.0,0.0,74.0
1747230560400,10.0,0.0,15.5,0.0,0.0,0.0,74.5
1747230562411,9.2,0.0,16.2,0.0,0.0,0.1,74.5
1747230564422,7.9,0.0,13.4,0.0,0.0,0.1,78.6
1747230566434,0.0,0.0,0.0,0.0,0.0,0.0,0.0
1747230568446,10.2,0.0,15.9,0.0,0.0,0.0,73.9
1747230570460,11.0,0.0,16.9,0.0,0.0,0.1,72.0
1747230572471,10.9,0.0,16.7,0.0,0.0,0.3,72.1
1747230574486,10.5,0.0,16.7,0.0,0.0,0.0,72.8
1747230576504,10.4,0.0,16.0,0.0,0.0,0.1,73.5
1747230578517,10.6,0.0,15.9,0.0,0.0,0.0,73.5
1747230580530,10.1,0.0,15.5,0.0,0.0,0.0,74.4
1747230582544,10.9,0.0,15.3,0.0,0.0,0.2,73.6
1747230584560,9.4,0.0,14.3,0.0,0.0,0.1,76.2
1747230586573,10.1,0.0,14.8,0.0,0.0,0.1,74.9
1747230588587,9.6,0.0,15.3,0.0,0.0,0.1,75.0
1747230590601,10.2,0.0,16.7,0.0,0.0,0.1,73.0
1747230592612,8.2,0.0,11.8,0.0,0.0,0.1,79.9
1747230594623,7.9,0.0,11.9,0.0,0.0,0.0,80.2
1747230596633,8.1,0.0,11.9,0.0,0.0,0.1,79.8
1747230598644,7.9,0.0,12.9,0.0,0.0,0.0,79.1
1747230600654,8.4,0.0,13.8,0.0,0.0,0.2,77.6
1747230602664,7.8,0.0,13.4,0.0,0.0,0.3,78.5
1747230604675,7.9,0.0,13.6,0.0,0.0,0.2,78.4
1747230606684,8.4,0.0,13.5,0.0,0.0,0.1,78.0
1747230608696,0.2,0.0,0.3,0.0,0.0,0.0,99.5
1747230610707,8.0,0.0,14.4,0.0,0.0,0.1,77.5
1747230612720,8.8,0.0,14.2,0.0,0.0,0.3,76.6
1747230614731,7.7,0.0,15.1,0.0,0.0,0.2,77.0
1747230616742,0.1,0.0,0.2,0.0,0.0,0.0,99.6
1747230618751,7.9,0.0,14.9,0.0,0.0,0.1,77.1
1747230620763,8.1,0.0,14.2,0.0,0.0,0.0,77.6
1747230622773,8.0,0.0,13.9,0.0,0.0,0.2,77.9
1747230624783,8.8,0.0,14.3,0.0,0.0,0.0,76.9
1747230626795,8.1,0.0,13.7,0.0,0.0,0.1,78.1
1747230628802,7.8,0.0,14.9,0.0,0.0,0.0,77.2
1747230630812,7.0,0.0,14.4,0.0,0.0,0.1,78.5
1747230632836,8.2,0.0,13.7,0.0,0.0,0.2,77.8
1747230634848,7.6,0.0,15.1,0.0,0.0,0.1,77.2
1747230636860,7.8,0.0,14.6,0.0,0.0,0.2,77.4
1747230638871,7.8,0.0,13.7,0.0,0.0,0.1,78.4
1747230640882,8.5,0.0,13.8,0.0,0.0,0.1,77.6
1747230642891,7.2,0.0,14.5,0.0,0.0,0.1,78.2
1747230644910,6.6,0.0,13.2,0.0,0.0,0.1,80.0
1747230646922,6.9,0.0,13.6,0.0,0.0,0.3,79.2
1747230648937,9.2,0.0,13.4,0.0,0.0,0.1,77.3
1747230650948,7.2,0.0,12.9,0.0,0.0,0.1,79.8
1747230652961,6.9,0.0,13.1,0.0,0.0,0.0,79.9
1747230654973,7.2,0.0,13.3,0.0,0.0,0.1,79.3
1747230656984,8.1,0.0,13.2,0.0,0.0,0.2,78.5
1747230658994,7.4,0.0,13.5,0.0,0.0,0.1,79.0
1747230661005,7.7,0.0,13.6,0.0,0.0,0.1,78.5
1747230663014,8.1,0.0,13.3,0.0,0.0,0.1,78.5
1747230665024,8.8,0.0,14.3,0.0,0.0,0.1,76.8
1747230667034,7.3,0.0,14.1,0.0,0.0,0.2,78.4
1747230669045,7.8,0.0,13.7,0.0,0.0,0.1,78.4
1747230671056,8.3,0.0,13.6,0.0,0.0,0.0,78.1
1747230673064,9.6,0.0,14.0,0.0,0.0,0.1,76.3
1747230675074,7.4,0.0,13.4,0.0,0.0,0.1,79.1
1747230677084,7.7,0.0,13.0,0.0,0.0,0.2,79.1
1747230679095,7.2,0.0,13.5,0.0,0.0,0.0,79.2
1747230681106,8.8,0.0,13.3,0.0,0.0,0.1,77.8
1747230683118,7.4,0.0,13.2,0.0,0.0,0.1,79.4
1747230685127,7.3,0.0,13.9,0.0,0.0,0.0,78.8
1747230687136,7.3,0.0,14.0,0.0,0.0,0.1,78.5
1747230689146,8.8,0.0,13.8,0.0,0.0,0.0,77.4
1747230691158,8.2,0.0,15.2,0.0,0.0,0.0,76.6
1747230693170,9.1,0.0,15.6,0.0,0.0,0.0,75.3
1747230695181,8.3,0.0,14.4,0.0,0.0,0.0,77.3
1747230697191,8.2,0.0,13.1,0.0,0.0,0.2,78.6
1747230699200,7.0,0.0,13.2,0.0,0.0,0.1,79.6
1747230701210,7.8,0.0,13.1,0.0,0.0,0.0,79.0
1747230703222,7.2,0.0,13.1,0.0,0.0,0.1,79.6
1747230705236,7.9,0.0,13.6,0.0,0.0,0.1,78.4
1747230707248,6.7,0.0,13.0,0.0,0.0,0.2,80.1
1747230709261,7.5,0.0,12.4,0.0,0.0,0.0,80.0
1747230711272,7.4,0.0,13.3,0.0,0.0,0.1,79.2
1747230713281,8.3,0.0,13.5,0.0,0.0,0.1,78.0
1747230715294,8.2,0.0,13.1,0.0,0.0,0.1,78.7
1747230717306,8.4,0.0,13.8,0.0,0.0,0.1,77.6
1747230719318,7.6,0.0,13.7,0.0,0.0,0.1,78.6
1747230721331,10.6,0.0,15.9,0.0,0.0,0.1,73.4
1747230723342,7.4,0.0,13.5,0.0,0.0,0.0,79.1
1747230725354,7.6,0.0,13.3,0.0,0.0,0.1,79.0
1747230727362,7.4,0.0,13.8,0.0,0.0,0.1,78.6
1747230729374,0.0,0.0,0.0,0.0,0.0,0.0,0.0
1747230731384,11.3,0.0,19.1,0.0,0.0,0.1,69.5
1747230733394,12.2,0.0,17.2,0.0,0.0,0.1,70.4
1747230735406,12.2,0.0,17.0,0.0,0.0,0.0,70.8
1747230737419,11.9,0.0,18.1,0.0,0.0,0.1,70.0
1747230739430,10.7,0.0,15.8,1.4,0.0,0.0,72.1
1747230741439,11.3,0.0,15.6,0.3,0.0,0.0,72.7
1747230743453,10.9,0.0,15.8,0.0,0.0,0.1,73.2
1747230745464,11.4,0.0,16.6,0.0,0.0,0.1,72.0
1747230747485,8.7,0.0,11.4,2.0,0.0,0.0,77.9
1747230749497,10.6,0.0,14.8,0.0,0.0,0.0,74.6
1747230751512,10.5,0.0,14.9,0.0,0.0,0.1,74.5
1747230753529,10.1,0.0,16.2,0.0,0.0,0.1,73.6
1747230755546,0.2,0.0,0.3,0.0,0.0,0.0,99.5
1747230757558,7.4,0.0,11.4,0.0,0.0,0.1,81.1
1747230759566,7.1,0.0,12.2,0.0,0.0,0.0,80.6
1747230761575,7.5,0.0,11.4,0.0,0.0,0.0,81.0
1747230763585,0.2,0.0,0.2,0.0,0.0,0.0,99.6
1747230765597,6.9,0.0,12.7,0.0,0.0,0.1,80.4
1747230767606,7.1,0.0,12.8,0.0,0.0,0.2,79.8
1747230769619,7.5,0.0,11.9,0.0,0.0,0.0,80.5
1747230771630,0.1,0.0,0.2,0.0,0.0,0.0,99.6
1747230773643,6.9,0.0,12.9,0.0,0.0,0.1,80.1
1747230775665,7.1,0.0,14.1,0.0,0.0,0.1,78.7
1747230777677,7.9,0.0,13.4,0.0,0.0,0.2,78.5
1747230779686,9.1,0.0,13.7,0.0,0.0,0.0,77.1
1747230781695,7.9,0.0,13.8,0.0,0.0,0.2,78.2
1747230783705,7.7,0.0,15.1,0.0,0.0,0.1,77.2
1747230785716,9.2,0.0,14.7,0.0,0.0,0.1,76.0
1747230787728,7.2,0.0,14.4,0.0,0.0,0.1,78.3
1747230789738,7.5,0.0,14.1,0.0,0.0,0.1,78.3
1747230791751,7.8,0.0,14.1,0.0,0.0,0.0,78.1
1747230793763,8.0,0.0,15.1,0.0,0.0,0.0,76.9
1747230795773,7.6,0.0,14.6,0.0,0.0,0.0,77.8
1747230797784,7.5,0.0,14.7,0.0,0.0,0.2,77.7
1747230799798,7.3,0.0,14.7,0.0,0.0,0.1,77.9
1747230801808,7.7,0.0,14.3,0.0,0.0,0.1,77.9
1747230803819,9.6,0.0,13.9,0.0,0.0,0.0,76.4
1747230805830,12.0,0.0,17.6,0.0,0.0,0.0,70.4
1747230807846,10.4,0.0,15.8,0.0,0.0,0.1,73.7
1747230809862,10.7,0.0,16.0,0.0,0.0,0.1,73.2
1747230811877,10.9,0.0,17.0,0.0,0.0,0.0,72.1
1747230813892,0.0,0.0,0.0,0.0,0.0,0.0,0.0
1747230815912,10.4,0.0,15.9,0.0,0.0,0.1,73.6
1747230817930,10.7,0.0,15.8,0.0,0.0,0.1,73.5
1747230819946,11.0,0.0,15.7,0.0,0.0,0.0,73.3
1747230821963,0.0,0.0,0.0,0.0,0.0,0.0,0.0
1747230823977,10.2,0.0,14.6,0.0,0.0,0.0,75.2
1747230825990,9.4,0.0,15.6,0.0,0.0,0.1,74.9
1747230828003,10.1,0.0,14.7,0.0,0.0,0.1,75.2
1747230830015,0.1,0.0,0.1,0.0,0.0,0.0,99.8
1747230832025,7.2,0.0,11.2,0.0,0.0,0.0,81.6
1747230834034,7.0,0.0,11.8,0.0,0.0,0.1,81.2
1747230836045,7.8,0.0,11.3,0.0,0.0,0.1,80.8
1747230838056,0.1,0.0,0.2,0.0,0.0,0.0,99.7
1747230840066,7.5,0.0,12.4,0.0,0.0,0.1,80.0
1747230842077,6.9,0.0,13.8,0.0,0.0,0.0,79.3
1747230844089,7.5,0.0,13.3,0.0,0.0,0.0,79.2
1747230846102,7.8,0.0,12.9,0.0,0.0,0.2,79.1
1747230848113,8.2,0.0,13.5,0.0,0.0,0.1,78.2
1747230850124,9.2,0.0,13.3,0.0,0.0,0.1,77.4
1747230852135,7.5,0.0,13.0,0.0,0.0,0.1,79.3
1747230854144,7.2,0.0,14.7,0.0,0.0,0.1,78.0
1747230856153,7.5,0.0,13.5,0.0,0.0,0.0,78.9
1747230858161,7.4,0.0,14.2,0.0,0.0,0.2,78.3
1747230860171,8.2,0.0,13.2,0.0,0.0,0.1,78.5
1747230862179,7.9,0.0,13.8,0.0,0.0,0.0,78.2
1747230864189,7.5,0.0,13.6,0.0,0.0,0.1,78.8
1747230866200,7.6,0.0,14.0,0.0,0.0,0.2,78.1
1747230868211,7.2,0.0,14.4,0.0,0.0,0.1,78.4
1747230870220,7.5,0.0,13.7,0.0,0.0,0.0,78.7
1747230872230,8.2,0.0,13.8,0.0,0.0,0.2,77.8
1747230874239,7.5,0.0,13.6,0.0,0.0,0.1,78.8
1747230876249,6.6,0.0,13.5,0.0,0.0,0.0,79.9
1747230878262,6.7,0.0,13.9,0.0,0.0,0.0,79.3
1747230880270,7.2,0.0,13.3,0.0,0.0,0.1,79.3
1747230882280,7.2,0.0,13.3,0.0,0.0,0.2,79.3
1747230884290,7.9,0.0,12.5,0.0,0.0,0.1,79.5
1747230886298,7.4,0.0,13.8,0.0,0.0,0.1,78.7
1747230888305,7.0,0.0,13.2,0.0,0.0,0.1,79.7
1747230890317,7.0,0.0,13.0,0.0,0.0,0.1,79.8
1747230892333,7.0,0.0,13.7,0.0,0.0,0.2,79.1
1747230894360,7.0,0.0,13.4,0.0,0.0,0.1,79.5
1747230896372,7.1,0.0,13.3,0.0,0.0,0.1,79.5
1747230898382,8.6,0.0,13.8,0.0,0.0,0.0,77.6
1747230900393,7.5,0.0,12.8,0.0,0.0,0.2,79.5
1747230902404,7.9,0.0,13.4,0.0,0.0,0.2,78.5
1747230904415,7.5,0.0,14.2,0.0,0.0,0.0,78.2
1747230906426,7.3,0.0,14.4,0.0,0.0,0.0,78.3
1747230908437,6.9,0.0,13.1,0.0,0.0,0.1,79.8
1747230910449,0.0,0.0,0.0,0.0,0.0,0.0,0.0
1747230912461,11.3,0.0,16.5,0.0,0.0,0.2,72.0
1747230914472,10.2,0.0,18.5,0.0,0.0,0.1,71.2
1747230916483,11.3,0.0,16.6,0.0,0.0,0.1,72.0
1747230918493,12.1,0.0,17.1,0.0,0.0,0.1,70.7
1747230920504,11.2,0.0,15.0,0.0,0.0,0.1,73.7
1747230922513,11.0,0.0,15.2,0.1,0.0,0.1,73.5
1747230924524,10.3,0.0,15.8,0.0,0.0,0.0,73.8
1747230926538,10.4,0.0,16.3,0.0,0.0,0.0,73.2
1747230928555,0.0,0.0,0.0,0.0,0.0,0.0,0.0
1747230930568,10.1,0.0,14.9,0.0,0.0,0.1,74.9
1747230932582,9.7,0.0,15.4,0.0,0.0,0.1,74.8
1747230934596,10.1,0.0,14.8,0.0,0.0,0.0,75.0
1747230936611,0.2,0.0,0.3,0.0,0.0,0.0,99.5
1747230938623,6.8,0.0,11.5,0.0,0.0,0.2,81.5
1747230940632,7.3,0.0,11.5,0.0,0.0,0.1,81.0
1747230942641,6.4,0.0,11.9,0.0,0.0,0.2,81.5
1747230944653,0.1,0.0,0.2,0.0,0.0,0.0,99.7
1747230946680,6.4,0.0,12.0,0.0,0.0,0.1,81.5
1747230948693,6.6,0.0,12.6,0.0,0.0,0.1,80.7
1747230950707,7.4,0.0,12.2,0.0,0.0,0.1,80.2
1747230952716,8.0,0.0,12.7,0.0,0.0,0.2,79.1
1747230954727,7.0,0.0,13.8,0.0,0.0,0.1,79.1
1747230956738,7.9,0.0,13.4,0.0,0.0,0.1,78.6
1747230958751,7.5,0.0,13.4,0.0,0.0,0.2,78.8
1747230960763,8.8,0.0,15.0,0.0,0.0,0.1,76.1
1747230962774,6.8,0.0,13.4,0.0,0.0,0.2,79.5
1747230964786,7.0,0.0,13.0,0.0,0.0,0.0,80.0
1747230966796,7.4,0.0,12.9,0.0,0.0,0.1,79.6
1747230968809,8.2,0.0,12.0,0.0,0.0,0.1,79.7
1747230970821,7.2,0.0,12.6,0.0,0.0,0.0,80.2
1747230972834,6.7,0.0,12.6,0.0,0.0,0.1,80.6
1747230974846,7.1,0.0,12.4,0.0,0.0,0.0,80.4
1747230976858,7.9,0.0,12.6,0.0,0.0,0.1,79.5
1747230978868,7.2,0.0,12.5,0.0,0.0,0.1,80.2
1747230980880,7.9,0.0,13.4,0.0,0.0,0.1,78.7
1747230982892,7.6,0.0,12.7,0.0,0.0,0.3,79.4
1747230984904,8.0,0.0,13.1,0.0,0.0,0.2,78.8
1747230986916,7.3,0.0,12.5,0.0,0.0,0.1,80.1
1747230988926,6.6,0.0,13.8,0.0,0.0,0.1,79.5
1747230990936,7.0,0.0,12.6,0.0,0.0,0.0,80.5
1747230992949,7.4,0.0,12.2,0.0,0.0,0.2,80.1
1747230994959,7.1,0.0,11.9,0.0,0.0,0.1,80.9
1747230996966,6.5,0.0,12.2,0.0,0.0,0.0,81.2
1747230998976,7.1,0.0,11.5,0.0,0.0,0.1,81.3
1747231000985,7.5,0.0,11.9,0.0,0.0,0.0,80.5
1747231002999,7.6,0.0,11.8,0.0,0.0,0.1,80.6
1747231005015,7.1,0.0,12.5,0.0,0.0,0.1,80.3
1747231007050,7.3,0.0,12.8,0.0,0.0,0.1,79.8
1747231009060,7.0,0.0,11.6,0.0,0.0,0.1,81.3
1747231011069,7.0,0.0,11.0,0.0,0.0,0.1,81.9
1747231013083,6.0,0.0,12.0,0.0,0.0,0.1,81.9
1747231015092,6.4,0.0,11.1,0.0,0.0,0.2,82.3
1747231017111,6.8,0.0,12.5,0.0,0.0,0.0,80.7
1747231019122,6.7,0.0,12.2,0.0,0.0,0.0,81.1
1747231021132,7.1,0.0,12.0,0.0,0.0,0.0,80.9
1747231023142,7.2,0.0,12.2,0.0,0.0,0.1,80.6
1747231025153,6.8,0.0,12.8,0.0,0.0,0.2,80.2
1747231027163,7.7,0.0,12.9,0.0,0.0,0.0,79.4
1747231029175,8.5,0.0,14.6,0.0,0.0,0.0,76.9
1747231031185,7.4,0.0,12.7,0.0,0.0,0.0,79.9
1747231033197,7.3,0.0,13.4,0.0,0.0,0.0,79.3
1747231035208,6.2,0.0,14.2,0.0,0.0,0.2,79.4
1747231037218,6.8,0.0,13.4,0.0,0.0,0.1,79.7
1747231039229,6.6,0.0,15.2,0.0,0.0,0.0,78.1
1747231041239,7.2,0.0,15.9,0.0,0.0,0.0,76.8
1747231043252,9.4,0.0,18.5,0.0,0.0,0.1,71.9
1747231045261,7.5,0.0,14.8,0.0,0.0,0.2,77.5
1747231047269,6.5,0.0,13.4,0.0,0.0,0.1,80.0
1747231049281,6.3,0.0,12.5,0.0,0.0,0.0,81.2
1747231051292,6.4,0.0,11.4,0.0,0.0,0.1,82.1
1747231053310,5.9,0.0,11.1,0.0,0.0,0.1,82.9
1747231055327,5.9,0.0,11.3,0.0,0.0,0.1,82.7
1747231057338,6.4,0.0,12.2,0.0,0.0,0.0,81.4
1747231059350,6.7,0.0,11.3,0.0,0.0,0.0,82.0
1747231061373,7.8,0.0,12.4,0.0,0.0,0.1,79.7
1747231063384,7.1,0.0,12.3,0.0,0.0,0.1,80.5
1747231065394,7.3,0.0,12.2,0.0,0.0,0.1,80.4
1747231067405,7.0,0.0,11.6,0.0,0.0,0.1,81.3
1747231069416,6.7,0.0,11.9,0.0,0.0,0.1,81.3
1747231071428,6.8,0.0,12.3,0.0,0.0,0.0,80.9
1747231073440,7.3,0.0,12.5,0.0,0.0,0.1,80.1
1747231075453,7.0,0.0,12.1,0.0,0.0,0.0,80.8
1747231077465,6.4,0.0,13.7,0.0,0.0,0.1,79.8
1747231079476,7.2,0.0,13.8,0.0,0.0,0.0,79.0
1747231081488,7.4,0.0,13.8,0.0,0.0,0.1,78.7
1747231083500,7.2,0.0,12.4,0.0,0.0,0.0,80.4
1747231085511,7.7,0.0,12.9,0.0,0.0,0.1,79.3
1747231087522,7.4,0.0,12.3,0.0,0.0,0.1,80.2
1747231089534,7.1,0.0,13.3,0.0,0.0,0.1,79.4
1747231091545,6.6,0.0,13.8,0.0,0.0,0.1,79.5
1747231093555,6.8,0.0,14.1,0.0,0.0,0.1,79.0
1747231095567,6.6,0.0,13.3,0.0,0.0,0.1,80.0
1747231097579,6.9,0.0,13.4,0.0,0.0,0.1,79.6
1747231099590,7.4,0.0,13.7,0.0,0.0,0.0,78.8
1747231101602,8.1,0.0,12.6,0.0,0.0,0.1,79.3
1747231103612,7.9,0.0,13.1,0.0,0.0,0.0,79.0
1747231105632,8.4,0.0,14.1,0.0,0.0,0.0,77.5
1747231107673,6.4,0.0,12.3,0.0,0.0,0.2,81.0
1747231109681,6.9,0.0,11.6,0.0,0.0,0.0,81.5
1747231111695,6.4,0.0,11.8,0.0,0.0,0.0,81.8
1747231113709,7.2,0.0,11.7,0.0,0.0,0.0,81.0
1747231115720,7.8,0.0,12.1,0.0,0.0,0.0,80.0
1747231117744,10.1,0.0,15.9,0.0,0.0,0.1,73.9
1747231119757,10.9,0.0,15.2,0.0,0.0,0.1,73.8
1747231121780,10.6,0.0,16.3,0.0,0.0,0.1,73.1
1747231123794,0.0,0.0,0.0,0.0,0.0,0.0,0.0
1747231125805,10.1,0.0,15.2,0.0,0.0,0.1,74.7
1747231127817,10.3,0.0,15.2,0.0,0.0,0.1,74.4
1747231129828,10.3,0.0,15.2,0.0,0.0,0.1,74.5
1747231131838,0.0,0.0,0.0,0.0,0.0,0.0,0.0
1747231133848,9.9,0.0,14.2,0.0,0.0,0.1,75.8
1747231135858,9.6,0.0,15.5,0.0,0.0,0.0,74.8
1747231137870,9.8,0.0,15.8,0.0,0.0,0.1,74.4
1747231139882,10.0,0.0,15.4,0.0,0.0,0.0,74.6
1747231141894,6.7,0.0,11.1,0.0,0.0,0.1,82.1
1747231143905,7.1,0.0,12.3,0.0,0.0,0.0,80.5
1747231145917,6.9,0.0,11.7,0.0,0.0,0.1,81.2
1747231147927,6.0,0.0,13.2,0.0,0.0,0.1,80.6
1747231149938,6.6,0.0,11.2,0.0,0.0,0.1,82.1
1747231151949,6.4,0.0,12.5,0.0,0.0,0.0,81.0
1747231153958,6.5,0.0,11.3,0.0,0.0,0.1,82.1
1747231155966,6.3,0.0,11.9,0.0,0.0,0.1,81.7
1747231157976,7.0,0.0,11.8,0.0,0.0,0.1,81.1
1747231159991,6.9,0.0,11.4,0.0,0.0,0.1,81.6
1747231162006,7.9,0.0,12.1,0.0,0.0,0.1,79.9
1747231164022,7.9,0.0,13.2,0.0,0.0,0.1,78.8
1747231166035,9.3,0.0,13.2,0.0,0.0,0.1,77.4
1747231168046,7.3,0.0,12.5,0.0,0.0,0.1,80.0
1747231170054,6.8,0.0,13.5,0.0,0.0,0.1,79.7
1747231172063,7.4,0.0,12.8,0.0,0.0,0.1,79.7
1747231174074,7.8,0.0,13.6,0.0,0.0,0.1,78.5
1747231176087,6.9,0.0,13.9,0.0,0.0,0.1,79.1
1747231178099,8.1,0.0,13.4,0.0,0.0,0.0,78.5
1747231180110,7.3,0.0,14.4,0.0,0.0,0.0,78.2
1747231182120,8.8,0.0,13.8,0.0,0.0,0.1,77.2
1747231184131,7.7,0.0,13.8,0.0,0.0,0.1,78.3
1747231186141,8.2,0.0,13.9,0.0,0.0,0.1,77.8
1747231188151,8.1,0.0,13.5,0.0,0.0,0.1,78.4
1747231190161,9.4,0.0,13.7,0.0,0.0,0.1,76.9
1747231192172,7.7,0.0,13.3,0.0,0.0,0.1,79.0
1747231194183,7.4,0.0,13.9,0.0,0.0,0.0,78.6
1747231196193,6.9,0.0,13.5,0.0,0.0,0.0,79.5
1747231198202,8.3,0.0,13.6,0.0,0.0,0.1,78.0
1747231200212,6.9,0.0,13.3,0.0,0.0,0.0,79.8
1747231202221,7.2,0.0,13.6,0.0,0.0,0.1,79.2
1747231204230,7.3,0.0,15.4,0.0,0.0,0.1,77.3
1747231206241,8.9,0.0,13.9,0.0,0.0,0.1,77.0
1747231208253,7.6,0.0,12.9,0.0,0.0,0.1,79.4
1747231210264,7.6,0.0,12.1,0.0,0.0,0.1,80.1
1747231212273,6.8,0.0,12.6,0.0,0.0,0.0,80.5
1747231214281,8.2,0.0,11.8,0.0,0.0,0.0,79.9
1747231216290,6.2,0.0,11.7,0.0,0.0,0.0,82.0
1747231218297,6.5,0.0,11.3,0.0,0.0,0.0,82.2
1747231220317,6.5,0.0,11.7,0.0,0.0,0.1,81.7
1747231222331,7.6,0.0,11.9,0.0,0.0,0.1,80.3
1747231224344,6.5,0.0,11.7,0.0,0.0,0.1,81.8
1747231226354,6.8,0.0,12.2,0.0,0.0,0.0,81.1
1747231228363,6.9,0.0,11.8,0.0,0.0,0.0,81.2
1747231230382,9.4,0.0,13.4,0.0,0.0,0.1,77.1
1747231232394,7.6,0.0,12.2,0.0,0.0,0.2,80.0
1747231234409,8.4,0.0,14.4,0.0,0.0,0.0,77.2
1747231236420,7.8,0.0,12.2,0.0,0.0,0.0,80.0
1747231238431,8.3,0.0,12.8,0.0,0.0,0.1,78.8
1747231240442,7.3,0.0,13.1,0.0,0.0,0.0,79.6
1747231242452,7.2,0.0,13.2,0.0,0.0,0.2,79.4
1747231244463,7.4,0.0,14.1,0.0,0.0,0.1,78.4
1747231246472,0.0,0.0,0.0,0.0,0.0,0.0,0.0
1747231248482,11.1,0.0,17.8,0.0,0.0,0.2,71.0
1747231250494,11.3,0.0,17.1,0.0,0.0,0.1,71.5
1747231252506,11.1,0.0,16.7,0.0,0.0,0.1,72.1
1747231254518,11.5,0.0,16.6,0.0,0.0,0.2,71.8
1747231256529,10.9,0.0,15.3,0.0,0.0,0.1,73.7
1747231258539,10.0,0.0,17.2,0.0,0.0,0.1,72.8
1747231260548,10.6,0.0,16.9,0.0,0.0,0.1,72.5
1747231262563,10.8,0.0,15.9,0.0,0.0,0.2,73.1
1747231264578,9.8,0.0,14.6,0.0,0.0,0.0,75.7
1747231266598,9.7,0.0,15.3,0.0,0.0,0.1,74.8
1747231268628,9.6,0.0,15.3,0.0,0.0,0.1,75.0
1747231270653,10.3,0.0,15.7,0.0,0.0,0.0,74.0
1747231272667,6.7,0.0,11.3,0.0,0.0,0.2,81.8
1747231274677,6.9,0.0,11.0,0.0,0.0,0.1,82.0
1747231276685,6.6,0.0,11.1,0.0,0.0,0.1,82.3
1747231278697,6.6,0.0,11.2,0.0,0.0,0.0,82.2
1747231280717,7.0,0.0,11.8,0.0,0.0,0.0,81.2
1747231282729,6.4,0.0,11.6,0.0,0.0,0.2,81.9
1747231284739,7.0,0.0,11.4,0.0,0.0,0.0,81.5
1747231286749,8.0,0.0,12.5,0.0,0.0,0.2,79.4
1747231288758,0.2,0.0,0.3,0.0,0.0,0.0,99.5
1747231290768,8.2,0.0,13.3,0.0,0.0,0.1,78.4
1747231292778,7.7,0.0,13.2,0.0,0.0,0.3,78.9
1747231294787,7.1,0.0,12.8,0.0,0.0,0.0,80.0
1747231296795,7.7,0.0,12.8,0.0,0.0,0.1,79.4
1747231298805,7.0,0.0,12.5,0.0,0.0,0.0,80.4
1747231300814,7.5,0.0,11.9,0.0,0.0,0.0,80.6
1747231302827,7.3,0.0,12.4,0.0,0.0,0.1,80.2
1747231304837,8.0,0.0,13.1,0.0,0.0,0.1,78.8
1747231306849,6.8,0.0,12.8,0.0,0.0,0.1,80.2
1747231308861,6.6,0.0,15.1,0.0,0.0,0.0,78.3
1747231310871,8.7,0.0,14.9,0.0,0.0,0.0,76.4
1747231312882,0.0,0.0,0.0,0.0,0.0,0.0,0.0
1747231314891,11.8,0.0,15.8,0.0,0.0,0.1,72.3
1747231316904,11.1,0.0,16.5,0.0,0.0,0.0,72.4
1747231318919,10.3,0.0,17.1,0.0,0.0,0.0,72.6
1747231320952,0.0,0.0,0.0,0.0,0.0,0.0,0.0
1747231322974,9.9,0.0,15.8,0.0,0.0,0.2,74.1
1747231324993,10.2,0.0,16.6,0.0,0.0,0.0,73.2
1747231327046,9.6,0.0,15.7,0.0,0.0,0.1,74.7
1747231329084,9.9,0.0,16.0,0.0,0.0,0.0,74.0
1747231331098,9.7,0.0,14.2,0.0,0.0,0.1,76.0
1747231333111,10.1,0.0,14.8,0.0,0.0,0.1,75.0
1747231335127,9.6,0.0,14.2,0.0,0.0,0.1,76.1
1747231337148,10.4,0.0,16.5,0.0,0.0,0.1,73.0
1747231339160,7.6,0.0,11.2,0.0,0.0,0.1,81.1
1747231341172,6.3,0.0,12.7,0.0,0.0,0.1,80.9
1747231343185,7.1,0.0,13.0,0.0,0.0,0.3,79.5
1747231345196,8.5,0.0,13.9,0.0,0.0,0.1,77.5
1747231347207,6.8,0.0,12.2,0.0,0.0,0.1,81.0
1747231349218,6.8,0.0,11.6,0.0,0.0,0.1,81.5
1747231351228,6.9,0.0,12.0,0.0,0.0,0.2,80.9
1747231353239,6.5,0.0,13.6,0.0,0.0,0.2,79.7
1747231355249,7.5,0.0,11.9,0.0,0.0,0.1,80.5
1747231357260,6.4,0.0,12.8,0.0,0.0,0.1,80.7
1747231359271,7.0,0.0,13.7,0.0,0.0,0.1,79.2
1747231361282,8.5,0.0,15.8,0.0,0.0,0.1,75.6
1747231363292,9.7,0.0,14.0,0.0,0.0,0.1,76.2
1747231365303,7.4,0.0,12.4,0.0,0.0,0.2,80.0
1747231367315,6.6,0.0,12.4,0.0,0.0,0.2,80.7
1747231369327,6.9,0.0,13.3,0.0,0.0,0.0,79.7
1747231371337,0.0,0.0,0.0,0.0,0.0,0.0,0.0
1747231373360,10.3,0.0,15.9,0.0,0.0,0.1,73.7
1747231375375,10.3,0.0,15.9,0.0,0.0,0.1,73.7
1747231377388,10.3,0.0,15.7,0.0,0.0,0.1,73.9
1747231379404,0.0,0.0,0.0,0.0,0.0,0.0,0.0
1747231381415,10.2,0.0,14.9,0.0,0.0,0.2,74.7
1747231383429,9.4,0.0,14.4,0.0,0.0,0.1,76.1
1747231385447,9.3,0.0,16.1,0.0,0.0,0.1,74.5
1747231387459,10.4,0.0,15.0,0.0,0.0,0.1,74.5
1747231389472,9.6,0.0,15.1,0.0,0.0,0.0,75.3
1747231391484,10.1,0.0,16.0,0.0,0.0,0.0,73.8
1747231393495,9.8,0.0,16.5,0.0,0.0,0.1,73.5
1747231395507,10.3,0.0,16.6,0.0,0.0,0.0,73.1
1747231397518,8.4,0.0,15.1,0.0,0.0,0.1,76.3
1747231399528,9.4,0.0,14.9,0.0,0.0,0.1,75.6
1747231401537,9.6,0.0,15.2,0.0,0.0,0.0,75.2
1747231403547,9.8,0.0,15.2,0.0,0.0,0.1,74.9
1747231405559,7.3,0.0,10.2,0.0,0.0,0.2,82.3
1747231407582,5.8,0.0,11.1,0.0,0.0,0.1,83.0
1747231409591,6.0,0.0,10.7,0.0,0.0,0.1,83.2
1747231411600,6.6,0.0,11.0,0.0,0.0,0.0,82.3
1747231413608,0.0,0.0,0.0,0.0,0.0,0.0,100.0
1747231415622,6.9,0.0,11.0,0.0,0.0,0.0,82.1
1747231417632,6.5,0.0,10.0,0.0,0.0,0.1,83.4
1747231419639,6.1,0.0,10.2,0.0,0.0,0.1,83.5
1747231421647,0.0,0.0,0.0,0.0,0.0,0.0,0.0
1747231423665,8.6,0.0,13.8,0.0,0.0,0.0,77.6
1747231425705,9.2,0.0,14.6,0.0,0.0,0.1,76.2
1747231427730,9.4,0.0,14.6,0.0,0.0,0.1,75.8
1747231429746,10.5,0.0,15.7,0.0,0.0,0.0,73.8
1747231431758,9.4,0.0,13.3,0.0,0.0,0.0,77.2
1747231433769,9.9,0.0,14.1,0.0,0.0,0.0,76.0
1747231435780,9.9,0.0,13.9,0.0,0.0,0.1,76.1
1747231437791,10.1,0.0,14.7,0.0,0.0,0.1,75.2
1747231439801,7.4,0.0,12.1,0.0,0.0,0.1,80.5
1747231441811,6.5,0.0,13.2,0.0,0.0,0.0,80.3
1747231443821,6.2,0.0,13.7,0.0,0.0,0.1,80.0
1747231445830,6.6,0.0,15.3,0.0,0.0,0.1,78.0
1747231447839,0.1,0.0,0.2,0.0,0.0,0.0,99.6
1747231449850,8.2,0.0,13.5,0.0,0.0,0.1,78.1
1747231451860,6.0,0.0,12.0,0.0,0.0,0.1,82.0
1747231453871,5.9,0.0,12.9,0.0,0.0,0.1,81.1
1747231455882,0.2,0.0,0.2,0.0,0.0,0.0,99.5
1747231457891,6.5,0.0,12.3,0.0,0.0,0.1,81.1
1747231459900,6.0,0.0,11.7,0.0,0.0,0.0,82.3
1747231461921,5.7,0.0,11.3,0.0,0.0,0.0,83.0
1747231463938,0.1,0.0,0.2,0.0,0.0,0.0,99.6
1747231465949,8.0,0.0,11.4,0.0,0.0,0.0,80.5
1747231467964,7.7,0.0,12.2,0.0,0.0,0.0,80.1
1747231469993,7.4,0.0,10.9,0.0,0.0,0.0,81.7
1747231472006,0.1,0.0,0.2,0.0,0.0,0.0,99.6
1747231474023,6.4,0.0,10.8,0.0,0.0,0.0,82.8
1747231476036,6.2,0.0,12.1,0.0,0.0,0.0,81.6
1747231478047,6.9,0.0,11.3,0.0,0.0,0.1,81.7
1747231480057,0.1,0.0,0.2,0.0,0.0,0.0,99.7
1747231482067,7.2,0.0,12.9,0.0,0.0,0.1,79.9
1747231484078,6.8,0.0,15.3,0.0,0.0,0.1,77.8
1747231486090,7.5,0.0,13.3,0.0,0.0,0.2,79.0
1747231488102,0.0,0.0,0.0,0.0,0.0,0.0,0.0
1747231490113,11.9,0.0,18.9,0.0,0.0,0.0,69.2
1747231492124,11.6,0.0,17.5,0.0,0.0,0.1,70.8
1747231494134,11.1,0.0,17.9,0.0,0.0,0.0,70.9
1747231496143,11.6,0.0,16.5,0.0,0.0,0.1,71.8
1747231498154,11.2,0.0,16.1,0.0,0.0,0.1,72.6
1747231500165,11.4,0.0,17.1,0.0,0.0,0.0,71.5
1747231502177,11.4,0.0,17.6,0.0,0.0,0.0,71.0
1747231504189,11.0,0.0,17.4,0.0,0.0,0.2,71.5
1747231506201,10.3,0.0,14.5,0.0,0.0,0.0,75.2
1747231508216,10.0,0.0,15.2,0.0,0.0,0.1,74.8
1747231510230,10.0,0.0,14.8,0.0,0.0,0.0,75.2
1747231512248,10.1,0.0,15.8,0.0,0.0,0.1,73.9
1747231514275,6.8,0.0,12.1,0.0,0.0,0.1,81.0
1747231516282,7.2,0.0,11.6,0.0,0.0,0.0,81.2
1747231518289,6.9,0.0,11.5,0.0,0.0,0.1,81.5
1747231520310,6.5,0.0,12.5,0.0,0.0,0.1,80.9
1747231522320,7.7,0.0,11.8,0.0,0.0,0.2,80.3
1747231524331,6.8,0.0,12.5,0.0,0.0,0.0,80.7
1747231526338,7.1,0.0,12.5,0.0,0.0,0.0,80.4
1747231528349,7.2,0.0,12.3,0.0,0.0,0.0,80.5
1747231530359,7.0,0.0,11.9,0.0,0.0,0.1,81.0
1747231532370,7.1,0.0,12.0,0.0,0.0,0.0,80.8
1747231534382,7.3,0.0,11.5,0.0,0.0,0.1,81.1
1747231536393,6.8,0.0,12.6,0.0,0.0,0.1,80.4
1747231538405,7.4,0.0,11.2,0.0,0.0,0.2,81.2
1747231540416,11.3,0.0,15.9,0.0,0.0,0.0,72.8
1747231542426,10.4,0.0,16.7,0.0,0.0,0.1,72.9
1747231544437,10.5,0.0,16.8,0.0,0.0,0.0,72.6
1747231546450,0.0,0.0,0.0,0.0,0.0,0.0,0.0
1747231548459,10.4,0.0,15.4,0.0,0.0,0.2,74.0
1747231550472,10.7,0.0,15.0,0.0,0.0,0.1,74.2
1747231552482,10.2,0.0,15.2,0.0,0.0,0.1,74.4
1747231554493,0.0,0.0,0.0,0.0,0.0,0.0,0.0
1747231556503,9.4,0.0,14.9,0.0,0.0,0.0,75.7
1747231558514,9.3,0.0,15.1,0.0,0.0,0.1,75.5
1747231560529,9.3,0.0,14.4,0.0,0.0,0.0,76.2
1747231562558,9.8,0.0,14.8,0.0,0.0,0.1,75.3
1747231564572,6.4,0.0,11.4,0.0,0.0,0.1,82.1
1747231566579,6.5,0.0,11.4,0.0,0.0,0.1,82.0
1747231568587,7.2,0.0,12.4,0.0,0.0,0.0,80.3
1747231570601,7.3,0.0,11.3,0.0,0.0,0.1,81.2
1747231572615,6.6,0.0,12.0,0.0,0.0,0.1,81.3
1747231574624,6.5,0.0,12.4,0.0,0.0,0.1,81.0
1747231576634,6.5,0.0,11.5,0.0,0.0,0.1,81.9
1747231578643,6.9,0.0,12.0,0.0,0.0,0.2,80.8
1747231580654,7.3,0.0,13.1,0.0,0.0,0.1,79.5
1747231582667,7.2,0.0,12.7,0.0,0.0,0.2,79.9
1747231584680,7.8,0.0,12.9,0.0,0.0,0.1,79.2
1747231586690,7.8,0.0,13.0,0.0,0.0,0.1,79.1
1747231588700,8.6,0.0,13.6,0.0,0.0,0.1,77.7
1747231590712,9.7,0.0,15.3,0.0,0.0,0.2,74.9
1747231592722,7.7,0.0,12.9,0.0,0.0,0.2,79.2
1747231594732,8.5,0.0,12.6,0.0,0.0,0.2,78.7
1747231596742,7.3,0.0,13.1,0.0,0.0,0.1,79.5
1747231598753,7.0,0.0,14.2,0.0,0.0,0.0,78.8
1747231600764,6.6,0.0,15.9,0.0,0.0,0.0,77.4
1747231602774,7.8,0.0,13.3,0.0,0.0,0.2,78.7
1747231604785,7.7,0.0,14.9,0.0,0.0,0.1,77.2
1747231606795,8.5,0.0,14.1,0.0,0.0,0.0,77.3
1747231608805,8.1,0.0,13.3,0.0,0.0,0.1,78.6
1747231610815,7.6,0.0,12.5,0.0,0.0,0.0,79.8
1747231612826,10.8,0.0,14.2,0.0,0.0,0.2,74.8
1747231614865,10.0,0.0,16.1,0.0,0.0,0.0,73.8
1747231616895,10.2,0.0,16.0,0.0,0.0,0.1,73.7
1747231618916,10.9,0.0,15.6,0.0,0.0,0.0,73.4
1747231620930,0.0,0.0,0.0,0.0,0.0,0.0,0.0
1747231622946,10.0,0.0,15.5,0.0,0.0,0.3,74.2
1747231624963,10.4,0.0,15.1,0.0,0.0,0.2,74.3
1747231626980,10.0,0.0,15.4,0.0,0.0,0.0,74.6
1747231628993,0.0,0.0,0.0,0.0,0.0,0.0,0.0
1747231631006,10.1,0.0,14.6,0.0,0.0,0.1,75.2
1747231633018,9.8,0.0,15.0,0.0,0.0,0.1,75.1
1747231635029,10.3,0.0,15.1,0.0,0.0,0.1,74.6
1747231637040,0.1,0.0,0.2,0.0,0.0,0.0,99.6
1747231639050,7.2,0.0,12.3,0.0,0.0,0.1,80.4
1747231641060,6.7,0.0,12.4,0.0,0.0,0.0,80.9
1747231643071,6.9,0.0,12.4,0.0,0.0,0.1,80.6
1747231645082,7.3,0.0,12.8,0.0,0.0,0.1,79.8
1747231647094,7.7,0.0,13.1,0.0,0.0,0.0,79.2
1747231649105,8.5,0.0,13.9,0.0,0.0,0.1,77.5
1747231651114,7.2,0.0,13.3,0.0,0.0,0.1,79.3
1747231653126,7.2,0.0,14.4,0.0,0.0,0.1,78.3
1747231655136,7.5,0.0,13.2,0.0,0.0,0.1,79.2
1747231657148,7.5,0.0,14.3,0.0,0.0,0.0,78.1
1747231659158,8.0,0.0,13.2,0.0,0.0,0.0,78.8
1747231661168,7.5,0.0,14.8,0.0,0.0,0.1,77.7
1747231663178,7.2,0.0,14.1,0.0,0.0,0.2,78.5
1747231665189,7.5,0.0,13.5,0.0,0.0,0.2,78.8
1747231667200,8.9,0.0,13.3,0.0,0.0,0.1,77.7
1747231669210,9.8,0.0,15.2,0.0,0.0,0.1,74.9
1747231671219,9.1,0.0,12.2,0.0,0.0,0.0,78.7
1747231673251,10.0,0.0,16.5,0.0,0.0,0.2,73.3
1747231675263,10.2,0.0,16.0,0.0,0.0,0.2,73.5
1747231677278,10.7,0.0,16.9,0.0,0.0,0.2,72.2
1747231679292,0.0,0.0,0.0,0.0,0.0,0.0,0.0
1747231681307,10.8,0.0,15.5,0.0,0.0,0.1,73.7
1747231683320,10.3,0.0,15.8,0.0,0.0,0.1,73.8
1747231685334,10.8,0.0,15.1,0.0,0.0,0.1,74.0
1747231687348,0.0,0.0,0.0,0.0,0.0,0.0,0.0
1747231689358,10.0,0.0,15.2,0.0,0.0,0.1,74.7
1747231691368,9.4,0.0,15.5,0.0,0.0,0.1,75.0
1747231693378,10.2,0.0,14.7,0.0,0.0,0.1,74.9
1747231695389,0.1,0.0,0.1,0.0,0.0,0.0,99.8
1747231697400,7.0,0.0,12.2,0.0,0.0,0.2,80.6
1747231699411,7.3,0.0,12.0,0.0,0.0,0.1,80.6
1747231701421,7.5,0.0,11.2,0.0,0.0,0.1,81.2
1747231703432,7.2,0.0,11.7,0.0,0.0,0.2,81.0
1747231705442,8.6,0.0,13.8,0.0,0.0,0.0,77.5
1747231707452,6.7,0.0,13.5,0.0,0.0,0.0,79.8
1747231709462,6.3,0.0,13.5,0.0,0.0,0.1,80.0
1747231711471,6.8,0.0,13.9,0.0,0.0,0.0,79.2
1747231713480,6.7,0.0,12.3,0.0,0.0,0.1,80.8
1747231715491,7.0,0.0,12.2,0.0,0.0,0.1,80.7
1747231717501,6.5,0.0,12.4,0.0,0.0,0.1,81.0
1747231719511,7.1,0.0,12.4,0.0,0.0,0.2,80.3
1747231721529,7.9,0.0,14.3,0.0,0.0,0.1,77.8
1747231723563,10.2,0.0,15.3,0.0,0.0,0.2,74.3
1747231725576,10.2,0.0,15.2,0.0,0.0,0.0,74.5
1747231727590,10.0,0.0,15.8,0.0,0.0,0.1,74.1
1747231729608,9.8,0.0,13.6,0.0,0.0,0.2,76.4
1747231731622,9.3,0.0,14.8,0.0,0.0,0.1,75.8
1747231733639,10.0,0.0,16.0,0.0,0.0,0.1,73.9
1747231735651,11.1,0.0,16.8,0.0,0.0,0.1,72.0
1747231737662,0.0,0.0,0.0,0.0,0.0,0.0,0.0
1747231739673,9.9,0.0,15.7,0.0,0.0,0.1,74.2
1747231741685,10.2,0.0,14.5,0.0,0.0,0.1,75.2
1747231743695,9.8,0.0,14.6,0.0,0.0,0.1,75.5
1747231745704,0.0,0.0,0.0,0.0,0.0,0.0,99.9
1747231747715,7.2,0.0,10.5,0.0,0.0,0.1,82.2
1747231749726,7.1,0.0,10.6,0.0,0.0,0.1,82.2
1747231751736,6.4,0.0,11.0,0.0,0.0,0.2,82.4
1747231753747,6.6,0.0,11.3,0.0,0.0,0.2,82.0
1747231755756,6.5,0.0,11.6,0.0,0.0,0.1,81.8
1747231757767,6.9,0.0,11.8,0.0,0.0,0.2,81.1
1747231759777,7.0,0.0,11.5,0.0,0.0,0.2,81.3
1747231761788,6.8,0.0,11.8,0.0,0.0,0.1,81.4
1747231763798,9.3,0.0,13.8,0.0,0.0,0.1,76.8
1747231765809,6.2,0.0,12.8,0.0,0.0,0.2,80.9
1747231767818,6.3,0.0,12.8,0.0,0.0,0.2,80.7
1747231769829,6.7,0.0,12.1,0.0,0.0,0.1,81.1
1747231771841,6.3,0.0,12.2,0.0,0.0,0.1,81.4
1747231773889,6.5,0.0,12.3,0.0,0.0,0.0,81.1
1747231775908,6.8,0.0,12.1,0.0,0.0,0.0,81.0
1747231777927,7.6,0.0,13.2,0.0,0.0,0.1,79.1
1747231779940,6.8,0.0,12.5,0.0,0.0,0.0,80.6
1747231781955,8.0,0.0,12.7,0.0,0.0,0.1,79.2
1747231783979,8.4,0.0,14.8,0.0,0.0,0.0,76.7
1747231786002,7.1,0.0,12.3,0.0,0.0,0.0,80.5
1747231788015,11.7,0.0,19.1,0.0,0.0,0.2,69.0
1747231790026,10.7,0.0,16.4,0.0,0.0,0.1,72.7
1747231792038,10.9,0.0,16.4,0.0,0.0,0.0,72.7
1747231794049,11.4,0.0,18.3,0.0,0.0,0.0,70.3
1747231796061,0.0,0.0,0.0,0.0,0.0,0.0,0.0
1747231798073,10.7,0.0,16.3,0.0,0.0,0.1,72.9
1747231800085,10.3,0.0,16.8,0.0,0.0,0.0,72.8
1747231802096,11.8,0.0,16.2,0.0,0.0,0.1,72.0
1747231804105,0.0,0.0,0.0,0.0,0.0,0.0,0.0
1747231806115,10.1,0.0,15.4,0.0,0.0,0.0,74.5
1747231808125,10.5,0.0,16.5,0.0,0.0,0.1,72.9
1747231810139,9.6,0.0,14.7,0.0,0.0,0.0,75.7
1747231812163,0.0,0.0,0.0,0.0,0.0,0.0,0.0
1747231814176,9.9,0.0,13.7,0.0,0.0,0.1,76.3
1747231816199,9.2,0.0,14.0,0.0,0.0,0.0,76.7
1747231818220,9.7,0.0,13.1,0.0,0.0,0.0,77.2
1747231820240,0.1,0.0,0.1,0.0,0.0,0.0,99.8
1747231822258,6.3,0.0,10.6,0.0,0.0,0.1,83.0
1747231824265,6.5,0.0,11.6,0.0,0.0,0.0,81.9
1747231826276,6.0,0.0,10.3,0.0,0.0,0.1,83.6
1747231828290,6.3,0.0,10.4,0.0,0.0,0.1,83.2
1747231830303,6.7,0.0,11.0,0.0,0.0,0.0,82.3
1747231832312,7.2,0.0,11.9,0.0,0.0,0.1,80.8
1747231834322,8.3,0.0,12.2,0.0,0.0,0.0,79.6
1747231836331,7.0,0.0,11.7,0.0,0.0,0.0,81.3
1747231838342,7.3,0.0,11.8,0.0,0.0,0.0,80.9
1747231840352,7.1,0.0,11.9,0.0,0.0,0.1,80.9
1747231842364,6.9,0.0,12.4,0.0,0.0,0.0,80.6
1747231844375,7.4,0.0,12.7,0.0,0.0,0.1,79.7
1747231846384,8.0,0.0,12.9,0.0,0.0,0.1,79.0
1747231848395,7.7,0.0,13.4,0.0,0.0,0.0,78.9
1747231850406,7.5,0.0,13.6,0.0,0.0,0.1,78.8
1747231852415,7.9,0.0,13.9,0.0,0.0,0.1,78.1
1747231854425,12.0,0.0,17.9,0.0,0.0,0.1,70.0
1747231856434,11.5,0.0,17.3,0.0,0.0,0.0,71.2
1747231858445,11.7,0.0,16.2,0.0,0.0,0.0,72.1
1747231860456,11.8,0.0,16.7,0.0,0.0,0.0,71.5
1747231862468,0.0,0.0,0.0,0.0,0.0,0.0,0.0
1747231864479,10.7,0.0,15.1,0.0,0.0,0.1,74.2
1747231866491,9.6,0.0,16.2,0.0,0.0,0.1,74.0
1747231868513,11.0,0.0,15.2,0.0,0.0,0.2,73.6
1747231870527,0.0,0.0,0.0,0.0,0.0,0.0,0.0
1747231872538,9.9,0.0,15.4,0.0,0.0,0.0,74.7
1747231874550,9.7,0.0,15.2,0.0,0.0,0.0,75.0
1747231876568,9.8,0.0,14.8,0.0,0.0,0.0,75.4
1747231878592,0.2,0.0,0.3,0.0,0.0,0.0,99.5
1747231880608,5.7,0.0,12.0,0.0,0.0,0.0,82.2
1747231882620,6.5,0.0,10.2,0.0,0.0,0.0,83.3
1747231884630,6.2,0.0,10.5,0.0,0.0,0.1,83.2
1747231886641,0.1,0.0,0.2,0.0,0.0,0.0,99.7
1747231888653,6.7,0.0,11.5,0.0,0.0,0.2,81.7
1747231890663,6.9,0.0,11.6,0.0,0.0,0.1,81.4
1747231892674,6.8,0.0,11.3,0.0,0.0,0.0,81.9
1747231894685,7.2,0.0,11.9,0.0,0.0,0.1,80.8
1747231896695,7.2,0.0,11.5,0.0,0.0,0.0,81.3
1747231898706,7.8,0.0,11.4,0.0,0.0,0.0,80.8
1747231900717,7.7,0.0,12.3,0.0,0.0,0.0,79.9
1747231902727,6.9,0.0,11.5,0.0,0.0,0.1,81.5
1747231904737,6.8,0.0,11.4,0.0,0.0,0.1,81.6
1747231906748,7.4,0.0,11.2,0.0,0.0,0.0,81.4
1747231908759,6.5,0.0,13.4,0.0,0.0,0.1,79.9
1747231910768,7.5,0.0,12.9,0.0,0.0,0.0,79.5
1747231912779,6.9,0.0,12.5,0.0,0.0,0.2,80.3
1747231914790,6.9,0.0,12.7,0.0,0.0,0.1,80.3
1747231916801,7.5,0.0,12.3,0.0,0.0,0.0,80.2
1747231918811,8.0,0.0,13.8,0.0,0.0,0.2,78.0
1747231920821,7.8,0.0,12.5,0.0,0.0,0.1,79.6
1747231922832,8.4,0.0,13.0,0.0,0.0,0.0,78.5
1747231924842,7.5,0.0,13.0,0.0,0.0,0.2,79.3
1747231926852,7.1,0.0,13.8,0.0,0.0,0.0,79.0
1747231928862,7.2,0.0,13.8,0.0,0.0,0.1,78.8
1747231930871,7.3,0.0,13.7,0.0,0.0,0.0,78.9
1747231932881,7.3,0.0,13.2,0.0,0.0,0.1,79.4
1747231934893,7.6,0.0,12.9,0.0,0.0,0.1,79.4
1747231936900,6.9,0.0,14.8,0.0,0.0,0.1,78.2
1747231938912,6.3,0.0,13.9,0.0,0.0,0.0,79.8
1747231940926,6.3,0.0,13.7,0.0,0.0,0.1,79.8
1747231942945,7.9,0.0,14.1,0.0,0.0,0.1,77.9
1747231944978,8.8,0.0,12.5,0.0,0.0,0.2,78.5
1747231947005,10.4,0.0,15.1,0.0,0.0,0.1,74.4
1747231949017,10.7,0.0,15.3,0.0,0.0,0.1,73.9
1747231951028,10.7,0.0,15.6,0.0,0.0,0.1,73.6
1747231953039,0.0,0.0,0.0,0.0,0.0,0.0,0.0
1747231955051,10.2,0.0,16.3,0.0,0.0,0.1,73.3
1747231957062,11.1,0.0,15.5,0.0,0.0,0.1,73.3
1747231959073,10.7,0.0,15.4,0.0,0.0,0.0,73.9
1747231961084,0.2,0.0,0.3,0.0,0.0,0.0,99.5
1747231963094,7.3,0.0,11.5,0.0,0.0,0.2,81.0
1747231965105,6.5,0.0,11.4,0.0,0.0,0.3,81.8
1747231967116,6.7,0.0,11.6,0.0,0.0,0.0,81.7
1747231969127,6.4,0.0,11.2,0.0,0.0,0.0,82.3
1747231971139,7.2,0.0,11.4,0.0,0.0,0.0,81.2
1747231973150,6.6,0.0,12.2,0.0,0.0,0.2,81.0
1747231975160,7.0,0.0,11.5,0.0,0.0,0.1,81.4
1747231977171,7.2,0.0,12.9,0.0,0.0,0.1,79.8
1747231979183,6.6,0.0,12.7,0.0,0.0,0.1,80.6
1747231981199,7.3,0.0,13.0,0.0,0.0,0.0,79.6
1747231983210,8.0,0.0,12.9,0.0,0.0,0.1,79.0
1747231985221,7.7,0.0,13.0,0.0,0.0,0.1,79.1
1747231987231,7.4,0.0,12.1,0.0,0.0,0.1,80.4
1747231989239,6.1,0.0,12.5,0.0,0.0,0.0,81.3
1747231991248,6.7,0.0,12.4,0.0,0.0,0.0,80.8
1747231993256,7.5,0.0,12.7,0.0,0.0,0.2,79.5
1747231995264,6.9,0.0,12.3,0.0,0.0,0.2,80.5
1747231997276,6.7,0.0,12.7,0.0,0.0,0.1,80.5
1747231999286,7.1,0.0,12.4,0.0,0.0,0.0,80.5
1747232001296,7.0,0.0,12.8,0.0,0.0,0.1,80.1
1747232003306,7.1,0.0,12.2,0.0,0.0,0.2,80.4
1747232005318,6.9,0.0,13.4,0.0,0.0,0.1,79.6
1747232007330,7.9,0.0,11.9,0.0,0.0,0.0,80.2
1747232009342,8.2,0.0,13.3,0.0,0.0,0.2,78.3
1747232011353,8.7,0.0,13.9,0.0,0.0,0.0,77.4
1747232013364,7.5,0.0,12.8,0.0,0.0,0.2,79.4
1747232015375,7.1,0.0,13.6,0.0,0.0,0.2,79.1
1747232017385,7.0,0.0,13.9,0.0,0.0,0.1,78.9
1747232019395,6.6,0.0,15.1,0.0,0.0,0.1,78.2
1747232021403,6.6,0.0,13.6,0.0,0.0,0.0,79.8
1747232023412,6.9,0.0,14.8,0.0,0.0,0.1,78.1
1747232025425,7.4,0.0,13.9,0.0,0.0,0.0,78.7
1747232027435,7.8,0.0,14.4,0.0,0.0,0.0,77.7
1747232029447,6.9,0.0,13.4,0.0,0.0,0.0,79.7
1747232031457,8.3,0.0,14.6,0.0,0.0,0.1,77.0
1747232033468,7.7,0.0,12.0,0.0,0.0,0.2,80.0
1747232035477,7.2,0.0,11.8,0.0,0.0,0.2,80.8
1747232037485,7.0,0.0,12.1,0.0,0.0,0.1,80.8
1747232039493,6.5,0.0,12.1,0.0,0.0,0.1,81.3
1747232041503,7.2,0.0,13.5,0.0,0.0,0.1,79.2
1747232043513,7.4,0.0,11.3,0.0,0.0,0.3,81.0
1747232045523,6.4,0.0,12.7,0.0,0.0,0.1,80.8
1747232047533,6.9,0.0,14.0,0.0,0.0,0.0,79.1
1747232049544,6.5,0.0,12.7,0.0,0.0,0.0,80.8
1747232051563,7.7,0.0,11.6,0.0,0.0,0.1,80.6
1747232053588,7.3,0.0,11.8,0.0,0.0,0.2,80.7
1747232055597,6.4,0.0,11.0,0.0,0.0,0.1,82.4
1747232057605,6.6,0.0,11.5,0.0,0.0,0.1,81.8
1747232059616,7.0,0.0,10.8,0.0,0.0,0.1,82.2
1747232061625,6.0,0.0,11.2,0.0,0.0,0.1,82.8
1747232063634,6.0,0.0,11.3,0.0,0.0,0.2,82.5
1747232065643,7.0,0.0,11.9,0.0,0.0,0.1,81.0
1747232067653,7.3,0.0,11.9,0.0,0.0,0.1,80.7
1747232069665,6.6,0.0,11.7,0.0,0.0,0.0,81.6
1747232071676,7.0,0.0,11.8,0.0,0.0,0.0,81.3
1747232073688,7.8,0.0,13.1,0.0,0.0,0.0,79.2
1747232075698,9.2,0.0,13.7,0.0,0.0,0.0,77.0
1747232077708,8.8,0.0,12.7,0.0,0.0,0.0,78.5
1747232079718,7.0,0.0,12.3,0.0,0.0,0.0,80.6
1747232081730,6.6,0.0,12.4,0.0,0.0,0.1,80.9
1747232083742,7.6,0.0,12.9,0.0,0.0,0.2,79.3
1747232085754,7.1,0.0,13.3,0.0,0.0,0.0,79.5
1747232087763,6.6,0.0,13.2,0.0,0.0,0.0,80.2
1747232089773,7.1,0.0,12.8,0.0,0.0,0.0,80.1
1747232091781,8.0,0.0,12.7,0.0,0.0,0.0,79.3
1747232093792,7.3,0.0,12.8,0.0,0.0,0.3,79.5
1747232095804,7.0,0.0,15.0,0.0,0.0,0.0,77.9
1747232097815,8.0,0.0,14.4,0.0,0.0,0.1,77.5
1747232099825,0.0,0.0,0.0,0.0,0.0,0.0,0.0
1747232101835,11.1,0.0,15.7,0.0,0.0,0.1,73.2
1747232103847,9.6,0.0,15.7,0.0,0.0,0.2,74.5
1747232105880,9.6,0.0,16.0,0.0,0.0,0.1,74.3
1747232107899,9.5,0.0,16.4,0.0,0.0,0.1,74.0
1747232109917,9.5,0.0,15.7,0.0,0.0,0.0,74.8
1747232111936,10.3,0.0,14.6,0.0,0.0,0.0,75.2
1747232113951,10.2,0.0,15.2,0.0,0.0,0.2,74.4
1747232115972,10.0,0.0,15.5,0.0,0.0,0.0,74.5
1747232118006,6.8,0.0,11.1,0.0,0.0,0.0,82.0
1747232120017,8.9,0.0,14.8,0.0,0.0,0.0,76.2
1747232122030,9.4,0.0,14.0,0.0,0.0,0.0,76.6
1747232124048,9.7,0.0,15.3,0.0,0.0,0.1,74.9
1747232126061,6.5,0.0,10.5,0.0,0.0,0.0,83.0
1747232128073,7.2,0.0,9.6,0.0,0.0,0.1,83.1
1747232130084,6.7,0.0,10.1,0.0,0.0,0.0,83.2
1747232132094,6.5,0.0,10.9,0.0,0.0,0.1,82.5
1747232134105,7.9,0.0,11.3,0.0,0.0,0.3,80.5
1747232136115,9.8,0.0,17.0,0.0,0.0,0.0,73.1
1747232138126,9.7,0.0,14.9,0.0,0.0,0.1,75.3
1747232140137,10.3,0.0,14.4,0.0,0.0,0.0,75.2
1747232142148,0.1,0.0,0.1,0.0,0.0,0.0,99.8
1747232144157,6.9,0.0,10.9,0.0,0.0,0.1,82.2
1747232146168,6.8,0.0,11.8,0.0,0.0,0.0,81.4
1747232148179,6.7,0.0,11.9,0.0,0.0,0.1,81.3
1747232150189,7.0,0.0,11.8,0.0,0.0,0.1,81.1
1747232152200,7.5,0.0,11.9,0.0,0.0,0.1,80.4
1747232154210,7.4,0.0,12.1,0.0,0.0,0.0,80.4
1747232156220,7.3,0.0,12.4,0.0,0.0,0.1,80.2
1747232158230,7.0,0.0,13.1,0.0,0.0,0.1,79.8
1747232160242,7.1,0.0,13.2,0.0,0.0,0.1,79.6
1747232162252,7.8,0.0,12.3,0.0,0.0,0.1,79.8
1747232164262,7.8,0.0,13.2,0.0,0.0,0.0,78.9
1747232166272,7.4,0.0,15.0,0.0,0.0,0.1,77.5
1747232168281,6.8,0.0,15.1,0.0,0.0,0.3,77.8
1747232170295,7.0,0.0,14.8,0.0,0.0,0.1,78.1
1747232172312,6.7,0.0,14.6,0.0,0.0,0.1,78.6
1747232174339,7.1,0.0,14.7,0.0,0.0,0.0,78.2
1747232176364,10.3,0.0,14.5,0.0,0.0,0.1,75.2
1747232178374,11.2,0.0,16.4,0.0,0.0,0.1,72.3
1747232180384,10.8,0.0,17.0,0.0,0.0,0.0,72.1
1747232182393,10.6,0.0,18.0,0.0,0.0,0.0,71.4
1747232184403,0.0,0.0,0.0,0.0,0.0,0.0,0.0
1747232186412,11.1,0.0,16.2,0.0,0.0,0.1,72.5
1747232188423,11.2,0.0,16.2,0.0,0.0,0.0,72.6
1747232190434,10.7,0.0,16.6,0.0,0.0,0.1,72.6
1747232192445,0.2,0.0,0.3,0.0,0.0,0.0,99.5
1747232194456,7.4,0.0,13.1,0.0,0.0,0.0,79.4
1747232196466,7.0,0.0,12.4,0.0,0.0,0.1,80.5
1747232198474,6.9,0.0,12.8,0.0,0.0,0.1,80.2
1747232200482,6.8,0.0,11.6,0.0,0.0,0.1,81.6
1747232202490,6.4,0.0,11.6,0.0,0.0,0.0,82.0
1747232204499,6.5,0.0,11.8,0.0,0.0,0.1,81.5
1747232206507,6.5,0.0,11.8,0.0,0.0,0.0,81.7
1747232208521,7.2,0.0,11.4,0.0,0.0,0.1,81.3
1747232210536,7.0,0.0,11.6,0.0,0.0,0.0,81.5
1747232212544,7.4,0.0,12.0,0.0,0.0,0.0,80.6
1747232214567,7.7,0.0,11.8,0.0,0.0,0.0,80.4
1747232216582,6.9,0.0,11.6,0.0,0.0,0.0,81.4
1747232218592,6.7,0.0,11.2,0.0,0.0,0.2,81.9
1747232220612,6.8,0.0,11.8,0.0,0.0,0.0,81.4
1747232222621,6.9,0.0,13.0,0.0,0.0,0.0,80.2
1747232224630,6.6,0.0,12.9,0.0,0.0,0.1,80.5
1747232226641,7.0,0.0,13.0,0.0,0.0,0.0,80.0
1747232228652,7.2,0.0,13.3,0.0,0.0,0.0,79.4
1747232230661,7.1,0.0,13.4,0.0,0.0,0.0,79.4
1747232232669,8.0,0.0,14.0,0.0,0.0,0.0,77.9
1747232234680,9.2,0.0,16.1,0.0,0.0,0.1,74.5
1747232236692,6.8,0.0,13.9,0.0,0.0,0.0,79.3
1747232238704,6.5,0.0,14.6,0.0,0.0,0.0,78.8
1747232240713,6.9,0.0,15.1,0.0,0.0,0.1,77.9
1747232242725,6.2,0.0,15.1,0.0,0.0,0.0,78.7
1747232244736,6.7,0.0,14.6,0.0,0.0,0.0,78.7
1747232246746,7.6,0.0,15.2,0.0,0.0,0.1,77.2
1747232248758,8.0,0.0,15.6,0.0,0.0,0.1,76.3
1747232250770,6.9,0.0,12.7,0.0,0.0,0.0,80.3
1747232252781,6.5,0.0,12.2,0.0,0.0,0.0,81.3
1747232254793,6.2,0.0,12.4,0.0,0.0,0.0,81.3
1747232256809,6.2,0.0,11.6,0.0,0.0,0.0,82.2
1747232258830,6.4,0.0,10.7,0.0,0.0,0.1,82.8
1747232260842,6.0,0.0,11.0,0.0,0.0,0.0,82.9
1747232262850,6.5,0.0,10.8,0.0,0.0,0.0,82.7
1747232264861,6.5,0.0,11.4,0.0,0.0,0.0,82.1
1747232266877,8.8,0.0,12.1,0.0,0.0,0.0,79.1
1747232268919,10.3,0.0,15.9,0.0,0.0,0.0,73.7
1747232270932,10.2,0.0,15.3,0.0,0.0,0.0,74.5
1747232272943,10.4,0.0,16.3,0.0,0.0,0.0,73.3
1747232274952,9.5,0.0,12.9,0.0,0.0,0.1,77.5
1747232276960,10.5,0.0,14.1,0.0,0.0,0.0,75.3
1747232278971,10.1,0.0,14.6,0.0,0.0,0.1,75.2
1747232280982,10.0,0.0,15.6,0.0,0.0,0.0,74.4
1747232282993,0.0,0.0,0.0,0.0,0.0,0.0,0.0
1747232285004,9.9,0.0,15.2,0.0,0.0,0.0,74.9
1747232287016,9.8,0.0,15.2,0.0,0.0,0.1,74.9
1747232289027,9.7,0.0,15.0,0.0,0.0,0.2,75.1
1747232291038,0.0,0.0,0.0,0.0,0.0,0.0,99.9
1747232293050,7.4,0.0,11.1,0.0,0.0,0.1,81.4
1747232295061,6.7,0.0,12.1,0.0,0.0,0.1,81.1
1747232297072,7.3,0.0,11.8,0.0,0.0,0.1,80.7
1747232299082,0.0,0.0,0.0,0.0,0.0,0.0,0.0
1747232301092,10.3,0.0,14.5,0.0,0.0,0.0,75.1
1747232303103,9.4,0.0,15.7,0.0,0.0,0.0,74.8
1747232305117,9.5,0.0,14.5,0.0,0.0,0.1,75.9
1747232307132,11.0,0.0,14.6,0.0,0.0,0.0,74.4
1747232309146,0.2,0.0,0.2,0.0,0.0,0.0,99.6
1747232311156,6.8,0.0,12.5,0.0,0.0,0.1,80.5
1747232313167,6.5,0.0,13.2,0.0,0.0,0.3,80.0
1747232315180,7.5,0.0,14.1,0.0,0.0,0.1,78.3
1747232317192,0.1,0.0,0.2,0.0,0.0,0.0,99.6
1747232319201,6.5,0.0,12.2,0.0,0.0,0.1,81.1
1747232321211,6.2,0.0,12.2,0.0,0.0,0.2,81.5
1747232323230,5.8,0.0,12.6,0.0,0.0,0.1,81.5
1747232325247,0.1,0.0,0.2,0.0,0.0,0.0,99.7
1747232327260,8.3,0.0,15.3,0.0,0.0,0.0,76.4
1747232329272,8.2,0.0,13.9,0.0,0.0,0.0,77.8
1747232331283,6.9,0.0,11.6,0.0,0.0,0.2,81.3
1747232333294,0.1,0.0,0.2,0.0,0.0,0.0,99.6
1747232335305,6.5,0.0,13.5,0.0,0.0,0.0,79.9
1747232337317,6.5,0.0,12.5,0.0,0.0,0.1,80.9
1747232339328,6.9,0.0,11.7,0.0,0.0,0.0,81.3
1747232341340,8.3,0.0,11.8,0.0,0.0,0.1,79.8
1747232343350,7.6,0.0,12.7,0.0,0.0,0.2,79.5
