timestamp_ms,usr%,nice%,sys%,iowait%,irq%,soft%,steal%,idle%
1747229158255,8.1,0.0,12.8,0.0,0.0,0.1,79.0
1747229160274,8.2,0.0,12.6,0.0,0.0,0.2,79.1
1747229162287,8.7,0.0,13.8,0.0,0.0,0.0,77.4
1747229164299,8.2,0.0,12.0,0.0,0.0,0.2,79.7
1747229166311,8.2,0.0,12.5,0.0,0.0,0.2,79.1
1747229168324,8.7,0.0,12.2,0.0,0.0,0.1,79.1
1747229170336,9.0,0.0,13.1,0.0,0.0,0.0,77.8
1747229172348,0.0,0.0,0.0,0.0,0.0,0.0,0.0
1747229174360,7.5,0.0,12.2,0.0,0.0,0.1,80.2
1747229176372,7.5,0.0,12.3,0.0,0.0,0.1,80.1
1747229178384,7.9,0.0,11.7,0.0,0.0,0.1,80.3
1747229180396,0.0,0.0,0.0,0.0,0.0,0.0,100.0
1747229182408,6.1,0.0,9.4,0.0,0.0,0.1,84.4
1747229184420,5.8,0.0,9.6,0.0,0.0,0.1,84.5
1747229186432,5.8,0.0,9.4,0.0,0.0,0.1,84.7
1747229188445,0.2,0.0,0.3,0.0,0.0,0.0,99.5
1747229190456,5.9,0.0,9.9,0.0,0.0,0.1,84.1
1747229192468,5.5,0.0,10.9,0.0,0.0,0.1,83.5
1747229194480,5.9,0.0,10.3,0.0,0.0,0.2,83.6
1747229196493,6.1,0.0,10.1,0.0,0.0,0.2,83.7
1747229198503,6.2,0.0,10.4,0.0,0.0,0.2,83.3
1747229200515,6.5,0.0,10.6,0.0,0.0,0.2,82.7
1747229202526,6.1,0.0,11.5,0.0,0.0,0.1,82.3
1747229204538,6.1,0.0,11.6,0.0,0.0,0.2,82.1
1747229206548,6.2,0.0,12.3,0.0,0.0,0.1,81.5
1747229208559,6.0,0.0,11.8,0.0,0.0,0.1,82.2
1747229210571,6.0,0.0,11.3,0.0,0.0,0.2,82.5
1747229212584,6.2,0.0,11.4,0.0,0.0,0.1,82.3
1747229214596,6.1,0.0,10.6,0.0,0.0,0.2,83.2
1747229216609,6.6,0.0,11.2,0.0,0.0,0.1,82.1
1747229218620,7.0,0.0,11.2,0.0,0.0,0.1,81.6
1747229220630,6.9,0.0,11.4,0.0,0.0,0.2,81.5
1747229222639,6.3,0.0,11.3,0.0,0.0,0.1,82.2
1747229224650,6.2,0.0,11.5,0.0,0.0,0.1,82.2
1747229226658,6.6,0.0,11.1,0.0,0.0,0.1,82.2
1747229228667,6.8,0.0,11.2,0.0,0.0,0.3,81.7
1747229230676,5.6,0.0,12.1,0.0,0.0,0.1,82.2
1747229232697,5.6,0.0,12.0,0.0,0.0,0.1,82.4
1747229234719,6.9,0.0,9.9,0.0,0.0,0.1,83.2
1747229236731,6.2,0.0,11.6,0.0,0.0,0.2,82.1
1747229238743,5.8,0.0,11.9,0.0,0.0,0.2,82.0
1747229240755,6.3,0.0,11.8,0.0,0.0,0.2,81.7
1747229242766,6.9,0.0,12.3,0.0,0.0,0.0,80.7
1747229244777,6.6,0.0,12.2,0.0,0.0,0.1,81.0
1747229246788,7.6,0.0,12.0,0.0,0.0,0.2,80.2
1747229248800,6.7,0.0,11.3,0.0,0.0,0.1,81.8
1747229250811,6.8,0.0,11.4,0.0,0.0,0.2,81.5
1747229252822,6.4,0.0,11.4,0.0,0.0,0.1,82.0
1747229254833,6.2,0.0,11.7,0.0,0.0,0.1,82.0
1747229256844,6.2,0.0,11.8,0.0,0.0,0.1,81.9
1747229258855,6.0,0.0,11.7,0.0,0.0,0.1,82.1
1747229260867,6.3,0.0,11.9,0.0,0.0,0.3,81.5
1747229262877,6.2,0.0,11.7,0.0,0.0,0.1,82.0
1747229264889,5.8,0.0,12.3,0.0,0.0,0.2,81.7
1747229266899,7.0,0.0,11.8,0.0,0.0,0.1,81.1
1747229268910,7.8,0.0,12.8,0.0,0.0,0.1,79.2
1747229270919,10.1,0.0,13.8,0.0,0.0,0.2,75.8
1747229272929,9.0,0.0,14.1,0.0,0.0,0.1,76.9
1747229274942,8.9,0.0,14.3,0.0,0.0,0.2,76.6
1747229276954,9.9,0.0,14.7,0.0,0.0,0.2,75.2
1747229278965,0.0,0.0,0.0,0.0,0.0,0.0,0.0
1747229280977,8.7,0.0,14.0,0.0,0.0,0.2,77.0
1747229282988,8.4,0.0,13.4,0.0,0.0,0.1,78.1
1747229285001,8.3,0.0,13.4,0.0,0.0,0.2,78.1
1747229287015,0.0,0.0,0.0,0.0,0.0,0.0,0.0
1747229289032,8.5,0.0,11.9,0.0,0.0,0.1,79.5
1747229291046,8.0,0.0,12.3,0.0,0.0,0.2,79.5
1747229293058,7.9,0.0,12.1,0.0,0.0,0.0,80.0
1747229295072,0.1,0.0,0.1,0.0,0.0,0.0,99.8
1747229297084,6.0,0.0,9.6,0.0,0.0,0.2,84.3
1747229299093,5.7,0.0,9.7,0.0,0.0,0.1,84.6
1747229301101,5.5,0.0,9.5,0.0,0.0,0.3,84.8
1747229303115,6.2,0.0,9.0,0.0,0.0,0.1,84.7
1747229305127,5.7,0.0,11.8,0.0,0.0,0.3,82.2
1747229307138,6.9,0.0,10.4,0.0,0.0,0.2,82.5
1747229309148,6.6,0.0,11.1,0.0,0.0,0.0,82.2
1747229311160,5.7,0.0,11.0,0.0,0.0,0.3,83.0
1747229313171,5.8,0.0,11.8,0.0,0.0,0.1,82.2
1747229315182,6.0,0.0,11.5,0.0,0.0,0.3,82.2
1747229317193,6.7,0.0,11.2,0.0,0.0,0.0,82.1
1747229319205,6.0,0.0,11.7,0.0,0.0,0.1,82.2
1747229321216,5.9,0.0,11.2,0.0,0.0,0.3,82.7
1747229323226,6.1,0.0,10.9,0.0,0.0,0.0,82.9
1747229325237,6.3,0.0,10.3,0.0,0.0,0.3,83.1
1747229327249,6.3,0.0,11.9,0.0,0.0,0.1,81.7
1747229329260,6.2,0.0,10.6,0.0,0.0,0.1,83.1
1747229331270,5.7,0.0,11.1,0.0,0.0,0.3,82.8
1747229333281,6.2,0.0,10.5,0.0,0.0,0.1,83.1
1747229335290,6.2,0.0,11.1,0.0,0.0,0.1,82.6
1747229337300,6.5,0.0,10.6,0.0,0.0,0.1,82.8
1747229339310,6.2,0.0,11.4,0.0,0.0,0.1,82.3
1747229341320,5.8,0.0,11.7,0.0,0.0,0.1,82.4
1747229343329,6.2,0.0,11.2,0.0,0.0,0.1,82.5
1747229345339,6.9,0.0,10.5,0.0,0.0,0.0,82.5
1747229347349,6.5,0.0,10.9,0.0,0.0,0.1,82.5
1747229349360,6.5,0.0,10.9,0.0,0.0,0.2,82.4
1747229351369,6.8,0.0,11.4,0.0,0.0,0.4,81.5
1747229353377,9.8,0.0,13.1,0.0,0.0,0.1,77.0
1747229355418,7.6,0.0,12.8,0.0,0.0,0.2,79.4
1747229357437,8.2,0.0,12.8,0.0,0.0,0.2,78.9
1747229359460,8.8,0.0,12.4,0.0,0.0,0.1,78.7
1747229361475,0.0,0.0,0.0,0.0,0.0,0.0,0.0
1747229363490,8.3,0.0,12.6,0.0,0.0,0.2,79.0
1747229365503,8.1,0.0,12.8,0.0,0.0,0.1,79.1
1747229367516,8.7,0.0,11.8,0.0,0.0,0.2,79.2
1747229369529,8.2,0.0,13.5,0.0,0.0,0.0,78.3
1747229371547,6.6,0.0,9.2,0.0,0.0,0.2,84.0
1747229373556,6.4,0.0,9.8,0.0,0.0,0.2,83.7
1747229375565,6.3,0.0,9.6,0.0,0.0,0.1,84.1
1747229377576,7.0,0.0,10.2,0.0,0.0,0.1,82.7
1747229379586,7.0,0.0,10.1,0.0,0.0,0.2,82.7
1747229381597,6.8,0.0,10.6,0.0,0.0,0.1,82.5
1747229383609,7.0,0.0,10.3,0.0,0.0,0.2,82.5
1747229385621,6.8,0.0,11.6,0.0,0.0,0.1,81.5
1747229387633,7.2,0.0,10.9,0.0,0.0,0.0,81.9
1747229389645,6.5,0.0,11.7,0.0,0.0,0.1,81.7
1747229391656,7.0,0.0,11.1,0.0,0.0,0.2,81.8
1747229393667,7.0,0.0,11.5,0.0,0.0,0.1,81.4
1747229395679,6.0,0.0,11.3,0.0,0.0,0.1,82.6
1747229397691,7.0,0.0,10.8,0.0,0.0,0.2,82.0
1747229399703,6.5,0.0,11.6,0.0,0.0,0.1,81.9
1747229401714,7.1,0.0,11.7,0.0,0.0,0.2,81.1
1747229403726,6.4,0.0,11.8,0.0,0.0,0.2,81.5
1747229405737,6.7,0.0,12.0,0.0,0.0,0.1,81.1
1747229407749,6.7,0.0,11.7,0.0,0.0,0.2,81.4
1747229409760,6.3,0.0,12.6,0.0,0.0,0.1,81.0
1747229411772,6.8,0.0,11.2,0.0,0.0,0.2,81.7
1747229413782,6.3,0.0,12.3,0.0,0.0,0.2,81.2
1747229415795,6.5,0.0,12.0,0.0,0.0,0.1,81.5
1747229417807,6.4,0.0,12.1,0.0,0.0,0.2,81.4
1747229419818,6.3,0.0,12.3,0.0,0.0,0.2,81.3
1747229421830,6.8,0.0,13.1,0.0,0.0,0.2,80.0
1747229423843,5.9,0.0,12.7,0.0,0.0,0.2,81.3
1747229425855,6.4,0.0,12.9,0.0,0.0,0.3,80.4
1747229427866,7.0,0.0,12.3,0.0,0.0,0.4,80.3
1747229429876,6.5,0.0,11.6,0.0,0.0,0.1,81.9
1747229431886,5.3,0.0,11.9,0.0,0.0,0.1,82.7
1747229433897,6.8,0.0,11.1,0.0,0.0,0.1,82.1
1747229435907,7.3,0.0,10.5,0.0,0.0,0.1,82.0
1747229437916,6.0,0.0,10.7,0.0,0.0,0.0,83.2
1747229439926,6.4,0.0,11.5,0.0,0.0,0.0,82.2
1747229441935,6.4,0.0,11.4,0.0,0.0,0.2,82.1
1747229443946,6.7,0.0,10.6,0.0,0.0,0.3,82.4
1747229446015,7.6,0.0,14.1,0.0,0.0,0.1,78.1
1747229448034,8.6,0.0,13.3,0.0,0.0,0.1,78.0
1747229450046,8.9,0.0,12.7,0.0,0.0,0.1,78.2
1747229452059,0.0,0.0,0.0,0.0,0.0,0.0,0.0
1747229454071,8.8,0.0,13.3,0.0,0.0,0.1,77.8
1747229456083,8.9,0.0,13.4,0.0,0.0,0.1,77.6
1747229458095,8.9,0.0,13.4,0.0,0.0,0.1,77.6
1747229460106,8.9,0.0,13.5,0.0,0.0,0.1,77.4
1747229462118,8.0,0.0,11.2,0.0,0.0,0.1,80.8
1747229464127,8.2,0.0,13.0,0.0,0.0,0.2,78.6
1747229466138,8.7,0.0,12.2,0.0,0.0,0.1,79.0
1747229468150,8.4,0.0,13.8,0.0,0.0,0.1,77.6
1747229470160,6.7,0.0,9.8,0.0,0.0,0.1,83.4
1747229472171,6.2,0.0,9.7,0.0,0.0,0.1,84.0
1747229474182,6.0,0.0,9.5,0.0,0.0,0.2,84.2
1747229476191,5.9,0.0,10.5,0.0,0.0,0.0,83.5
1747229478202,7.1,0.0,10.2,0.0,0.0,0.1,82.7
1747229480212,6.2,0.0,10.5,0.0,0.0,0.1,83.3
1747229482223,6.2,0.0,10.8,0.0,0.0,0.1,82.9
1747229484234,6.8,0.0,11.0,0.0,0.0,0.2,82.0
1747229486244,0.2,0.0,0.2,0.0,0.0,0.0,99.5
1747229488254,7.0,0.0,11.3,0.0,0.0,0.0,81.6
1747229490266,7.3,0.0,12.2,0.0,0.0,0.1,80.4
1747229492278,7.1,0.0,12.4,0.0,0.0,0.0,80.4
1747229494288,0.2,0.0,0.3,0.0,0.0,0.0,99.6
1747229496297,6.9,0.0,11.4,0.0,0.0,0.1,81.6
1747229498306,6.2,0.0,12.3,0.0,0.0,0.1,81.3
1747229500316,6.6,0.0,12.3,0.0,0.0,0.0,81.0
1747229502326,7.6,0.0,12.0,0.0,0.0,0.1,80.3
1747229504336,7.0,0.0,11.9,0.0,0.0,0.1,80.9
1747229506346,6.5,0.0,11.9,0.0,0.0,0.1,81.5
1747229508362,6.6,0.0,11.9,0.0,0.0,0.1,81.4
1747229510375,6.9,0.0,11.8,0.0,0.0,0.0,81.3
1747229512384,6.1,0.0,12.3,0.0,0.0,0.0,81.5
1747229514398,6.3,0.0,12.2,0.0,0.0,0.1,81.3
1747229516416,7.4,0.0,12.3,0.0,0.0,0.1,80.2
1747229518427,7.9,0.0,11.9,0.0,0.0,0.0,80.1
1747229520437,6.4,0.0,11.8,0.0,0.0,0.1,81.7
1747229522450,6.4,0.0,11.7,0.0,0.0,0.1,81.8
1747229524461,7.0,0.0,11.8,0.0,0.0,0.1,81.2
1747229526473,7.4,0.0,11.8,0.0,0.0,0.2,80.6
1747229528485,6.7,0.0,12.4,0.0,0.0,0.0,80.8
1747229530496,6.1,0.0,13.7,0.0,0.0,0.1,80.0
1747229532508,7.0,0.0,12.6,0.0,0.0,0.0,80.4
1747229534519,7.2,0.0,12.0,0.0,0.0,0.0,80.7
1747229536531,6.7,0.0,12.3,0.0,0.0,0.2,80.9
1747229538542,6.8,0.0,12.5,0.0,0.0,0.1,80.6
1747229540553,6.6,0.0,12.9,0.0,0.0,0.0,80.4
1747229542564,7.6,0.0,11.3,0.0,0.0,0.0,81.1
1747229544576,6.4,0.0,12.2,0.0,0.0,0.1,81.3
1747229546588,6.7,0.0,11.4,0.0,0.0,0.2,81.7
1747229548600,6.7,0.0,11.7,0.0,0.0,0.1,81.5
1747229550612,6.7,0.0,11.2,0.0,0.0,0.0,82.1
1747229552624,6.1,0.0,11.5,0.0,0.0,0.1,82.3
1747229554636,6.2,0.0,12.1,0.0,0.0,0.0,81.7
1747229556648,6.2,0.0,11.9,0.0,0.0,0.1,81.8
1747229558660,6.0,0.0,11.6,0.0,0.0,0.1,82.3
1747229560672,6.3,0.0,12.1,0.0,0.0,0.0,81.7
1747229562684,7.2,0.0,11.8,0.0,0.0,0.1,80.8
1747229564693,7.5,0.0,11.8,0.0,0.0,0.0,80.7
1747229566704,8.6,0.0,13.0,0.0,0.0,0.1,78.3
1747229568714,6.1,0.0,11.1,0.0,0.0,0.1,82.6
1747229570725,6.5,0.0,11.4,0.0,0.0,0.1,82.0
1747229572733,7.1,0.0,11.2,0.0,0.0,0.0,81.7
1747229574741,7.4,0.0,11.1,0.0,0.0,0.1,81.4
1747229576751,6.2,0.0,11.8,0.0,0.0,0.1,81.9
1747229578764,6.4,0.0,10.4,0.0,0.0,0.0,83.2
1747229580780,6.5,0.0,11.1,0.0,0.0,0.1,82.2
1747229582791,7.0,0.0,11.4,0.0,0.0,0.0,81.5
1747229584801,6.4,0.0,11.3,0.0,0.0,0.0,82.2
1747229586811,6.9,0.0,11.9,0.0,0.0,0.1,81.1
1747229588823,7.4,0.0,12.1,0.0,0.0,0.2,80.3
1747229590834,8.0,0.0,12.3,0.0,0.0,0.1,79.6
1747229592847,7.6,0.0,11.2,0.0,0.0,0.0,81.2
1747229594859,7.0,0.0,11.4,0.0,0.0,0.1,81.4
1747229596871,7.4,0.0,11.8,0.0,0.0,0.0,80.7
1747229598884,7.8,0.0,11.8,0.0,0.0,0.1,80.2
1747229600897,10.5,0.0,15.6,0.0,0.0,0.1,73.8
1747229602909,10.2,0.0,15.2,0.0,0.0,0.1,74.4
1747229604922,10.0,0.0,14.7,0.0,0.0,0.1,75.2
1747229606936,0.0,0.0,0.0,0.0,0.0,0.0,0.0
1747229608949,9.2,0.0,15.0,0.0,0.0,0.1,75.8
1747229610961,9.4,0.0,15.6,0.0,0.0,0.1,74.9
1747229612973,10.1,0.0,14.8,0.0,0.0,0.2,75.0
1747229614986,9.5,0.0,14.6,0.0,0.0,0.0,75.9
1747229617000,9.4,0.0,13.7,0.0,0.0,0.1,76.9
1747229619013,9.2,0.0,14.1,0.0,0.0,0.0,76.7
1747229621026,9.0,0.0,13.8,0.0,0.0,0.1,77.0
1747229623038,9.8,0.0,13.5,0.0,0.0,0.1,76.7
1747229625053,6.6,0.0,10.0,0.0,0.0,0.2,83.3
1747229627063,6.4,0.0,10.6,0.0,0.0,0.1,82.9
1747229629075,6.0,0.0,11.0,0.0,0.0,0.1,82.9
1747229631088,6.8,0.0,10.9,0.0,0.0,0.2,82.1
1747229633100,6.6,0.0,10.8,0.0,0.0,0.1,82.4
1747229635112,6.3,0.0,11.6,0.0,0.0,0.1,82.0
1747229637124,6.5,0.0,11.2,0.0,0.0,0.0,82.2
1747229639136,6.5,0.0,12.7,0.0,0.0,0.1,80.7
1747229641147,6.7,0.0,11.8,0.0,0.0,0.0,81.5
1747229643159,7.5,0.0,11.8,0.0,0.0,0.1,80.6
1747229645169,6.5,0.0,12.7,0.0,0.0,0.1,80.8
1747229647177,7.3,0.0,11.6,0.0,0.0,0.1,81.0
1747229649185,6.5,0.0,11.7,0.0,0.0,0.2,81.7
1747229651195,7.0,0.0,10.9,0.0,0.0,0.2,81.9
1747229653210,7.2,0.0,11.9,0.0,0.0,0.1,80.7
1747229655219,6.8,0.0,12.1,0.0,0.0,0.1,81.0
1747229657244,6.6,0.0,11.6,0.0,0.0,0.1,81.7
1747229659265,6.5,0.0,11.1,0.0,0.0,0.0,82.3
1747229661277,5.9,0.0,11.5,0.0,0.0,0.2,82.4
1747229663286,7.0,0.0,11.9,0.0,0.0,0.0,81.0
1747229665294,6.9,0.0,11.6,0.0,0.0,0.1,81.4
1747229667308,7.2,0.0,12.6,0.0,0.0,0.1,80.0
1747229669319,7.3,0.0,11.9,0.0,0.0,0.2,80.6
1747229671330,7.2,0.0,13.4,0.0,0.0,0.1,79.3
1747229673342,7.2,0.0,11.7,0.0,0.0,0.1,81.0
1747229675350,6.7,0.0,12.6,0.0,0.0,0.1,80.6
1747229677360,7.4,0.0,11.8,0.0,0.0,0.1,80.7
1747229679370,7.3,0.0,12.8,0.0,0.0,0.1,79.8
1747229681379,7.0,0.0,12.6,0.0,0.0,0.2,80.2
1747229683389,6.3,0.0,12.0,0.0,0.0,0.0,81.7
1747229685399,6.7,0.0,11.4,0.0,0.0,0.1,81.7
1747229687410,7.0,0.0,12.4,0.0,0.0,0.0,80.6
1747229689422,7.7,0.0,12.2,0.0,0.0,0.1,80.0
1747229691432,7.7,0.0,12.3,0.0,0.0,0.0,79.9
1747229693445,7.6,0.0,12.4,0.0,0.0,0.1,79.9
1747229695454,7.4,0.0,12.9,0.0,0.0,0.1,79.6
1747229697463,7.2,0.0,11.7,0.0,0.0,0.1,81.0
1747229699473,7.1,0.0,12.4,0.0,0.0,0.1,80.3
1747229701481,6.4,0.0,13.2,0.0,0.0,0.2,80.1
1747229703490,7.3,0.0,12.7,0.0,0.0,0.0,79.9
1747229705498,7.7,0.0,11.4,0.0,0.0,0.1,80.8
1747229707508,7.2,0.0,11.9,0.0,0.0,0.0,80.9
1747229709518,7.1,0.0,12.5,0.0,0.0,0.1,80.3
1747229711529,7.1,0.0,12.7,0.0,0.0,0.0,80.1
1747229713539,6.7,0.0,12.5,0.0,0.0,0.1,80.7
1747229715550,7.1,0.0,13.0,0.0,0.0,0.1,79.8
1747229717561,7.8,0.0,13.4,0.0,0.0,0.0,78.8
1747229719578,7.7,0.0,12.6,0.0,0.0,0.0,79.6
1747229721593,6.7,0.0,13.6,0.0,0.0,0.3,79.4
1747229723602,6.4,0.0,11.9,0.0,0.0,0.1,81.6
1747229725618,6.3,0.0,12.3,0.0,0.0,0.1,81.3
1747229727636,6.3,0.0,12.1,0.0,0.0,0.1,81.6
1747229729646,7.7,0.0,11.8,0.0,0.0,0.1,80.5
1747229731658,6.7,0.0,11.7,0.0,0.0,0.2,81.5
1747229733670,7.0,0.0,11.4,0.0,0.0,0.1,81.5
1747229735681,6.8,0.0,12.5,0.0,0.0,0.1,80.6
1747229737691,7.9,0.0,12.3,0.0,0.0,0.0,79.8
1747229739703,7.0,0.0,12.0,0.0,0.0,0.0,81.0
1747229741715,7.0,0.0,11.8,0.0,0.0,0.0,81.1
1747229743727,7.3,0.0,13.1,0.0,0.0,0.1,79.5
1747229745739,8.0,0.0,12.0,0.0,0.0,0.1,79.9
1747229747749,6.9,0.0,11.6,0.0,0.0,0.0,81.5
1747229749760,7.1,0.0,11.3,0.0,0.0,0.0,81.6
1747229751772,7.0,0.0,11.9,0.0,0.0,0.2,80.9
1747229753784,8.2,0.0,11.8,0.0,0.0,0.0,79.9
1747229755795,6.2,0.0,13.0,0.0,0.0,0.0,80.7
1747229757806,6.3,0.0,12.5,0.0,0.0,0.1,81.1
1747229759817,6.5,0.0,12.6,0.0,0.0,0.1,80.8
1747229761829,7.4,0.0,12.2,0.0,0.0,0.1,80.2
1747229763839,6.7,0.0,12.5,0.0,0.0,0.2,80.7
1747229765851,7.4,0.0,12.8,0.0,0.0,0.1,79.6
1747229767862,7.7,0.0,13.4,0.0,0.0,0.1,78.8
1747229769873,8.3,0.0,11.7,0.0,0.0,0.2,79.9
1747229771886,7.0,0.0,11.6,0.0,0.0,0.2,81.2
1747229773898,6.4,0.0,12.0,0.0,0.0,0.1,81.5
1747229775909,6.1,0.0,12.6,0.0,0.0,0.2,81.1
1747229777919,0.0,0.0,0.0,0.0,0.0,0.0,0.0
1747229779930,9.5,0.0,15.8,0.0,0.0,0.1,74.7
1747229781954,9.2,0.0,14.6,0.0,0.0,0.3,76.0
1747229783978,9.9,0.0,15.1,0.0,0.0,0.0,75.0
1747229785997,10.3,0.0,16.1,0.0,0.0,0.2,73.3
1747229788021,9.8,0.0,14.0,0.0,0.0,0.2,76.1
1747229790038,9.5,0.0,14.8,0.0,0.0,0.0,75.7
1747229792056,9.6,0.0,14.5,0.0,0.0,0.0,75.8
1747229794071,9.4,0.0,15.8,0.0,0.0,0.1,74.7
1747229796085,9.4,0.0,14.1,0.0,0.0,0.3,76.2
1747229798101,9.5,0.0,13.8,0.0,0.0,0.1,76.6
1747229800115,9.0,0.0,14.8,0.0,0.0,0.1,76.2
1747229802128,9.7,0.0,15.9,0.0,0.0,0.2,74.2
1747229804140,0.2,0.0,0.3,0.0,0.0,0.0,99.5
1747229806152,6.9,0.0,11.3,0.0,0.0,0.1,81.6
1747229808163,7.0,0.0,11.8,0.0,0.0,0.1,81.1
1747229810174,7.2,0.0,11.6,0.0,0.0,0.0,81.2
1747229812186,0.1,0.0,0.2,0.0,0.0,0.0,99.6
1747229814196,7.1,0.0,11.9,0.0,0.0,0.1,80.8
1747229816207,7.5,0.0,11.8,0.0,0.0,0.2,80.5
1747229818217,7.0,0.0,12.0,0.0,0.0,0.1,81.0
1747229820228,8.2,0.0,12.1,0.0,0.0,0.1,79.6
1747229822239,7.3,0.0,11.5,0.0,0.0,0.1,81.1
1747229824251,6.8,0.0,12.6,0.0,0.0,0.1,80.5
1747229826263,7.0,0.0,12.5,0.0,0.0,0.1,80.3
1747229828273,8.2,0.0,11.5,0.0,0.0,0.1,80.2
1747229830284,7.0,0.0,12.8,0.0,0.0,0.1,80.1
1747229832296,6.6,0.0,12.7,0.0,0.0,0.1,80.6
1747229834307,7.0,0.0,13.3,0.0,0.0,0.1,79.6
1747229836318,7.4,0.0,12.3,0.0,0.0,0.1,80.1
1747229838328,6.2,0.0,13.5,0.0,0.0,0.1,80.1
1747229840339,6.3,0.0,12.8,0.0,0.0,0.1,80.8
1747229842351,6.4,0.0,12.3,0.0,0.0,0.1,81.2
1747229844360,0.0,0.0,0.0,0.0,0.0,0.0,0.0
1747229846369,9.9,0.0,13.6,0.0,0.0,0.0,76.5
1747229848397,9.3,0.0,14.3,0.0,0.0,0.0,76.2
1747229850422,9.9,0.0,13.8,0.0,0.0,0.1,76.2
1747229852438,10.3,0.0,14.8,0.0,0.0,0.1,74.9
1747229854451,9.3,0.0,13.5,0.0,0.0,0.0,77.2
1747229856465,9.7,0.0,13.5,0.0,0.0,0.1,76.6
1747229858478,9.6,0.0,14.8,0.0,0.0,0.1,75.5
1747229860491,9.9,0.0,15.1,0.0,0.0,0.1,74.9
1747229862508,7.1,0.0,9.8,0.0,0.0,0.1,83.0
1747229864527,9.1,0.0,13.4,0.0,0.0,0.1,77.4
1747229866542,9.3,0.0,13.8,0.0,0.0,0.0,76.8
1747229868556,8.8,0.0,14.5,0.0,0.0,0.1,76.5
1747229870572,0.0,0.0,0.0,0.0,0.0,0.0,100.0
1747229872588,6.7,0.0,11.4,0.0,0.0,0.1,81.8
1747229874597,6.5,0.0,12.5,0.0,0.0,0.1,81.0
1747229876606,6.4,0.0,12.0,0.0,0.0,0.0,81.6
1747229878617,0.2,0.0,0.2,0.0,0.0,0.0,99.6
1747229880626,6.5,0.0,12.0,0.0,0.0,0.1,81.3
1747229882638,6.2,0.0,12.0,0.0,0.0,0.1,81.7
1747229884648,6.5,0.0,12.6,0.0,0.0,0.2,80.7
1747229886657,0.2,0.0,0.3,0.0,0.0,0.0,99.5
1747229888668,6.6,0.0,12.6,0.0,0.0,0.1,80.8
1747229890677,7.1,0.0,11.7,0.0,0.0,0.0,81.2
1747229892686,7.1,0.0,11.8,0.0,0.0,0.0,81.0
1747229894696,0.1,0.0,0.3,0.0,0.0,0.0,99.6
1747229896709,7.5,0.0,12.4,0.0,0.0,0.1,79.9
1747229898721,6.9,0.0,13.6,0.0,0.0,0.1,79.3
1747229900731,7.1,0.0,13.1,0.0,0.0,0.1,79.8
1747229902740,7.3,0.0,13.0,0.0,0.0,0.1,79.6
1747229904749,7.2,0.0,13.7,0.0,0.0,0.1,79.1
1747229906759,7.2,0.0,14.8,0.1,0.0,0.1,77.8
1747229908767,7.7,0.0,13.8,0.0,0.0,0.0,78.5
1747229910775,6.8,0.0,12.3,0.0,0.0,0.0,80.8
1747229912784,9.8,0.0,13.8,0.0,0.0,0.1,76.2
1747229914809,11.2,0.0,15.9,0.0,0.0,0.1,72.8
1747229916824,10.7,0.0,16.6,0.0,0.0,0.1,72.7
1747229918837,11.3,0.0,17.6,0.0,0.0,0.2,70.9
1747229920848,10.1,0.0,14.5,0.0,0.0,0.1,75.3
1747229922857,11.0,0.0,15.1,0.0,0.0,0.2,73.8
1747229924870,10.1,0.0,15.8,0.0,0.0,0.1,73.9
1747229926882,10.9,0.0,16.9,0.0,0.0,0.2,72.0
1747229928894,0.0,0.0,0.0,0.0,0.0,0.0,0.0
1747229930905,9.7,0.0,15.5,0.0,0.0,0.0,74.8
1747229932918,9.6,0.0,15.4,0.0,0.0,0.1,74.9
1747229934932,10.1,0.0,15.7,0.0,0.0,0.1,74.2
1747229936944,0.1,0.0,0.1,0.0,0.0,0.0,99.8
1747229938956,7.0,0.0,12.4,0.0,0.0,0.1,80.4
1747229940966,7.1,0.0,12.4,0.0,0.0,0.1,80.3
1747229942976,7.0,0.0,11.6,0.0,0.0,0.0,81.4
1747229944989,0.1,0.0,0.2,0.0,0.0,0.0,99.7
1747229946999,7.3,0.0,13.2,0.0,0.0,0.1,79.4
1747229949010,7.5,0.0,13.2,0.0,0.0,0.0,79.2
1747229951020,6.7,0.0,13.8,0.0,0.0,0.1,79.4
1747229953030,0.2,0.0,0.3,0.0,0.0,0.0,99.5
1747229955039,6.7,0.0,13.2,0.0,0.0,0.1,79.9
1747229957048,7.0,0.0,12.8,0.0,0.0,0.1,80.1
1747229959061,7.5,0.0,12.9,0.0,0.0,0.1,79.6
1747229961073,7.6,0.0,12.9,0.0,0.0,0.1,79.4
1747229963083,6.9,0.0,13.3,0.0,0.0,0.0,79.7
1747229965092,7.2,0.0,13.6,0.0,0.0,0.0,79.1
1747229967100,7.2,0.0,12.2,0.0,0.0,0.1,80.5
1747229969111,7.0,0.0,13.6,0.0,0.0,0.0,79.3
1747229971121,10.3,0.0,16.2,0.0,0.0,0.1,73.4
1747229973137,10.5,0.0,16.1,0.0,0.0,0.1,73.3
1747229975156,10.3,0.0,16.1,0.0,0.0,0.0,73.5
1747229977177,10.3,0.0,18.0,0.0,0.0,0.0,71.7
1747229979189,8.3,0.0,12.5,0.0,0.0,0.1,79.1
1747229981206,10.5,0.0,14.8,0.0,0.0,0.1,74.6
1747229983222,10.8,0.0,15.3,0.0,0.0,0.0,73.9
1747229985236,11.3,0.0,16.6,0.0,0.0,0.1,72.1
1747229987249,0.0,0.0,0.0,0.0,0.0,0.0,0.0
1747229989262,9.9,0.0,15.5,0.0,0.0,0.0,74.5
1747229991274,10.3,0.0,15.2,0.0,0.0,0.1,74.4
1747229993286,10.1,0.0,15.2,0.0,0.0,0.0,74.7
1747229995300,0.2,0.0,0.3,0.0,0.0,0.0,99.5
1747229997310,6.4,0.0,11.3,0.0,0.0,0.1,82.2
1747229999318,6.7,0.0,11.6,0.0,0.0,0.1,81.6
1747230001326,6.5,0.0,11.7,0.0,0.0,0.2,81.7
1747230003335,0.1,0.0,0.2,0.0,0.0,0.0,99.6
1747230005343,6.3,0.0,13.0,0.0,0.0,0.1,80.7
1747230007353,7.9,0.0,14.0,0.0,0.0,0.1,78.1
1747230009365,7.1,0.0,13.5,0.0,0.0,0.1,79.3
1747230011376,7.9,0.0,13.4,0.0,0.0,0.2,78.6
1747230013386,7.2,0.0,12.1,0.0,0.0,0.0,80.7
1747230015396,7.4,0.0,12.0,0.0,0.0,0.0,80.5
1747230017406,6.6,0.0,12.7,0.0,0.0,0.0,80.6
1747230019417,7.5,0.0,12.5,0.0,0.0,0.1,79.9
1747230021428,6.8,0.0,12.6,0.0,0.0,0.2,80.3
1747230023440,6.7,0.0,13.0,0.0,0.0,0.1,80.1
1747230025451,6.9,0.0,12.2,0.0,0.0,0.0,80.9
1747230027464,7.0,0.0,12.6,0.0,0.0,0.0,80.4
1747230029487,7.3,0.0,12.7,0.0,0.0,0.1,79.9
1747230031496,6.7,0.0,12.8,0.0,0.0,0.2,80.3
1747230033506,6.5,0.0,13.2,0.0,0.0,0.1,80.2
1747230035515,7.2,0.0,11.9,0.0,0.0,0.1,80.8
1747230037526,6.8,0.0,12.4,0.0,0.0,0.0,80.9
1747230039536,7.0,0.0,13.0,0.0,0.0,0.0,80.0
1747230041547,6.7,0.0,13.8,0.0,0.0,0.1,79.4
1747230043555,0.0,0.0,0.0,0.0,0.0,0.0,0.0
1747230045564,9.8,0.0,15.7,0.0,0.0,0.1,74.5
1747230047576,10.8,0.0,15.8,0.0,0.0,0.1,73.3
1747230049588,10.7,0.0,16.1,0.0,0.0,0.0,73.2
1747230051600,10.9,0.0,17.1,0.0,0.0,0.2,71.9
1747230053610,8.8,0.0,12.6,0.0,0.0,0.2,78.5
1747230055621,9.9,0.0,15.1,0.0,0.0,0.1,74.9
1747230057637,9.8,0.0,15.3,0.0,0.0,0.0,74.8
1747230059656,10.2,0.0,16.2,0.0,0.0,0.1,73.5
1747230061669,0.0,0.0,0.0,0.0,0.0,0.0,0.0
1747230063683,9.3,0.0,15.1,0.0,0.0,0.1,75.5
1747230065696,8.9,0.0,15.5,0.0,0.0,0.1,75.5
1747230067712,9.7,0.0,15.7,0.0,0.0,0.1,74.6
1747230069724,0.0,0.0,0.0,0.0,0.0,0.0,0.0
1747230071736,9.4,0.0,15.0,0.0,0.0,0.2,75.4
1747230073749,9.1,0.0,15.3,0.0,0.0,0.1,75.5
1747230075762,9.7,0.0,14.2,0.0,0.0,0.1,76.0
1747230077774,9.2,0.0,14.5,0.0,0.0,0.1,76.2
1747230079787,6.4,0.0,10.7,0.0,0.0,0.1,82.8
1747230081795,6.5,0.0,11.6,0.0,0.0,0.3,81.6
1747230083807,5.8,0.0,12.5,0.0,0.0,0.1,81.6
1747230085816,7.0,0.0,11.5,0.0,0.0,0.1,81.4
1747230087826,6.7,0.0,11.5,0.0,0.0,0.1,81.7
1747230089847,6.7,0.0,11.8,0.0,0.0,0.1,81.3
1747230091857,7.0,0.0,12.6,0.0,0.0,0.2,80.2
1747230093867,7.5,0.0,12.0,0.0,0.0,0.0,80.5
1747230095878,7.2,0.0,12.5,0.0,0.0,0.1,80.2
1747230097889,7.2,0.0,12.1,0.0,0.0,0.1,80.6
1747230099900,6.8,0.0,13.0,0.0,0.0,0.1,80.1
1747230101911,6.5,0.0,13.3,0.0,0.0,0.2,79.9
1747230103922,7.3,0.0,13.0,0.0,0.0,0.1,79.5
1747230105934,6.4,0.0,13.5,0.0,0.0,0.1,80.0
1747230107947,7.7,0.0,12.8,0.0,0.0,0.1,79.4
1747230109959,7.5,0.0,12.6,0.0,0.0,0.0,79.9
1747230111969,8.9,0.0,14.1,0.0,0.0,0.4,76.6
1747230113979,7.7,0.0,12.9,0.0,0.0,0.2,79.2
1747230115990,8.1,0.0,13.3,0.0,0.0,0.2,78.3
1747230118001,8.1,0.0,14.6,0.0,0.0,0.1,77.2
1747230120013,0.2,0.0,0.3,0.0,0.0,0.0,99.5
1747230122034,7.5,0.0,13.4,0.0,0.0,0.5,78.7
1747230124046,7.5,0.0,13.7,0.0,0.0,0.3,78.4
1747230126054,7.6,0.0,13.6,0.0,0.0,0.1,78.7
1747230128075,8.5,0.0,13.7,0.0,0.0,0.2,77.6
1747230130085,8.1,0.0,13.8,0.0,0.0,0.1,78.1
1747230132094,7.4,0.0,14.5,0.0,0.0,0.2,77.9
1747230134105,7.9,0.0,14.0,0.1,0.0,0.1,78.0
1747230136116,9.0,0.0,13.9,0.0,0.0,0.1,77.0
1747230138126,8.1,0.0,14.7,0.0,0.0,0.2,76.9
1747230140137,8.0,0.0,14.4,0.0,0.0,0.1,77.5
1747230142149,8.2,0.0,14.5,0.0,0.0,0.3,77.0
1747230144160,8.3,0.0,15.0,0.0,0.0,0.0,76.7
1747230146170,7.8,0.0,14.6,0.0,0.0,0.1,77.5
1747230148178,8.1,0.0,14.5,0.0,0.0,0.1,77.3
1747230150189,7.1,0.0,13.2,0.1,0.0,0.1,79.5
1747230152204,8.7,0.0,13.3,0.0,0.0,0.1,77.9
1747230154214,7.6,0.0,12.4,0.0,0.0,0.1,79.9
1747230156226,7.7,0.0,12.7,0.0,0.0,0.1,79.5
1747230158240,7.7,0.0,12.6,0.0,0.0,0.1,79.5
1747230160250,8.6,0.0,13.1,0.0,0.0,0.1,78.3
1747230162259,7.5,0.0,14.1,0.0,0.0,0.2,78.1
1747230164267,7.3,0.0,14.3,0.0,0.0,0.1,78.3
1747230166278,8.1,0.0,14.1,0.0,0.0,0.2,77.7
1747230168289,8.4,0.0,14.2,0.0,0.0,0.1,77.3
1747230170300,8.7,0.0,12.7,0.1,0.0,0.1,78.5
1747230172310,7.7,0.0,14.0,0.0,0.0,0.1,78.2
1747230174321,8.7,0.0,14.1,0.0,0.0,0.1,77.1
1747230176331,8.8,0.0,13.2,0.0,0.0,0.1,77.9
1747230178341,7.6,0.0,14.2,0.0,0.0,0.1,78.1
1747230180352,7.5,0.0,14.3,0.0,0.0,0.1,78.2
1747230182363,7.8,0.0,14.5,0.0,0.0,0.1,77.6
1747230184373,8.4,0.0,13.8,0.0,0.0,0.1,77.8
1747230186382,7.6,0.0,14.0,0.0,0.0,0.1,78.3
1747230188391,7.2,0.0,14.2,0.0,0.0,0.1,78.4
1747230190400,8.1,0.0,14.8,0.1,0.0,0.2,76.8
1747230192409,8.6,0.0,14.8,0.0,0.0,0.1,76.5
1747230194418,7.3,0.0,14.5,0.0,0.0,0.0,78.2
1747230196435,7.7,0.0,13.1,0.0,0.0,0.3,78.9
1747230198450,7.3,0.0,14.2,0.0,0.0,0.1,78.4
1747230200459,8.8,0.0,13.5,0.0,0.0,0.2,77.5
1747230202483,7.2,0.0,13.6,0.0,0.0,0.1,79.2
1747230204492,8.0,0.0,13.0,0.0,0.0,0.1,78.9
1747230206503,7.9,0.0,14.1,0.1,0.0,0.2,77.7
1747230208513,9.1,0.0,12.9,0.0,0.0,0.1,77.9
1747230210521,8.2,0.0,13.3,0.0,0.0,0.1,78.3
1747230212529,7.8,0.0,13.4,0.0,0.0,0.2,78.6
1747230214538,7.6,0.0,14.7,0.0,0.0,0.1,77.6
1747230216548,0.0,0.0,0.0,0.0,0.0,0.0,0.0
1747230218565,10.8,0.0,17.2,0.0,0.0,0.0,71.9
1747230220604,11.3,0.0,16.6,0.0,0.0,0.1,72.1
1747230222621,11.8,0.0,16.8,0.0,0.0,0.1,71.3
1747230224638,0.0,0.0,0.0,0.0,0.0,0.0,0.0
1747230226651,10.7,0.0,15.6,0.0,0.0,0.2,73.4
1747230228668,11.0,0.0,16.5,0.0,0.0,0.0,72.5
1747230230687,11.9,0.0,16.9,0.0,0.0,0.0,71.2
1747230232701,11.3,0.0,16.4,0.0,0.0,0.1,72.2
1747230234713,11.0,0.0,16.0,0.0,0.0,0.0,73.0
1747230236727,10.9,0.0,16.0,0.0,0.0,0.1,73.0
1747230238739,10.3,0.0,16.9,0.0,0.0,0.1,72.7
1747230240751,11.4,0.0,16.8,0.0,0.0,0.0,71.7
1747230242764,7.9,0.0,12.8,0.0,0.0,0.2,79.1
1747230244776,8.0,0.0,12.7,0.0,0.0,0.0,79.3
1747230246787,7.3,0.0,12.9,0.0,0.0,0.1,79.7
1747230248797,7.4,0.0,13.2,0.0,0.0,0.1,79.4
1747230250808,6.9,0.0,13.2,0.0,0.0,0.1,79.8
1747230252819,7.0,0.0,13.3,0.0,0.0,0.1,79.6
1747230254829,7.0,0.0,13.8,0.0,0.0,0.1,79.2
1747230256842,7.4,0.0,13.9,0.0,0.0,0.1,78.6
1747230258858,6.6,0.0,13.3,0.0,0.0,0.1,80.0
1747230260870,6.9,0.0,13.4,0.0,0.0,0.1,79.6
1747230262881,7.6,0.0,13.3,0.0,0.0,0.1,78.9
1747230264893,8.4,0.0,14.2,0.0,0.0,0.2,77.0
1747230266904,8.1,0.0,12.7,0.0,0.0,0.1,79.1
1747230268916,7.6,0.0,12.8,0.0,0.0,0.1,79.5
1747230270929,7.1,0.0,14.1,0.0,0.0,0.1,78.7
1747230272940,7.6,0.0,13.7,0.0,0.0,0.0,78.6
1747230274953,7.9,0.0,13.2,0.0,0.0,0.1,78.8
1747230276963,7.6,0.0,13.2,0.0,0.0,0.2,79.1
1747230278975,7.4,0.0,13.4,0.0,0.0,0.0,79.2
1747230280985,7.4,0.0,13.4,0.0,0.0,0.0,79.1
1747230282994,8.5,0.0,14.3,0.0,0.0,0.0,77.2
1747230285002,8.1,0.0,13.2,0.0,0.0,0.0,78.7
1747230287012,8.6,0.0,13.2,0.0,0.0,0.1,78.1
1747230289033,7.6,0.0,13.1,0.0,0.0,0.0,79.2
1747230291044,8.0,0.0,13.0,0.0,0.0,0.1,78.9
1747230293054,7.1,0.0,13.0,0.0,0.0,0.0,79.8
1747230295065,7.0,0.0,12.9,0.0,0.0,0.0,80.1
1747230297074,7.6,0.0,13.2,0.0,0.0,0.2,79.0
1747230299084,8.5,0.0,12.7,0.0,0.0,0.1,78.7
1747230301095,7.6,0.0,12.8,0.0,0.0,0.1,79.5
1747230303106,7.5,0.0,13.1,0.0,0.0,0.0,79.3
1747230305117,7.3,0.0,13.6,0.0,0.0,0.1,79.0
1747230307128,8.1,0.0,13.6,0.0,0.0,0.0,78.3
1747230309137,8.2,0.0,13.2,0.0,0.0,0.0,78.5
1747230311147,7.4,0.0,14.0,0.0,0.0,0.0,78.5
1747230313155,7.7,0.0,13.6,0.0,0.0,0.1,78.6
1747230315165,8.3,0.0,13.2,0.0,0.0,0.2,78.3
1747230317175,7.4,0.0,13.2,0.0,0.0,0.1,79.3
1747230319182,7.4,0.0,12.6,0.0,0.0,0.0,79.9
1747230321191,6.8,0.0,12.5,0.2,0.0,0.0,80.4
1747230323203,7.7,0.0,12.4,0.0,0.0,0.1,79.8
1747230325222,6.4,0.0,12.9,0.0,0.0,0.1,80.7
1747230327234,7.4,0.0,12.0,0.0,0.0,0.1,80.5
1747230329246,7.8,0.0,12.9,0.0,0.0,0.1,79.2
1747230331255,8.5,0.0,13.1,0.1,0.0,0.0,78.3
1747230333267,7.6,0.0,13.1,0.0,0.0,0.1,79.2
1747230335277,8.2,0.0,13.8,0.0,0.0,0.1,77.9
1747230337287,8.5,0.0,13.0,0.0,0.0,0.1,78.4
1747230339297,9.3,0.0,13.0,0.0,0.0,0.1,77.6
1747230341306,7.2,0.0,13.5,0.1,0.0,0.1,79.0
1747230343317,7.6,0.0,14.7,0.0,0.0,0.0,77.7
1747230345328,7.5,0.0,14.0,0.0,0.0,0.1,78.4
1747230347339,8.1,0.0,13.7,0.0,0.0,0.2,78.1
1747230349347,7.2,0.0,14.0,0.0,0.0,0.1,78.7
1747230351355,7.9,0.0,12.3,0.0,0.0,0.0,79.7
1747230353364,7.0,0.0,14.8,0.0,0.0,0.0,78.2
1747230355374,8.8,0.0,12.8,0.0,0.0,0.1,78.3
1747230357384,7.6,0.0,12.3,0.0,0.0,0.2,80.0
1747230359393,7.0,0.0,12.1,0.0,0.0,0.1,80.8
1747230361402,7.0,0.0,11.8,0.0,0.0,0.1,81.2
1747230363417,7.9,0.0,11.3,0.0,0.0,0.1,80.6
1747230365426,6.6,0.0,12.6,0.0,0.0,0.0,80.8
1747230367437,6.9,0.0,14.3,0.0,0.0,0.0,78.8
1747230369445,7.0,0.0,13.2,0.0,0.0,0.1,79.7
1747230371457,8.1,0.0,12.9,0.0,0.0,0.1,79.0
1747230373467,7.9,0.0,12.4,0.0,0.0,0.1,79.7
1747230375476,7.4,0.0,13.7,0.0,0.0,0.1,78.7
1747230377484,7.7,0.0,13.1,0.0,0.0,0.1,79.0
1747230379500,8.5,0.0,13.5,0.0,0.0,0.1,78.0
1747230381522,7.7,0.0,12.8,0.0,0.0,0.0,79.4
1747230383541,7.2,0.0,12.3,0.0,0.0,0.0,80.5
1747230385550,7.6,0.0,12.0,0.0,0.0,0.0,80.3
1747230387560,7.7,0.0,13.0,0.0,0.0,0.1,79.3
1747230389569,7.5,0.0,12.8,0.0,0.0,0.1,79.7
1747230391578,7.7,0.0,13.0,0.0,0.0,0.1,79.2
1747230393588,8.1,0.0,14.0,0.0,0.0,0.1,77.8
1747230395598,9.7,0.0,13.4,0.0,0.0,0.1,76.8
1747230397608,8.0,0.0,12.5,0.0,0.0,0.1,79.4
1747230399618,7.7,0.0,13.2,0.0,0.0,0.0,79.1
1747230401626,7.8,0.0,12.6,0.0,0.0,0.1,79.4
1747230403636,9.2,0.0,13.8,0.0,0.0,0.1,76.9
1747230405645,7.7,0.0,13.8,0.0,0.0,0.1,78.4
1747230407656,8.1,0.0,14.2,0.0,0.0,0.1,77.6
1747230409665,8.4,0.0,14.1,0.0,0.0,0.1,77.4
1747230411674,8.4,0.0,13.8,0.0,0.0,0.1,77.7
1747230413681,7.7,0.0,13.4,0.0,0.0,0.1,78.8
1747230415690,7.2,0.0,14.0,0.0,0.0,0.1,78.7
1747230417698,7.5,0.0,14.6,0.0,0.0,0.1,77.9
1747230419707,9.6,0.0,13.4,0.0,0.0,0.1,77.0
1747230421717,7.9,0.0,13.5,0.0,0.0,0.2,78.4
1747230423731,7.6,0.0,13.7,0.0,0.0,0.1,78.7
1747230425743,7.2,0.0,13.9,0.0,0.0,0.0,78.8
1747230427754,8.1,0.0,13.3,0.0,0.0,0.1,78.5
1747230429765,7.0,0.0,14.0,0.0,0.0,0.1,78.8
1747230431772,8.3,0.0,14.3,0.0,0.0,0.1,77.4
1747230433781,7.8,0.0,13.7,0.0,0.0,0.1,78.4
1747230435792,7.8,0.0,12.4,0.0,0.0,0.1,79.6
1747230437803,7.1,0.0,12.8,0.0,0.0,0.1,80.0
1747230439815,6.8,0.0,13.4,0.0,0.0,0.0,79.8
1747230441830,7.6,0.0,12.9,0.0,0.0,0.1,79.3
1747230443854,7.3,0.0,13.1,0.0,0.0,0.0,79.6
1747230445866,7.5,0.0,13.1,0.0,0.0,0.1,79.3
1747230447875,7.5,0.0,14.6,0.0,0.0,0.0,77.8
1747230449885,8.3,0.0,12.9,0.0,0.0,0.1,78.8
1747230451895,7.9,0.0,13.4,0.0,0.0,0.2,78.5
1747230453903,7.6,0.0,12.6,0.0,0.0,0.1,79.7
1747230455912,6.7,0.0,13.1,0.0,0.0,0.0,80.1
1747230457926,7.1,0.0,12.8,0.0,0.0,0.0,80.1
1747230459940,8.2,0.0,12.5,0.0,0.0,0.1,79.2
1747230461951,7.3,0.0,12.8,0.0,0.0,0.1,79.7
1747230463961,8.1,0.0,12.1,0.0,0.0,0.1,79.7
1747230465972,8.0,0.0,13.2,0.0,0.0,0.0,78.8
1747230467980,8.1,0.0,12.9,0.0,0.0,0.1,78.9
1747230469990,7.3,0.0,13.3,0.0,0.0,0.0,79.3
1747230472000,8.0,0.0,12.6,0.0,0.0,0.2,79.2
1747230474011,7.3,0.0,12.8,0.0,0.0,0.1,79.8
1747230476019,7.9,0.0,13.5,0.0,0.0,0.1,78.4
1747230478029,7.2,0.0,13.4,0.0,0.0,0.1,79.3
1747230480039,7.7,0.0,12.8,0.0,0.0,0.1,79.5
1747230482049,7.9,0.0,12.9,0.0,0.0,0.2,79.0
1747230484060,8.4,0.0,12.9,0.0,0.0,0.1,78.5
1747230486071,7.7,0.0,13.0,0.0,0.0,0.0,79.2
1747230488081,7.7,0.0,13.1,0.0,0.0,0.0,79.2
1747230490094,6.9,0.0,14.2,0.0,0.0,0.1,78.8
1747230492105,8.4,0.0,13.5,0.0,0.0,0.1,77.9
1747230494117,7.0,0.0,13.7,0.0,0.0,0.2,79.2
1747230496128,7.7,0.0,13.6,0.0,0.0,0.0,78.8
1747230498139,7.4,0.0,14.2,0.0,0.0,0.0,78.4
1747230500149,7.9,0.0,13.8,0.0,0.0,0.2,78.1
1747230502158,8.1,0.0,13.0,0.0,0.0,0.2,78.7
1747230504168,7.8,0.0,13.2,0.0,0.0,0.1,78.9
1747230506181,8.1,0.0,13.8,0.0,0.0,0.1,78.1
1747230508191,8.2,0.0,14.2,0.0,0.0,0.0,77.6
1747230510202,7.6,0.0,14.1,0.0,0.0,0.1,78.2
1747230512213,7.9,0.0,14.5,0.0,0.0,0.2,77.4
1747230514223,7.9,0.0,13.0,0.0,0.0,0.1,79.0
1747230516237,7.8,0.0,13.1,0.0,0.0,0.1,79.0
1747230518247,7.4,0.0,13.7,0.0,0.0,0.1,78.7
1747230520261,7.2,0.0,13.8,0.0,0.0,0.1,78.9
1747230522271,7.2,0.0,13.6,0.0,0.0,0.1,79.2
1747230524279,7.3,0.0,13.5,0.0,0.0,0.2,79.0
1747230526288,7.3,0.0,13.2,0.0,0.0,0.1,79.3
1747230528300,7.7,0.0,13.1,0.0,0.0,0.1,79.1
1747230530316,7.6,0.0,13.4,0.0,0.0,0.0,79.0
1747230532325,8.4,0.0,14.1,0.0,0.0,0.2,77.3
1747230534334,8.8,0.0,13.8,0.0,0.0,0.0,77.4
1747230536349,7.8,0.0,13.4,0.0,0.0,0.1,78.7
1747230538361,7.8,0.0,13.3,0.0,0.0,0.2,78.8
1747230540371,7.1,0.0,14.6,0.0,0.0,0.1,78.2
1747230542381,8.2,0.0,12.7,0.0,0.0,0.1,79.1
1747230544390,7.1,0.0,14.4,0.0,0.0,0.1,78.5
1747230546400,7.8,0.0,14.0,0.0,0.0,0.1,78.2
1747230548411,8.3,0.0,13.4,0.0,0.0,0.1,78.3
1747230550422,7.4,0.0,14.2,0.0,0.0,0.0,78.3
1747230552431,7.5,0.0,13.3,0.0,0.0,0.2,79.0
1747230554441,8.3,0.0,12.6,0.0,0.0,0.1,79.0
1747230556451,7.5,0.0,14.1,0.0,0.0,0.1,78.3
1747230558463,11.0,0.0,14.7,0.0,0.0,0.0,74.2
1747230560475,9.5,0.0,15.2,0.0,0.0,0.1,75.2
1747230562484,9.1,0.0,15.9,0.0,0.0,0.1,74.9
1747230564495,7.9,0.0,13.4,0.0,0.0,0.1,78.6
1747230566504,11.0,0.0,15.0,0.0,0.0,0.0,74.0
1747230568513,11.1,0.0,16.8,0.0,0.0,0.0,72.0
1747230570535,10.9,0.0,16.3,0.0,0.0,0.1,72.8
1747230572574,11.2,0.0,16.8,0.0,0.0,0.3,71.7
1747230574588,0.0,0.0,0.0,0.0,0.0,0.0,0.0
1747230576608,10.2,0.0,15.5,0.0,0.0,0.1,74.1
1747230578627,10.4,0.0,15.2,0.0,0.0,0.0,74.4
1747230580647,10.1,0.0,15.1,0.0,0.0,0.0,74.8
1747230582662,10.8,0.0,15.1,0.0,0.0,0.1,74.0
1747230584674,9.5,0.0,14.3,0.0,0.0,0.1,76.1
1747230586687,10.4,0.0,14.3,0.0,0.0,0.1,75.1
1747230588702,9.7,0.0,15.1,0.0,0.0,0.1,75.1
1747230590719,10.0,0.0,16.0,0.0,0.0,0.0,74.0
1747230592734,7.3,0.0,11.4,0.0,0.0,0.1,81.1
1747230594743,7.8,0.0,11.6,0.0,0.0,0.0,80.6
1747230596751,8.0,0.0,11.7,0.0,0.0,0.1,80.1
1747230598761,7.8,0.0,12.6,0.0,0.0,0.0,79.5
1747230600773,8.0,0.0,13.5,0.0,0.0,0.2,78.3
1747230602785,7.9,0.0,13.3,0.0,0.0,0.3,78.6
1747230604796,8.0,0.0,13.5,0.0,0.0,0.2,78.4
1747230606806,8.4,0.0,13.6,0.0,0.0,0.1,77.9
1747230608815,0.2,0.0,0.3,0.0,0.0,0.0,99.5
1747230610824,8.2,0.0,14.4,0.0,0.0,0.1,77.2
1747230612833,8.7,0.0,14.4,0.0,0.0,0.3,76.6
1747230614843,7.9,0.0,15.2,0.0,0.0,0.2,76.6
1747230616852,0.1,0.0,0.2,0.0,0.0,0.0,99.6
1747230618862,7.7,0.0,14.5,0.0,0.0,0.2,77.6
1747230620872,8.0,0.0,14.2,0.0,0.0,0.0,77.8
1747230622883,8.1,0.0,14.2,0.0,0.0,0.1,77.6
1747230624894,9.0,0.0,14.0,0.0,0.0,0.1,76.9
1747230626906,8.1,0.0,14.0,0.0,0.0,0.1,77.8
1747230628917,8.3,0.0,15.6,0.0,0.0,0.0,76.1
1747230630928,8.0,0.0,15.5,0.0,0.0,0.1,76.4
1747230632938,8.4,0.0,13.9,0.0,0.0,0.2,77.5
1747230634948,7.4,0.0,15.2,0.0,0.0,0.1,77.3
1747230636964,7.5,0.0,13.9,0.0,0.0,0.2,78.5
1747230638976,7.3,0.0,13.7,0.0,0.0,0.1,78.8
1747230640986,8.5,0.0,13.5,0.0,0.0,0.0,77.9
1747230642996,7.2,0.0,14.2,0.0,0.0,0.1,78.5
1747230645007,7.0,0.0,13.6,0.0,0.0,0.1,79.3
1747230647019,7.9,0.0,14.4,0.0,0.0,0.2,77.5
1747230649041,8.7,0.0,12.6,0.0,0.0,0.1,78.6
1747230651050,7.4,0.0,12.7,0.0,0.0,0.1,79.8
1747230653062,6.8,0.0,12.9,0.0,0.0,0.0,80.3
1747230655072,6.8,0.0,12.7,0.0,0.0,0.1,80.4
1747230657082,7.8,0.0,12.9,0.0,0.0,0.2,79.0
1747230659091,7.3,0.0,12.8,0.0,0.0,0.1,79.8
1747230661102,7.7,0.0,13.6,0.0,0.0,0.1,78.5
1747230663112,7.9,0.0,13.6,0.0,0.0,0.1,78.4
1747230665122,8.8,0.0,14.4,0.0,0.0,0.1,76.7
1747230667132,7.4,0.0,14.0,0.0,0.0,0.2,78.4
1747230669144,8.0,0.0,13.6,0.0,0.0,0.1,78.3
1747230671155,8.3,0.0,13.9,0.0,0.0,0.0,77.7
1747230673166,9.7,0.0,14.0,0.0,0.0,0.0,76.3
1747230675176,7.5,0.0,13.2,0.0,0.0,0.1,79.2
1747230677186,7.6,0.0,13.2,0.0,0.0,0.2,79.1
1747230679194,7.3,0.0,13.5,0.0,0.0,0.0,79.2
1747230681203,8.8,0.0,13.1,0.0,0.0,0.0,78.1
1747230683212,7.5,0.0,12.8,0.0,0.0,0.1,79.7
1747230685223,7.3,0.0,13.8,0.0,0.0,0.0,78.9
1747230687234,7.4,0.0,14.0,0.0,0.0,0.1,78.5
1747230689245,8.7,0.0,13.8,0.0,0.0,0.0,77.4
1747230691254,8.3,0.0,15.0,0.0,0.0,0.0,76.6
1747230693264,9.0,0.0,15.6,0.0,0.0,0.0,75.4
1747230695274,8.3,0.0,14.3,0.0,0.0,0.0,77.4
1747230697284,8.6,0.0,13.6,0.0,0.0,0.2,77.6
1747230699293,7.6,0.0,13.4,0.0,0.0,0.1,78.9
1747230701303,8.2,0.0,12.9,0.0,0.0,0.0,78.8
1747230703312,7.2,0.0,12.7,0.0,0.0,0.1,80.0
1747230705322,7.8,0.0,13.6,0.0,0.0,0.1,78.5
1747230707333,7.0,0.0,12.9,0.0,0.0,0.2,79.9
1747230709342,7.3,0.0,12.3,0.0,0.0,0.0,80.3
1747230711356,6.9,0.0,12.5,0.0,0.0,0.1,80.5
1747230713375,8.6,0.0,13.1,0.0,0.0,0.1,78.2
1747230715387,7.9,0.0,13.0,0.0,0.0,0.1,79.0
1747230717395,8.1,0.0,14.0,0.0,0.0,0.1,77.8
1747230719405,7.5,0.0,13.2,0.0,0.0,0.1,79.2
1747230721424,9.9,0.0,14.9,0.0,0.0,0.1,75.0
1747230723437,7.5,0.0,13.3,0.0,0.0,0.0,79.2
1747230725448,7.7,0.0,13.4,0.0,0.0,0.1,78.8
1747230727459,7.6,0.0,13.5,0.0,0.0,0.1,78.8
1747230729470,0.0,0.0,0.0,0.0,0.0,0.0,0.0
1747230731481,11.2,0.0,19.1,0.0,0.0,0.1,69.6
1747230733493,12.2,0.0,17.2,0.0,0.0,0.1,70.5
1747230735504,12.3,0.0,16.8,0.0,0.0,0.0,70.9
1747230737515,11.9,0.0,17.9,0.0,0.0,0.0,70.1
1747230739526,10.7,0.0,15.8,1.8,0.0,0.0,71.7
1747230741535,11.2,0.0,15.7,0.0,0.0,0.1,73.0
1747230743545,10.9,0.0,16.0,0.0,0.0,0.0,73.1
1747230745555,11.3,0.0,16.9,0.1,0.0,0.1,71.6
1747230747564,9.3,0.0,12.3,1.7,0.0,0.0,76.7
1747230749572,10.2,0.0,14.7,0.0,0.0,0.0,75.1
1747230751586,10.5,0.0,15.1,0.0,0.0,0.1,74.3
1747230753599,10.4,0.0,16.3,0.0,0.0,0.1,73.2
1747230755616,0.2,0.0,0.3,0.0,0.0,0.0,99.5
1747230757626,7.4,0.0,11.4,0.0,0.0,0.1,81.1
1747230759634,6.9,0.0,12.5,0.0,0.0,0.0,80.6
1747230761643,7.5,0.0,11.2,0.0,0.0,0.0,81.2
1747230763652,0.2,0.0,0.2,0.0,0.0,0.0,99.6
1747230765663,7.1,0.0,12.7,0.0,0.0,0.0,80.2
1747230767671,7.0,0.0,13.0,0.0,0.0,0.2,79.8
1747230769679,7.5,0.0,12.1,0.0,0.0,0.1,80.3
1747230771687,0.2,0.0,0.2,0.0,0.0,0.0,99.6
1747230773698,7.0,0.0,12.9,0.0,0.0,0.1,80.0
1747230775711,6.7,0.0,13.9,0.0,0.0,0.1,79.4
1747230777725,7.6,0.0,13.1,0.0,0.0,0.2,79.1
1747230779735,9.4,0.0,13.6,0.0,0.0,0.0,76.9
1747230781745,8.0,0.0,13.9,0.0,0.0,0.2,78.0
1747230783755,7.6,0.0,15.5,0.0,0.0,0.0,76.8
1747230785765,9.2,0.0,14.9,0.0,0.0,0.1,75.8
1747230787776,7.4,0.0,14.4,0.0,0.0,0.1,78.1
1747230789786,7.6,0.0,14.1,0.0,0.0,0.1,78.2
1747230791796,7.9,0.0,14.1,0.0,0.0,0.0,78.0
1747230793805,8.0,0.0,15.1,0.0,0.0,0.0,76.8
1747230795814,7.7,0.0,14.6,0.0,0.0,0.0,77.6
1747230797824,7.4,0.0,15.1,0.0,0.0,0.2,77.2
1747230799834,7.2,0.0,14.8,0.0,0.0,0.1,77.9
1747230801843,7.7,0.0,14.5,0.0,0.0,0.1,77.7
1747230803853,9.5,0.0,13.7,0.0,0.0,0.0,76.7
1747230805866,11.6,0.0,17.7,0.0,0.0,0.0,70.7
1747230807881,11.1,0.0,16.5,0.0,0.0,0.0,72.4
1747230809899,10.4,0.0,15.8,0.0,0.0,0.1,73.7
1747230811921,10.9,0.0,16.8,0.0,0.0,0.0,72.2
1747230813947,0.0,0.0,0.0,0.0,0.0,0.0,0.0
1747230815964,10.4,0.0,16.0,0.0,0.0,0.0,73.6
1747230817978,10.7,0.0,15.6,0.0,0.0,0.1,73.6
1747230819993,11.0,0.0,15.8,0.0,0.0,0.0,73.1
1747230822012,0.0,0.0,0.0,0.0,0.0,0.0,0.0
1747230824026,9.8,0.0,14.6,0.0,0.0,0.0,75.5
1747230826041,9.4,0.0,15.4,0.0,0.0,0.1,75.2
1747230828056,10.1,0.0,14.7,0.0,0.0,0.1,75.2
1747230830071,0.1,0.0,0.1,0.0,0.0,0.0,99.8
1747230832082,7.2,0.0,11.0,0.0,0.0,0.0,81.7
1747230834091,7.0,0.0,11.8,0.0,0.0,0.1,81.1
1747230836099,7.3,0.0,11.1,0.0,0.0,0.1,81.5
1747230838123,0.1,0.0,0.2,0.0,0.0,0.0,99.7
1747230840134,7.5,0.0,12.3,0.0,0.0,0.1,80.1
1747230842147,7.0,0.0,13.6,0.0,0.0,0.0,79.4
1747230844157,7.5,0.0,13.4,0.0,0.0,0.0,79.1
1747230846166,7.7,0.0,12.8,0.0,0.0,0.2,79.2
1747230848176,8.2,0.0,13.6,0.0,0.0,0.1,78.2
1747230850187,9.1,0.0,13.3,0.0,0.0,0.1,77.5
1747230852199,7.5,0.0,13.0,0.0,0.0,0.2,79.3
1747230854208,7.3,0.0,14.8,0.0,0.0,0.1,77.9
1747230856216,7.5,0.0,13.7,0.0,0.0,0.0,78.7
1747230858226,7.6,0.0,14.1,0.0,0.0,0.2,78.2
1747230860235,8.1,0.0,13.2,0.0,0.0,0.1,78.5
1747230862244,8.0,0.0,13.9,0.0,0.0,0.1,78.0
1747230864253,7.5,0.0,13.6,0.0,0.0,0.1,78.7
1747230866263,7.8,0.0,14.1,0.0,0.0,0.2,77.8
1747230868274,7.2,0.0,14.4,0.0,0.0,0.1,78.4
1747230870283,7.6,0.0,13.9,0.0,0.0,0.0,78.5
1747230872293,8.1,0.0,13.8,0.0,0.0,0.2,78.0
1747230874303,7.6,0.0,13.9,0.0,0.0,0.1,78.4
1747230876314,7.1,0.0,13.9,0.0,0.0,0.0,79.0
1747230878323,7.2,0.0,14.3,0.0,0.0,0.0,78.5
1747230880340,7.2,0.0,13.4,0.0,0.0,0.1,79.3
1747230882352,6.8,0.0,13.0,0.0,0.0,0.2,80.0
1747230884366,7.3,0.0,12.0,0.0,0.0,0.1,80.5
1747230886384,7.4,0.0,13.7,0.0,0.0,0.1,78.9
1747230888393,7.4,0.0,13.6,0.0,0.0,0.1,78.8
1747230890405,7.1,0.0,13.8,0.0,0.0,0.1,79.0
1747230892414,7.0,0.0,14.0,0.0,0.0,0.2,78.8
1747230894424,7.2,0.0,13.3,0.0,0.0,0.1,79.4
1747230896437,7.0,0.0,13.2,0.0,0.0,0.1,79.7
1747230898447,7.8,0.0,13.1,0.0,0.0,0.0,79.1
1747230900462,7.3,0.0,12.2,0.0,0.0,0.2,80.2
1747230902473,8.0,0.0,13.2,0.0,0.0,0.2,78.5
1747230904484,7.4,0.0,14.1,0.0,0.0,0.0,78.5
1747230906495,7.2,0.0,14.2,0.0,0.0,0.0,78.6
1747230908506,6.9,0.0,13.0,0.0,0.0,0.1,80.1
1747230910516,0.0,0.0,0.0,0.0,0.0,0.0,0.0
1747230912527,11.3,0.0,16.3,0.0,0.0,0.2,72.2
1747230914539,10.0,0.0,18.4,0.0,0.0,0.1,71.5
1747230916550,11.2,0.0,16.5,0.0,0.0,0.1,72.2
1747230918561,12.1,0.0,16.9,0.0,0.0,0.1,70.9
1747230920571,11.0,0.0,14.8,0.0,0.0,0.1,74.1
1747230922581,10.9,0.0,15.4,0.1,0.0,0.1,73.5
1747230924593,10.7,0.0,16.2,0.0,0.0,0.0,73.1
1747230926605,10.5,0.0,17.0,0.0,0.0,0.0,72.4
1747230928618,0.0,0.0,0.0,0.0,0.0,0.0,0.0
1747230930630,9.9,0.0,15.2,0.0,0.0,0.1,74.8
1747230932646,9.5,0.0,15.6,0.0,0.0,0.1,74.8
1747230934659,10.1,0.0,15.0,0.0,0.0,0.0,74.8
1747230936676,0.2,0.0,0.3,0.0,0.0,0.0,99.5
1747230938687,6.7,0.0,11.3,0.0,0.0,0.2,81.7
1747230940695,7.4,0.0,11.4,0.0,0.0,0.1,81.1
1747230942705,6.7,0.0,12.0,0.0,0.0,0.2,81.2
1747230944714,0.1,0.0,0.2,0.0,0.0,0.0,99.6
1747230946727,6.2,0.0,12.2,0.0,0.0,0.1,81.4
1747230948737,6.5,0.0,12.4,0.0,0.0,0.1,80.9
1747230950748,7.1,0.0,11.9,0.0,0.0,0.1,80.9
1747230952762,8.2,0.0,12.7,0.0,0.0,0.2,78.8
1747230954771,7.1,0.0,14.0,0.0,0.0,0.1,78.8
1747230956779,7.9,0.0,13.2,0.0,0.0,0.2,78.7
1747230958789,7.4,0.0,13.6,0.0,0.0,0.2,78.8
1747230960798,8.9,0.0,14.9,0.0,0.0,0.1,76.0
1747230962806,6.7,0.0,13.5,0.0,0.0,0.2,79.6
1747230964816,6.9,0.0,12.8,0.0,0.0,0.0,80.3
1747230966825,7.4,0.0,13.0,0.0,0.0,0.1,79.5
1747230968836,8.3,0.0,12.0,0.0,0.0,0.1,79.6
1747230970846,7.3,0.0,12.5,0.0,0.0,0.1,80.0
1747230972856,6.6,0.0,12.6,0.0,0.0,0.1,80.6
1747230974867,7.2,0.0,12.5,0.0,0.0,0.0,80.2
1747230976877,7.9,0.0,12.7,0.0,0.0,0.0,79.3
1747230978888,7.1,0.0,12.7,0.0,0.0,0.1,80.2
1747230980897,7.8,0.0,13.5,0.0,0.0,0.1,78.7
