timestamp_ms,usr%,nice%,sys%,iowait%,irq%,soft%,steal%,idle%
1747230411623,8.3,0.0,13.9,0.0,0.0,0.1,77.7
1747230413634,7.8,0.0,13.7,0.0,0.0,0.1,78.4
1747230415643,7.0,0.0,14.2,0.0,0.0,0.1,78.6
1747230417654,7.4,0.0,14.7,0.0,0.0,0.1,77.8
1747230419666,9.4,0.0,13.7,0.0,0.0,0.1,76.8
1747230421677,7.9,0.0,13.8,0.0,0.0,0.2,78.2
1747230423687,7.7,0.0,13.7,0.0,0.0,0.1,78.5
1747230425698,7.3,0.0,14.1,0.0,0.0,0.0,78.6
1747230427708,8.0,0.0,13.3,0.0,0.0,0.1,78.7
1747230429718,7.1,0.0,13.9,0.0,0.0,0.1,78.9
1747230431727,8.1,0.0,14.0,0.0,0.0,0.1,77.7
1747230433739,7.4,0.0,13.6,0.0,0.0,0.1,79.0
1747230435750,7.9,0.0,12.1,0.0,0.0,0.1,79.8
1747230437761,7.0,0.0,12.9,0.0,0.0,0.1,80.1
1747230439771,6.8,0.0,12.9,0.0,0.0,0.1,80.2
1747230441785,7.8,0.0,13.3,0.0,0.0,0.1,78.8
1747230443796,7.6,0.0,13.6,0.0,0.0,0.0,78.8
1747230445807,7.4,0.0,13.0,0.0,0.0,0.0,79.5
1747230447818,7.6,0.0,14.8,0.0,0.0,0.1,77.5
1747230449828,8.2,0.0,12.9,0.0,0.0,0.1,78.8
1747230451839,7.5,0.0,12.9,0.0,0.0,0.2,79.4
1747230453852,7.5,0.0,12.5,0.0,0.0,0.1,79.9
1747230455875,6.5,0.0,13.2,0.0,0.0,0.0,80.2
1747230457890,7.2,0.0,12.9,0.0,0.0,0.0,79.9
1747230459902,8.2,0.0,12.9,0.0,0.0,0.1,78.7
1747230461913,7.4,0.0,13.1,0.0,0.0,0.1,79.4
1747230463925,8.1,0.0,12.1,0.0,0.0,0.1,79.7
1747230465936,7.8,0.0,13.4,0.0,0.0,0.0,78.7
1747230467947,8.0,0.0,13.2,0.0,0.0,0.1,78.7
1747230469958,7.2,0.0,13.5,0.0,0.0,0.0,79.3
1747230471968,7.9,0.0,12.6,0.0,0.0,0.2,79.3
1747230473981,7.5,0.0,12.6,0.0,0.0,0.1,79.8
1747230475993,7.9,0.0,13.7,0.0,0.0,0.0,78.3
1747230478005,7.2,0.0,13.5,0.0,0.0,0.1,79.2
1747230480017,7.6,0.0,13.1,0.0,0.0,0.1,79.3
1747230482028,7.9,0.0,13.2,0.0,0.0,0.2,78.7
1747230484040,8.5,0.0,13.2,0.0,0.0,0.1,78.2
1747230486051,7.7,0.0,13.3,0.0,0.0,0.0,79.0
1747230488062,7.8,0.0,13.4,0.0,0.0,0.0,78.8
1747230490073,7.0,0.0,14.4,0.0,0.0,0.1,78.5
1747230492084,8.4,0.0,13.7,0.0,0.0,0.1,77.8
1747230494093,7.1,0.0,13.7,0.0,0.0,0.2,79.0
1747230496103,7.7,0.0,13.8,0.0,0.0,0.0,78.5
1747230498113,7.3,0.0,14.1,0.0,0.0,0.0,78.5
1747230500126,8.0,0.0,13.9,0.0,0.0,0.2,78.0
1747230502138,8.2,0.0,13.4,0.0,0.0,0.2,78.1
1747230504150,7.9,0.0,13.5,0.0,0.0,0.1,78.5
1747230506160,8.0,0.0,14.0,0.0,0.0,0.1,77.9
1747230508171,8.2,0.0,14.4,0.0,0.0,0.0,77.4
1747230510182,7.6,0.0,14.2,0.0,0.0,0.1,78.0
1747230512192,7.9,0.0,14.5,0.0,0.0,0.2,77.3
1747230514200,7.8,0.0,13.0,0.0,0.0,0.1,79.1
1747230516209,7.6,0.0,13.5,0.0,0.0,0.1,78.8
1747230518219,7.3,0.0,13.9,0.0,0.0,0.1,78.7
1747230520228,7.2,0.0,14.0,0.0,0.0,0.1,78.8
1747230522240,7.1,0.0,13.6,0.0,0.0,0.1,79.1
1747230524253,7.5,0.0,13.5,0.0,0.0,0.2,78.9
1747230526263,7.4,0.0,13.2,0.0,0.0,0.1,79.3
1747230528274,7.5,0.0,13.1,0.0,0.0,0.1,79.2
1747230530285,7.8,0.0,14.1,0.0,0.0,0.0,78.0
1747230532294,8.2,0.0,13.8,0.0,0.0,0.2,77.8
1747230534303,9.1,0.0,14.4,0.0,0.0,0.1,76.4
1747230536313,8.0,0.0,13.6,0.0,0.0,0.1,78.4
1747230538323,7.9,0.0,13.3,0.0,0.0,0.1,78.6
1747230540332,7.1,0.0,14.7,0.0,0.0,0.1,78.0
1747230542342,8.2,0.0,12.6,0.0,0.0,0.2,79.0
1747230544350,7.3,0.0,14.5,0.0,0.0,0.1,78.1
1747230546360,7.8,0.0,14.1,0.0,0.0,0.1,78.0
1747230548370,8.4,0.0,13.4,0.0,0.0,0.1,78.1
1747230550381,7.6,0.0,14.3,0.0,0.0,0.0,78.0
1747230552389,7.5,0.0,13.4,0.0,0.0,0.2,79.0
1747230554398,8.3,0.0,12.7,0.0,0.0,0.1,78.8
1747230556407,7.5,0.0,13.9,0.0,0.0,0.2,78.4
1747230558416,10.9,0.0,14.7,0.0,0.0,0.0,74.3
1747230560424,9.8,0.0,15.3,0.0,0.0,0.0,74.9
1747230562436,9.1,0.0,16.2,0.0,0.0,0.1,74.5
1747230564447,7.8,0.0,13.6,0.0,0.0,0.0,78.5
1747230566459,11.0,0.0,15.2,0.0,0.0,0.0,73.8
1747230568469,10.6,0.0,16.1,0.0,0.0,0.0,73.3
1747230570488,11.1,0.0,17.0,0.0,0.0,0.1,71.9
1747230572499,10.9,0.0,16.8,0.0,0.0,0.3,72.0
1747230574511,0.0,0.0,0.0,0.0,0.0,0.0,0.0
1747230576527,10.5,0.0,15.7,0.0,0.0,0.1,73.7
1747230578543,10.4,0.0,15.3,0.0,0.0,0.0,74.2
1747230580560,10.1,0.0,15.6,0.0,0.0,0.0,74.2
1747230582574,10.9,0.0,15.3,0.0,0.0,0.2,73.6
1747230584587,9.6,0.0,14.2,0.0,0.0,0.1,76.2
1747230586601,10.1,0.0,14.5,0.0,0.0,0.1,75.3
1747230588614,9.7,0.0,15.1,0.0,0.0,0.1,75.0
1747230590627,10.1,0.0,16.3,0.0,0.0,0.1,73.5
1747230592639,7.9,0.0,11.7,0.0,0.0,0.1,80.2
1747230594649,7.8,0.0,11.7,0.0,0.0,0.0,80.4
1747230596660,8.0,0.0,11.8,0.0,0.0,0.1,80.0
1747230598672,7.9,0.0,12.9,0.0,0.0,0.0,79.2
1747230600683,8.3,0.0,13.7,0.0,0.0,0.2,77.8
1747230602693,7.9,0.0,13.2,0.0,0.0,0.3,78.6
1747230604703,8.0,0.0,13.6,0.0,0.0,0.2,78.3
1747230606714,8.4,0.0,13.5,0.0,0.0,0.1,78.0
1747230608726,0.2,0.0,0.3,0.0,0.0,0.0,99.5
1747230610736,8.2,0.0,14.5,0.0,0.0,0.1,77.2
1747230612745,8.7,0.0,14.3,0.0,0.0,0.3,76.7
1747230614754,8.0,0.0,15.0,0.0,0.0,0.2,76.8
1747230616765,0.1,0.0,0.2,0.0,0.0,0.0,99.6
1747230618775,7.8,0.0,14.7,0.0,0.0,0.1,77.3
1747230620787,8.0,0.0,14.3,0.0,0.0,0.0,77.7
1747230622797,8.0,0.0,14.1,0.0,0.0,0.2,77.7
1747230624807,8.9,0.0,14.3,0.0,0.0,0.0,76.7
1747230626817,8.3,0.0,13.9,0.0,0.0,0.1,77.7
1747230628826,8.0,0.0,15.3,0.0,0.0,0.0,76.7
1747230630837,7.1,0.0,14.3,0.0,0.0,0.1,78.4
1747230632854,8.3,0.0,13.8,0.0,0.0,0.2,77.7
1747230634862,7.4,0.0,15.2,0.0,0.0,0.1,77.3
1747230636871,7.8,0.0,14.7,0.0,0.0,0.2,77.3
1747230638882,7.7,0.0,13.8,0.0,0.0,0.1,78.4
1747230640893,8.5,0.0,13.7,0.0,0.0,0.0,77.7
1747230642902,7.2,0.0,14.5,0.0,0.0,0.1,78.1
1747230644912,6.7,0.0,13.3,0.0,0.0,0.1,79.9
1747230646922,6.9,0.0,13.6,0.0,0.0,0.3,79.2
1747230648932,9.3,0.0,13.5,0.0,0.0,0.1,77.1
1747230650944,7.2,0.0,12.9,0.0,0.0,0.1,79.8
1747230652956,7.0,0.0,13.1,0.0,0.0,0.0,79.8
1747230654967,7.2,0.0,13.4,0.0,0.0,0.1,79.3
1747230656977,8.2,0.0,13.2,0.0,0.0,0.2,78.5
1747230658988,7.5,0.0,13.4,0.0,0.0,0.1,79.0
1747230660999,7.7,0.0,13.6,0.0,0.0,0.1,78.5
1747230663010,8.1,0.0,13.3,0.0,0.0,0.1,78.5
1747230665021,8.8,0.0,14.3,0.0,0.0,0.1,76.8
1747230667032,7.3,0.0,14.2,0.0,0.0,0.2,78.4
1747230669044,7.8,0.0,13.7,0.0,0.0,0.1,78.4
1747230671055,8.4,0.0,13.6,0.0,0.0,0.0,78.0
1747230673064,9.6,0.0,14.0,0.0,0.0,0.1,76.3
1747230675074,7.4,0.0,13.4,0.0,0.0,0.1,79.1
1747230677085,7.7,0.0,13.0,0.0,0.0,0.2,79.1
1747230679096,7.2,0.0,13.5,0.0,0.0,0.0,79.2
1747230681107,8.8,0.0,13.3,0.0,0.0,0.1,77.8
1747230683118,7.4,0.0,13.1,0.0,0.0,0.1,79.4
1747230685128,7.3,0.0,13.9,0.0,0.0,0.0,78.7
1747230687137,7.3,0.0,14.0,0.0,0.0,0.1,78.5
1747230689147,8.8,0.0,13.8,0.0,0.0,0.0,77.4
1747230691159,8.2,0.0,15.1,0.0,0.0,0.0,76.6
1747230693169,9.1,0.0,15.6,0.0,0.0,0.0,75.3
1747230695181,8.3,0.0,14.3,0.0,0.0,0.0,77.3
1747230697191,8.2,0.0,13.1,0.0,0.0,0.2,78.6
1747230699200,7.0,0.0,13.2,0.0,0.0,0.1,79.6
1747230701211,7.8,0.0,13.1,0.0,0.0,0.0,79.0
1747230703220,7.2,0.0,13.1,0.0,0.0,0.1,79.6
1747230705232,7.9,0.0,13.6,0.0,0.0,0.1,78.3
1747230707244,6.7,0.0,13.0,0.0,0.0,0.2,80.2
1747230709258,7.5,0.0,12.4,0.0,0.0,0.0,80.0
1747230711267,7.4,0.0,13.2,0.0,0.0,0.1,79.2
1747230713277,8.3,0.0,13.5,0.0,0.0,0.1,78.0
1747230715293,8.2,0.0,13.2,0.0,0.0,0.1,78.5
1747230717305,8.4,0.0,13.9,0.0,0.0,0.1,77.5
1747230719315,7.6,0.0,13.7,0.0,0.0,0.1,78.6
1747230721326,10.6,0.0,16.0,0.0,0.0,0.1,73.4
1747230723337,7.4,0.0,13.5,0.0,0.0,0.0,79.0
1747230725347,7.6,0.0,13.3,0.0,0.0,0.1,79.0
1747230727357,7.4,0.0,13.8,0.0,0.0,0.1,78.7
1747230729369,0.0,0.0,0.0,0.0,0.0,0.0,0.0
1747230731379,11.3,0.0,19.1,0.0,0.0,0.1,69.5
1747230733391,12.2,0.0,17.1,0.0,0.0,0.1,70.5
1747230735403,12.2,0.0,17.0,0.0,0.0,0.0,70.7
1747230737417,11.9,0.0,18.1,0.0,0.0,0.1,69.9
1747230739427,10.7,0.0,15.8,1.4,0.0,0.0,72.1
1747230741436,11.3,0.0,15.6,0.4,0.0,0.0,72.7
1747230743448,10.8,0.0,15.9,0.0,0.0,0.1,73.2
1747230745461,11.4,0.0,16.6,0.0,0.0,0.1,71.9
1747230747473,8.8,0.0,11.6,2.0,0.0,0.0,77.6
1747230749493,10.5,0.0,14.8,0.0,0.0,0.0,74.7
1747230751506,10.5,0.0,14.9,0.0,0.0,0.1,74.5
1747230753520,10.1,0.0,16.2,0.0,0.0,0.1,73.5
1747230755535,0.2,0.0,0.3,0.0,0.0,0.0,99.5
1747230757546,7.4,0.0,11.4,0.0,0.0,0.1,81.0
1747230759555,7.1,0.0,12.1,0.0,0.0,0.0,80.8
1747230761562,7.5,0.0,11.4,0.0,0.0,0.0,81.0
1747230763569,0.2,0.0,0.2,0.0,0.0,0.0,99.5
1747230765577,7.0,0.0,12.9,0.0,0.0,0.1,80.1
1747230767585,7.0,0.0,12.8,0.0,0.0,0.2,80.1
1747230769595,7.5,0.0,11.9,0.0,0.0,0.0,80.5
1747230771612,0.1,0.0,0.2,0.0,0.0,0.0,99.6
1747230773623,7.2,0.0,13.1,0.0,0.0,0.1,79.6
1747230775634,7.1,0.0,14.6,0.0,0.0,0.1,78.2
1747230777645,7.9,0.0,13.6,0.0,0.0,0.2,78.3
1747230779656,9.0,0.0,14.0,0.0,0.0,0.0,77.0
1747230781665,7.9,0.0,13.8,0.0,0.0,0.2,78.0
1747230783676,7.8,0.0,15.4,0.0,0.0,0.1,76.7
1747230785687,9.2,0.0,15.1,0.0,0.0,0.1,75.6
1747230787695,7.2,0.0,14.6,0.0,0.0,0.1,78.1
1747230789703,7.3,0.0,14.1,0.0,0.0,0.1,78.5
1747230791714,7.7,0.0,14.1,0.0,0.0,0.0,78.1
1747230793726,8.0,0.0,15.4,0.0,0.0,0.0,76.5
1747230795737,7.5,0.0,14.8,0.0,0.0,0.0,77.7
1747230797748,7.5,0.0,15.3,0.0,0.0,0.2,77.0
1747230799759,7.3,0.0,15.0,0.0,0.0,0.1,77.6
1747230801770,7.8,0.0,14.6,0.0,0.0,0.1,77.5
1747230803780,9.6,0.0,14.4,0.0,0.0,0.0,75.9
1747230805791,12.2,0.0,17.8,0.0,0.0,0.0,69.9
1747230807812,10.1,0.0,15.8,0.0,0.0,0.1,74.0
1747230809836,10.4,0.0,16.1,0.0,0.0,0.1,73.4
1747230811853,11.0,0.0,17.0,0.0,0.0,0.0,72.1
1747230813871,0.0,0.0,0.0,0.0,0.0,0.0,0.0
1747230815883,10.5,0.0,15.9,0.0,0.0,0.1,73.5
1747230817900,10.8,0.0,15.8,0.0,0.0,0.1,73.3
1747230819917,10.8,0.0,15.8,0.0,0.0,0.0,73.4
1747230821933,0.0,0.0,0.0,0.0,0.0,0.0,0.0
1747230823945,10.2,0.0,14.8,0.0,0.0,0.0,75.0
1747230825959,9.4,0.0,15.7,0.0,0.0,0.1,74.8
1747230827972,10.2,0.0,14.8,0.0,0.0,0.1,74.9
1747230829985,0.1,0.0,0.1,0.0,0.0,0.0,99.8
1747230831998,7.3,0.0,11.2,0.0,0.0,0.0,81.5
1747230834008,7.0,0.0,11.8,0.0,0.0,0.1,81.1
1747230836020,7.8,0.0,11.4,0.0,0.0,0.1,80.8
1747230838031,0.1,0.0,0.2,0.0,0.0,0.0,99.7
1747230840041,7.6,0.0,12.5,0.0,0.0,0.1,79.8
1747230842052,6.9,0.0,13.9,0.0,0.0,0.0,79.1
1747230844063,7.5,0.0,13.5,0.0,0.0,0.0,79.0
1747230846073,7.7,0.0,13.0,0.0,0.0,0.2,79.1
1747230848083,8.2,0.0,13.5,0.0,0.0,0.1,78.1
1747230850093,9.1,0.0,13.4,0.0,0.0,0.1,77.4
1747230852104,7.5,0.0,13.2,0.0,0.0,0.1,79.2
1747230854112,7.2,0.0,15.0,0.0,0.0,0.1,77.7
1747230856121,7.6,0.0,13.6,0.0,0.0,0.0,78.8
1747230858133,7.3,0.0,14.2,0.0,0.0,0.2,78.3
1747230860145,8.2,0.0,13.3,0.0,0.0,0.1,78.4
1747230862154,8.0,0.0,13.9,0.0,0.0,0.0,78.0
1747230864164,7.5,0.0,13.8,0.0,0.0,0.1,78.6
1747230866175,7.7,0.0,14.2,0.0,0.0,0.2,77.9
1747230868186,7.2,0.0,14.4,0.0,0.0,0.1,78.3
1747230870196,7.5,0.0,13.8,0.0,0.0,0.0,78.7
1747230872205,8.1,0.0,13.7,0.0,0.0,0.1,78.0
1747230874214,7.5,0.0,13.5,0.0,0.0,0.1,79.0
1747230876222,6.6,0.0,13.5,0.0,0.0,0.0,79.8
1747230878230,6.9,0.0,14.1,0.0,0.0,0.1,79.0
1747230880240,7.6,0.0,13.7,0.0,0.0,0.1,78.6
1747230882250,7.3,0.0,13.3,0.0,0.0,0.2,79.1
1747230884260,7.9,0.0,12.5,0.0,0.0,0.1,79.5
1747230886268,7.0,0.0,13.6,0.0,0.0,0.1,79.4
1747230888279,7.1,0.0,13.0,0.0,0.0,0.1,79.8
1747230890289,7.2,0.0,12.7,0.0,0.0,0.1,80.0
1747230892304,6.9,0.0,13.5,0.0,0.0,0.2,79.4
1747230894316,7.2,0.0,14.2,0.0,0.0,0.1,78.5
1747230896327,7.3,0.0,13.8,0.0,0.0,0.1,78.7
1747230898338,8.6,0.0,13.8,0.0,0.0,0.0,77.6
1747230900348,7.5,0.0,12.9,0.0,0.0,0.2,79.4
1747230902359,7.7,0.0,13.4,0.0,0.0,0.2,78.6
1747230904369,7.5,0.0,14.3,0.0,0.0,0.0,78.3
1747230906380,7.3,0.0,14.3,0.0,0.0,0.0,78.3
1747230908391,6.9,0.0,13.1,0.0,0.0,0.0,80.0
1747230910404,7.2,0.0,13.2,0.0,0.0,0.0,79.6
1747230912419,11.2,0.0,16.5,0.0,0.0,0.2,72.0
1747230914429,10.1,0.0,18.6,0.0,0.0,0.1,71.2
1747230916440,11.4,0.0,16.6,0.0,0.0,0.1,71.9
1747230918451,12.1,0.0,17.2,0.0,0.0,0.0,70.7
1747230920463,11.3,0.0,15.0,0.0,0.0,0.1,73.6
1747230922474,10.6,0.0,14.8,0.1,0.0,0.1,74.3
1747230924485,10.6,0.0,16.0,0.0,0.0,0.0,73.3
1747230926495,10.4,0.0,16.2,0.0,0.0,0.0,73.3
1747230928507,0.0,0.0,0.0,0.0,0.0,0.0,0.0
1747230930524,10.1,0.0,15.2,0.0,0.0,0.1,74.7
1747230932537,10.0,0.0,15.3,0.0,0.0,0.1,74.7
1747230934552,10.1,0.0,15.0,0.0,0.0,0.0,74.9
1747230936568,0.2,0.0,0.3,0.0,0.0,0.0,99.5
1747230938585,6.8,0.0,11.4,0.0,0.0,0.2,81.5
1747230940594,7.3,0.0,11.5,0.0,0.0,0.1,81.1
1747230942603,6.4,0.0,11.0,0.0,0.0,0.2,82.5
1747230944620,0.1,0.0,0.2,0.0,0.0,0.0,99.7
1747230946640,6.7,0.0,12.4,0.0,0.0,0.1,80.8
1747230948649,6.9,0.0,13.0,0.0,0.0,0.1,80.0
1747230950658,7.3,0.0,12.2,0.0,0.0,0.1,80.3
1747230952670,7.9,0.0,13.0,0.0,0.0,0.2,78.9
1747230954681,7.0,0.0,14.3,0.0,0.0,0.1,78.7
1747230956693,8.1,0.0,13.5,0.0,0.0,0.1,78.3
1747230958703,7.5,0.0,13.6,0.0,0.0,0.1,78.7
1747230960713,8.6,0.0,15.2,0.0,0.0,0.1,76.1
1747230962723,6.9,0.0,13.7,0.0,0.0,0.2,79.3
1747230964733,7.0,0.0,13.2,0.0,0.0,0.0,79.8
1747230966743,7.4,0.0,13.1,0.0,0.0,0.1,79.4
1747230968752,8.1,0.0,12.3,0.0,0.0,0.1,79.5
1747230970760,7.2,0.0,12.9,0.0,0.0,0.0,79.8
1747230972770,6.7,0.0,12.9,0.0,0.0,0.1,80.3
1747230974780,7.2,0.0,12.6,0.0,0.0,0.0,80.2
1747230976790,7.9,0.0,12.7,0.0,0.0,0.1,79.4
1747230978801,7.3,0.0,12.6,0.0,0.0,0.1,80.0
1747230980810,7.9,0.0,13.4,0.0,0.0,0.1,78.6
1747230982818,7.6,0.0,12.5,0.0,0.0,0.3,79.6
1747230984828,7.7,0.0,13.1,0.0,0.0,0.2,79.0
1747230986840,6.9,0.0,12.5,0.0,0.0,0.1,80.5
1747230988856,6.4,0.0,13.4,0.0,0.0,0.1,80.2
1747230990867,7.1,0.0,13.2,0.0,0.0,0.0,79.7
1747230992878,7.7,0.0,12.4,0.0,0.0,0.2,79.6
1747230994888,7.1,0.0,12.0,0.0,0.0,0.1,80.8
1747230996898,6.6,0.0,12.0,0.0,0.0,0.0,81.4
1747230998910,6.9,0.0,11.5,0.0,0.0,0.1,81.5
1747231000920,7.0,0.0,11.7,0.0,0.0,0.0,81.2
1747231002928,7.3,0.0,11.4,0.0,0.0,0.1,81.2
1747231004937,7.0,0.0,12.4,0.0,0.0,0.1,80.5
1747231006945,7.9,0.0,13.1,0.0,0.0,0.1,78.9
1747231008956,6.8,0.0,12.4,0.0,0.0,0.1,80.8
1747231010966,6.7,0.0,11.1,0.0,0.0,0.1,82.1
1747231012976,6.4,0.0,12.7,0.0,0.0,0.1,80.8
1747231014987,6.9,0.0,12.0,0.0,0.0,0.2,81.0
1747231016998,6.5,0.0,12.6,0.0,0.0,0.0,80.8
1747231019010,6.7,0.0,12.4,0.0,0.0,0.0,80.8
1747231021022,7.2,0.0,12.0,0.0,0.0,0.0,80.8
1747231023034,7.2,0.0,12.3,0.0,0.0,0.1,80.4
1747231025046,6.9,0.0,13.0,0.0,0.0,0.2,79.9
1747231027057,7.8,0.0,13.1,0.0,0.0,0.0,79.1
1747231029069,8.4,0.0,14.8,0.0,0.0,0.0,76.7
1747231031080,7.4,0.0,12.7,0.0,0.0,0.1,79.8
1747231033092,7.4,0.0,13.4,0.0,0.0,0.0,79.2
1747231035103,6.3,0.0,14.5,0.0,0.0,0.2,79.1
1747231037115,6.9,0.0,13.4,0.0,0.0,0.1,79.7
1747231039125,6.5,0.0,15.4,0.0,0.0,0.0,78.0
1747231041136,7.1,0.0,16.1,0.0,0.0,0.0,76.8
1747231043146,8.2,0.0,16.7,0.0,0.0,0.2,74.9
1747231045158,7.6,0.0,14.5,0.0,0.0,0.2,77.7
1747231047171,6.7,0.0,13.6,0.0,0.0,0.2,79.5
1747231049183,5.8,0.0,12.1,0.0,0.0,0.0,82.1
1747231051198,6.4,0.0,11.6,0.0,0.0,0.1,82.0
1747231053217,5.9,0.0,11.5,0.0,0.0,0.1,82.5
1747231055229,6.1,0.0,11.3,0.0,0.0,0.1,82.5
1747231057241,6.6,0.0,11.8,0.0,0.0,0.0,81.5
1747231059253,7.0,0.0,12.4,0.0,0.0,0.0,80.5
1747231061264,8.3,0.0,13.0,0.0,0.0,0.1,78.6
1747231063275,7.2,0.0,12.5,0.0,0.0,0.2,80.1
1747231065286,7.4,0.0,12.2,0.0,0.0,0.2,80.2
1747231067298,7.0,0.0,11.7,0.0,0.0,0.1,81.3
1747231069308,6.7,0.0,12.1,0.0,0.0,0.1,81.1
1747231071321,6.7,0.0,12.5,0.0,0.0,0.0,80.8
1747231073333,7.5,0.0,12.7,0.0,0.0,0.1,79.7
1747231075343,7.0,0.0,12.1,0.0,0.0,0.0,80.9
1747231077355,6.4,0.0,13.7,0.0,0.0,0.1,79.8
1747231079366,7.1,0.0,13.8,0.0,0.0,0.0,79.1
1747231081379,7.3,0.0,13.7,0.0,0.0,0.1,78.9
1747231083390,7.1,0.0,12.4,0.0,0.0,0.0,80.5
1747231085402,7.8,0.0,12.6,0.0,0.0,0.1,79.4
1747231087412,7.3,0.0,12.4,0.0,0.0,0.0,80.2
1747231089422,7.1,0.0,13.3,0.0,0.0,0.0,79.5
1747231091434,6.7,0.0,13.7,0.0,0.0,0.1,79.5
1747231093445,6.9,0.0,14.0,0.0,0.0,0.1,79.1
1747231095457,6.5,0.0,13.4,0.0,0.0,0.1,80.0
1747231097466,7.1,0.0,13.4,0.0,0.0,0.1,79.4
1747231099476,7.2,0.0,13.6,0.0,0.0,0.0,79.2
1747231101496,7.3,0.0,12.1,0.0,0.0,0.1,80.5
1747231103521,7.7,0.0,12.6,0.0,0.0,0.0,79.7
1747231105543,8.4,0.0,14.3,0.0,0.0,0.0,77.2
1747231107562,6.5,0.0,12.1,0.0,0.0,0.2,81.1
1747231109570,6.8,0.0,11.2,0.0,0.0,0.0,82.0
1747231111587,6.5,0.0,12.1,0.0,0.0,0.0,81.3
1747231113596,7.4,0.0,11.7,0.0,0.0,0.0,80.9
1747231115607,8.1,0.0,12.3,0.0,0.0,0.0,79.6
1747231117618,10.6,0.0,16.3,0.0,0.0,0.1,73.0
1747231119630,11.4,0.0,15.6,0.0,0.0,0.1,72.8
1747231121642,10.9,0.0,16.6,0.0,0.0,0.0,72.5
1747231123654,0.0,0.0,0.0,0.0,0.0,0.0,0.0
1747231125665,10.1,0.0,15.3,0.0,0.0,0.1,74.5
1747231127676,10.5,0.0,15.2,0.0,0.0,0.1,74.3
1747231129687,10.2,0.0,15.4,0.0,0.0,0.1,74.3
1747231131698,0.0,0.0,0.0,0.0,0.0,0.0,0.0
1747231133709,10.1,0.0,14.2,0.0,0.0,0.1,75.7
1747231135720,9.7,0.0,15.4,0.0,0.0,0.0,74.9
1747231137731,9.7,0.0,15.8,0.0,0.0,0.1,74.4
1747231139743,10.3,0.0,15.6,0.0,0.0,0.0,74.1
1747231141754,6.6,0.0,11.3,0.0,0.0,0.1,82.0
1747231143764,7.2,0.0,12.2,0.0,0.0,0.0,80.5
1747231145774,6.7,0.0,11.4,0.0,0.0,0.1,81.8
1747231147783,6.1,0.0,13.2,0.0,0.0,0.1,80.6
1747231149792,6.6,0.0,11.2,0.0,0.0,0.1,82.1
1747231151800,6.1,0.0,12.1,0.0,0.0,0.0,81.8
1747231153832,5.8,0.0,11.0,0.0,0.0,0.1,83.1
1747231155854,6.3,0.0,11.8,0.0,0.0,0.1,81.8
1747231157866,7.3,0.0,12.1,0.0,0.0,0.1,80.6
1747231159876,7.2,0.0,11.3,0.0,0.0,0.1,81.5
1747231161887,7.7,0.0,12.1,0.0,0.0,0.1,80.1
1747231163897,7.8,0.0,13.8,0.0,0.0,0.1,78.4
1747231165918,10.1,0.0,13.5,0.0,0.0,0.1,76.3
1747231167929,7.5,0.0,12.8,0.0,0.0,0.1,79.6
1747231169939,6.9,0.0,13.4,0.0,0.0,0.1,79.6
1747231171950,7.6,0.0,13.0,0.0,0.0,0.1,79.2
1747231173962,8.1,0.0,13.7,0.0,0.0,0.1,78.1
1747231175974,7.2,0.0,13.5,0.0,0.0,0.1,79.3
1747231177985,8.1,0.0,13.4,0.0,0.0,0.0,78.5
1747231179995,7.2,0.0,14.4,0.0,0.0,0.0,78.4
1747231182005,9.0,0.0,13.7,0.0,0.0,0.1,77.2
1747231184014,7.7,0.0,13.9,0.0,0.0,0.1,78.3
1747231186023,8.3,0.0,13.7,0.0,0.0,0.1,77.8
1747231188032,7.9,0.0,13.1,0.0,0.0,0.0,79.0
1747231190041,9.2,0.0,13.5,0.0,0.0,0.1,77.2
1747231192052,7.5,0.0,13.1,0.0,0.0,0.1,79.3
1747231194064,7.6,0.0,13.7,0.0,0.0,0.0,78.7
1747231196074,6.8,0.0,13.4,0.0,0.0,0.0,79.7
1747231198086,8.5,0.0,13.5,0.0,0.0,0.1,77.8
1747231200096,7.0,0.0,13.0,0.0,0.0,0.0,80.0
1747231202106,7.2,0.0,13.7,0.0,0.0,0.1,78.9
1747231204115,7.3,0.0,15.3,0.0,0.0,0.1,77.2
1747231206124,8.8,0.0,14.0,0.0,0.0,0.1,77.1
1747231208142,7.2,0.0,12.4,0.0,0.0,0.1,80.2
1747231210191,7.3,0.0,11.9,0.0,0.0,0.1,80.7
1747231212218,6.7,0.0,12.4,0.0,0.0,0.0,80.8
1747231214226,8.2,0.0,11.6,0.0,0.0,0.0,80.1
1747231216237,6.2,0.0,11.4,0.0,0.0,0.0,82.3
1747231218252,6.7,0.0,11.1,0.0,0.0,0.0,82.2
1747231220266,6.6,0.0,11.5,0.0,0.0,0.1,81.8
1747231222275,7.2,0.0,12.1,0.0,0.0,0.1,80.5
1747231224286,6.6,0.0,11.5,0.0,0.0,0.1,81.8
1747231226294,6.7,0.0,12.1,0.0,0.0,0.0,81.2
1747231228303,7.3,0.0,11.7,0.0,0.0,0.0,80.9
1747231230311,9.6,0.0,13.7,0.0,0.0,0.1,76.6
1747231232321,7.9,0.0,12.8,0.0,0.0,0.2,79.1
1747231234331,8.6,0.0,14.6,0.0,0.0,0.0,76.8
1747231236341,7.8,0.0,12.2,0.0,0.0,0.0,80.0
1747231238350,8.3,0.0,12.7,0.0,0.0,0.1,78.8
1747231240361,7.3,0.0,12.9,0.0,0.0,0.1,79.7
1747231242372,7.2,0.0,13.2,0.0,0.0,0.2,79.4
1747231244383,7.4,0.0,14.0,0.0,0.0,0.1,78.6
1747231246394,0.0,0.0,0.0,0.0,0.0,0.0,0.0
1747231248403,11.2,0.0,17.6,0.0,0.0,0.1,71.1
1747231250414,11.3,0.0,17.4,0.0,0.0,0.1,71.3
1747231252426,11.3,0.0,16.7,0.0,0.0,0.1,72.0
1747231254438,11.5,0.0,16.8,0.0,0.0,0.1,71.6
1747231256450,10.9,0.0,15.2,0.0,0.0,0.1,73.8
1747231258462,9.9,0.0,17.3,0.0,0.0,0.1,72.7
1747231260473,10.3,0.0,16.5,0.0,0.0,0.1,73.2
1747231262511,11.0,0.0,15.7,0.0,0.0,0.2,73.2
1747231264537,9.5,0.0,14.3,0.0,0.0,0.0,76.1
1747231266551,9.9,0.0,15.2,0.0,0.0,0.1,74.8
1747231268569,9.7,0.0,15.6,0.0,0.0,0.1,74.6
1747231270586,10.3,0.0,15.3,0.0,0.0,0.0,74.4
1747231272603,6.8,0.0,11.6,0.0,0.0,0.2,81.4
1747231274611,6.6,0.0,11.0,0.0,0.0,0.1,82.3
1747231276632,6.5,0.0,10.6,0.0,0.0,0.1,82.8
1747231278652,6.6,0.0,11.1,0.0,0.0,0.0,82.3
1747231280663,7.2,0.0,12.0,0.0,0.0,0.0,80.8
1747231282675,6.6,0.0,12.1,0.0,0.0,0.2,81.2
1747231284686,7.2,0.0,11.9,0.0,0.0,0.0,80.9
1747231286697,7.8,0.0,12.7,0.0,0.0,0.1,79.3
1747231288708,0.2,0.0,0.3,0.0,0.0,0.0,99.5
1747231290718,8.3,0.0,13.4,0.0,0.0,0.1,78.2
1747231292728,7.7,0.0,13.3,0.0,0.0,0.3,78.8
1747231294739,7.0,0.0,12.9,0.0,0.0,0.0,80.0
1747231296748,7.7,0.0,12.8,0.0,0.0,0.0,79.4
1747231298758,7.2,0.0,12.5,0.0,0.0,0.0,80.2
1747231300768,7.5,0.0,12.0,0.0,0.0,0.0,80.5
1747231302777,7.3,0.0,12.4,0.0,0.0,0.1,80.1
1747231304787,8.1,0.0,13.2,0.0,0.0,0.1,78.7
1747231306796,6.8,0.0,13.1,0.0,0.0,0.1,79.9
1747231308808,6.7,0.0,15.3,0.0,0.0,0.0,78.0
1747231310818,8.7,0.0,14.9,0.0,0.0,0.1,76.3
1747231312829,0.0,0.0,0.0,0.0,0.0,0.0,0.0
1747231314839,11.9,0.0,16.1,0.0,0.0,0.1,71.8
1747231316856,10.6,0.0,16.1,0.0,0.0,0.0,73.3
1747231318877,10.2,0.0,17.1,0.0,0.0,0.0,72.7
1747231320895,0.0,0.0,0.0,0.0,0.0,0.0,0.0
1747231322907,9.9,0.0,15.6,0.0,0.0,0.2,74.3
1747231324930,10.3,0.0,16.4,0.0,0.0,0.0,73.2
1747231326969,9.6,0.0,16.0,0.0,0.0,0.1,74.4
1747231328992,10.6,0.0,16.2,0.0,0.0,0.0,73.2
1747231331007,10.0,0.0,14.2,0.0,0.0,0.1,75.6
1747231333020,10.0,0.0,14.9,0.0,0.0,0.1,75.0
1747231335033,10.4,0.0,15.2,0.0,0.0,0.1,74.3
1747231337044,10.6,0.0,16.6,0.0,0.0,0.1,72.8
1747231339056,8.0,0.0,11.2,0.0,0.0,0.1,80.7
1747231341067,6.3,0.0,12.8,0.0,0.0,0.0,80.9
1747231343078,7.1,0.0,13.1,0.0,0.0,0.3,79.5
1747231345090,8.5,0.0,13.9,0.0,0.0,0.1,77.5
1747231347101,7.1,0.0,12.1,0.0,0.0,0.1,80.7
1747231349112,6.9,0.0,11.6,0.0,0.0,0.0,81.5
1747231351123,6.9,0.0,11.9,0.0,0.0,0.1,81.1
1747231353134,6.5,0.0,13.5,0.0,0.0,0.2,79.8
1747231355146,7.8,0.0,11.9,0.0,0.0,0.2,80.1
1747231357158,6.6,0.0,12.6,0.0,0.0,0.1,80.7
1747231359170,6.9,0.0,13.6,0.0,0.0,0.1,79.3
1747231361180,8.5,0.0,15.6,0.0,0.0,0.1,75.8
1747231363190,10.1,0.0,13.9,0.0,0.0,0.2,75.7
1747231365200,7.2,0.0,12.6,0.0,0.0,0.1,80.1
1747231367210,6.5,0.0,12.2,0.0,0.0,0.2,81.2
1747231369220,6.3,0.0,12.5,0.0,0.0,0.0,81.1
1747231371233,0.0,0.0,0.0,0.0,0.0,0.0,0.0
1747231373260,10.3,0.0,16.0,0.0,0.0,0.1,73.6
1747231375275,10.4,0.0,16.2,0.0,0.0,0.1,73.4
1747231377287,10.4,0.0,16.0,0.0,0.0,0.1,73.5
1747231379300,0.0,0.0,0.0,0.0,0.0,0.0,0.0
1747231381311,10.0,0.0,15.0,0.0,0.0,0.2,74.7
1747231383322,10.2,0.0,15.4,0.0,0.0,0.1,74.2
1747231385333,9.3,0.0,16.4,0.0,0.0,0.0,74.3
1747231387342,10.6,0.0,15.5,0.0,0.0,0.1,73.9
1747231389351,9.7,0.0,15.1,0.0,0.0,0.0,75.2
1747231391361,10.2,0.0,15.9,0.0,0.0,0.0,73.9
1747231393372,9.8,0.0,16.7,0.0,0.0,0.1,73.4
1747231395383,10.2,0.0,16.9,0.0,0.0,0.0,73.0
1747231397394,8.5,0.0,14.9,0.0,0.0,0.1,76.6
1747231399403,9.5,0.0,14.8,0.0,0.0,0.0,75.6
1747231401420,8.9,0.0,14.6,0.0,0.0,0.0,76.5
1747231403447,9.1,0.0,14.7,0.0,0.0,0.1,76.0
1747231405483,8.2,0.0,10.9,0.0,0.0,0.2,80.7
1747231407511,5.9,0.0,10.9,0.0,0.0,0.1,83.1
1747231409519,6.0,0.0,10.7,0.0,0.0,0.1,83.2
1747231411530,6.3,0.0,11.0,0.0,0.0,0.0,82.7
1747231413540,0.0,0.0,0.0,0.0,0.0,0.0,100.0
1747231415557,7.1,0.0,11.2,0.0,0.0,0.0,81.6
1747231417570,6.5,0.0,9.8,0.0,0.0,0.1,83.7
1747231419582,6.1,0.0,10.0,0.0,0.0,0.1,83.8
1747231421591,0.0,0.0,0.0,0.0,0.0,0.0,0.0
1747231423603,9.0,0.0,14.0,0.0,0.0,0.0,77.0
1747231425617,9.3,0.0,15.3,0.0,0.0,0.1,75.3
1747231427629,9.9,0.0,15.2,0.0,0.0,0.1,74.8
1747231429641,10.4,0.0,16.0,0.0,0.0,0.0,73.6
1747231431652,9.4,0.0,13.3,0.0,0.0,0.1,77.2
1747231433663,9.8,0.0,14.4,0.0,0.0,0.1,75.6
1747231435674,10.0,0.0,14.0,0.0,0.0,0.1,75.9
1747231437686,10.0,0.0,14.9,0.0,0.0,0.0,75.0
1747231439697,7.8,0.0,12.0,0.0,0.0,0.1,80.1
1747231441706,6.6,0.0,13.1,0.0,0.0,0.0,80.3
1747231443714,6.1,0.0,13.7,0.0,0.0,0.1,80.1
1747231445725,6.7,0.0,15.2,0.0,0.0,0.1,78.1
1747231447734,0.1,0.0,0.2,0.0,0.0,0.0,99.6
1747231449746,8.1,0.0,13.6,0.0,0.0,0.1,78.2
1747231451756,6.0,0.0,11.9,0.0,0.0,0.0,82.1
1747231453765,5.8,0.0,12.4,0.0,0.0,0.1,81.8
1747231455775,0.1,0.0,0.2,0.0,0.0,0.0,99.6
1747231457796,6.3,0.0,12.0,0.0,0.0,0.1,81.6
1747231459824,5.5,0.0,11.6,0.0,0.0,0.1,82.9
1747231461856,5.7,0.0,11.4,0.0,0.0,0.0,83.0
1747231463890,0.1,0.0,0.2,0.0,0.0,0.0,99.6
1747231465903,7.8,0.0,11.8,0.0,0.0,0.0,80.4
1747231467919,7.8,0.0,12.0,0.0,0.0,0.0,80.2
1747231469930,7.8,0.0,11.0,0.0,0.0,0.0,81.1
1747231471940,0.1,0.0,0.2,0.0,0.0,0.0,99.6
1747231473950,6.7,0.0,11.7,0.0,0.0,0.0,81.6
1747231475961,6.3,0.0,12.2,0.0,0.0,0.0,81.4
1747231477971,6.8,0.0,11.6,0.0,0.0,0.1,81.5
1747231479981,0.1,0.0,0.2,0.0,0.0,0.0,99.7
1747231481991,7.3,0.0,12.8,0.0,0.0,0.1,79.9
1747231484002,7.0,0.0,15.6,0.0,0.0,0.1,77.3
1747231486012,7.6,0.0,13.5,0.0,0.0,0.2,78.7
1747231488022,0.0,0.0,0.0,0.0,0.0,0.0,0.0
1747231490033,11.9,0.0,19.0,0.0,0.0,0.0,69.1
1747231492044,11.6,0.0,17.7,0.0,0.0,0.1,70.7
1747231494054,11.2,0.0,17.9,0.0,0.0,0.0,70.9
1747231496064,11.7,0.0,16.9,0.0,0.0,0.1,71.3
1747231498074,11.1,0.0,16.1,0.0,0.0,0.1,72.6
1747231500085,11.4,0.0,17.1,0.0,0.0,0.0,71.5
1747231502098,11.1,0.0,17.0,0.0,0.0,0.0,71.9
1747231504114,11.3,0.0,17.2,0.0,0.0,0.2,71.4
1747231506134,9.8,0.0,14.3,0.0,0.0,0.0,75.9
1747231508152,9.9,0.0,15.3,0.0,0.0,0.1,74.7
1747231510167,10.1,0.0,14.8,0.0,0.0,0.0,75.1
1747231512186,9.9,0.0,16.0,0.0,0.0,0.1,73.9
1747231514202,6.9,0.0,12.0,0.0,0.0,0.1,81.0
1747231516212,6.7,0.0,11.2,0.0,0.0,0.0,82.0
1747231518221,7.2,0.0,11.7,0.0,0.0,0.1,81.0
1747231520231,6.5,0.0,12.7,0.0,0.0,0.1,80.7
1747231522241,7.9,0.0,11.9,0.0,0.0,0.2,80.1
1747231524251,7.1,0.0,12.5,0.0,0.0,0.0,80.3
1747231526261,7.2,0.0,12.8,0.0,0.0,0.0,80.0
1747231528271,7.3,0.0,12.4,0.0,0.0,0.0,80.2
1747231530280,7.2,0.0,11.8,0.0,0.0,0.1,80.9
1747231532290,6.9,0.0,12.1,0.0,0.0,0.0,80.9
1747231534301,7.3,0.0,11.3,0.0,0.0,0.1,81.2
1747231536312,6.8,0.0,12.6,0.0,0.0,0.1,80.5
1747231538324,7.4,0.0,11.3,0.0,0.0,0.1,81.2
1747231540333,11.2,0.0,15.8,0.0,0.0,0.1,72.9
1747231542343,10.4,0.0,16.8,0.0,0.0,0.1,72.8
1747231544353,10.5,0.0,16.6,0.0,0.0,0.0,72.8
1747231546365,0.0,0.0,0.0,0.0,0.0,0.0,0.0
1747231548375,10.4,0.0,15.3,0.0,0.0,0.2,74.1
1747231550387,10.7,0.0,15.0,0.0,0.0,0.1,74.3
1747231552400,10.2,0.0,15.1,0.0,0.0,0.1,74.6
1747231554415,9.8,0.0,14.3,0.0,0.0,0.0,75.8
1747231556430,9.3,0.0,14.7,0.0,0.0,0.0,76.0
1747231558443,9.1,0.0,15.0,0.0,0.0,0.1,75.8
1747231560457,9.6,0.0,14.5,0.0,0.0,0.0,75.9
1747231562486,10.0,0.0,15.1,0.0,0.0,0.1,74.8
1747231564508,6.5,0.0,11.2,0.0,0.0,0.1,82.2
1747231566517,6.4,0.0,11.5,0.0,0.0,0.1,82.0
1747231568524,7.3,0.0,11.7,0.0,0.0,0.1,80.9
1747231570537,7.3,0.0,11.8,0.0,0.0,0.1,80.8
1747231572546,6.6,0.0,11.5,0.0,0.0,0.1,81.8
1747231574556,6.1,0.0,12.0,0.0,0.0,0.1,81.7
1747231576570,6.5,0.0,11.8,0.0,0.0,0.1,81.7
1747231578582,7.4,0.0,12.4,0.0,0.0,0.2,80.0
1747231580593,7.7,0.0,13.6,0.0,0.0,0.2,78.5
1747231582604,7.1,0.0,12.8,0.0,0.0,0.2,80.0
1747231584616,7.9,0.0,13.0,0.0,0.0,0.1,79.0
1747231586627,7.8,0.0,13.0,0.0,0.0,0.1,79.1
1747231588637,8.7,0.0,13.7,0.0,0.0,0.2,77.3
1747231590649,9.6,0.0,15.2,0.0,0.0,0.2,75.1
1747231592660,7.7,0.0,12.9,0.0,0.0,0.1,79.3
1747231594672,8.5,0.0,12.6,0.0,0.0,0.2,78.7
1747231596682,7.6,0.0,13.0,0.0,0.0,0.1,79.3
1747231598693,7.0,0.0,14.3,0.0,0.0,0.0,78.7
1747231600703,6.5,0.0,16.0,0.0,0.0,0.0,77.4
1747231602712,7.8,0.0,13.3,0.0,0.0,0.2,78.6
1747231604720,7.9,0.0,14.8,0.0,0.0,0.1,77.3
1747231606730,8.5,0.0,14.1,0.0,0.0,0.0,77.4
1747231608739,8.0,0.0,13.2,0.0,0.0,0.0,78.7
1747231610749,7.4,0.0,12.4,0.0,0.0,0.1,80.1
1747231612758,9.1,0.0,12.9,0.0,0.0,0.2,77.8
1747231614788,10.0,0.0,16.7,0.0,0.0,0.0,73.3
1747231616808,10.0,0.0,16.5,0.0,0.0,0.1,73.4
1747231618825,10.8,0.0,15.8,0.0,0.0,0.0,73.3
1747231620842,0.0,0.0,0.0,0.0,0.0,0.0,0.0
1747231622866,10.0,0.0,15.6,0.0,0.0,0.3,74.2
1747231624886,10.6,0.0,15.1,0.0,0.0,0.2,74.1
1747231626904,10.2,0.0,15.2,0.0,0.0,0.0,74.6
1747231628919,0.0,0.0,0.0,0.0,0.0,0.0,0.0
1747231630929,10.8,0.0,14.5,0.0,0.0,0.0,74.7
1747231632938,10.1,0.0,14.9,0.0,0.0,0.1,74.9
1747231634948,10.2,0.0,15.1,0.0,0.0,0.1,74.7
1747231636959,9.8,0.0,14.6,0.0,0.0,0.0,75.5
1747231638971,7.2,0.0,12.4,0.0,0.0,0.1,80.4
1747231640983,6.6,0.0,12.5,0.0,0.0,0.0,80.8
1747231642994,7.0,0.0,12.4,0.0,0.0,0.1,80.5
1747231645005,7.3,0.0,13.2,0.0,0.0,0.1,79.4
1747231647016,7.7,0.0,13.0,0.0,0.0,0.0,79.3
1747231649027,8.5,0.0,13.7,0.0,0.0,0.1,77.7
1747231651037,7.3,0.0,13.3,0.0,0.0,0.1,79.3
1747231653049,7.2,0.0,14.4,0.0,0.0,0.1,78.3
1747231655059,7.5,0.0,13.2,0.0,0.0,0.0,79.3
1747231657069,7.6,0.0,14.2,0.0,0.0,0.0,78.2
1747231659078,7.9,0.0,13.0,0.0,0.0,0.0,79.0
1747231661090,7.5,0.0,14.9,0.0,0.0,0.1,77.6
1747231663101,7.1,0.0,14.1,0.0,0.0,0.2,78.5
1747231665111,7.5,0.0,13.5,0.0,0.0,0.1,78.8
1747231667120,8.5,0.0,13.0,0.0,0.0,0.1,78.4
1747231669127,8.8,0.0,14.4,0.0,0.0,0.1,76.7
1747231671141,8.8,0.0,11.8,0.0,0.0,0.0,79.4
1747231673159,10.2,0.0,16.4,0.0,0.0,0.2,73.3
1747231675172,10.4,0.0,16.1,0.0,0.0,0.2,73.4
1747231677188,10.9,0.0,16.6,0.0,0.0,0.2,72.4
1747231679204,0.0,0.0,0.0,0.0,0.0,0.0,0.0
1747231681217,10.7,0.0,15.7,0.0,0.0,0.0,73.6
1747231683230,11.1,0.0,15.9,0.0,0.0,0.1,72.9
1747231685241,11.0,0.0,15.9,0.0,0.0,0.1,73.0
1747231687252,0.0,0.0,0.0,0.0,0.0,0.0,0.0
1747231689262,10.1,0.0,15.0,0.0,0.0,0.1,74.8
1747231691273,9.4,0.0,15.6,0.0,0.0,0.1,74.8
1747231693283,10.1,0.0,15.0,0.0,0.0,0.1,74.9
1747231695292,0.1,0.0,0.1,0.0,0.0,0.0,99.8
1747231697302,7.1,0.0,12.2,0.0,0.0,0.2,80.6
1747231699313,7.3,0.0,12.2,0.0,0.0,0.2,80.3
1747231701323,7.5,0.0,11.1,0.0,0.0,0.2,81.2
1747231703335,7.1,0.0,11.8,0.0,0.0,0.2,81.0
1747231705346,8.6,0.0,14.1,0.0,0.0,0.0,77.3
1747231707355,6.6,0.0,13.5,0.0,0.0,0.0,79.9
1747231709367,6.4,0.0,13.4,0.0,0.0,0.0,80.1
1747231711377,7.1,0.0,14.1,0.0,0.0,0.0,78.8
1747231713388,6.9,0.0,12.3,0.0,0.0,0.2,80.7
1747231715402,6.4,0.0,11.6,0.0,0.0,0.1,81.8
1747231717420,6.3,0.0,11.9,0.0,0.0,0.1,81.8
1747231719433,6.8,0.0,12.5,0.0,0.0,0.2,80.5
1747231721445,8.2,0.0,13.8,0.0,0.0,0.1,77.8
1747231723508,10.3,0.0,15.8,0.0,0.0,0.2,73.8
1747231725521,9.9,0.0,15.1,0.0,0.0,0.0,75.0
1747231727534,10.5,0.0,15.8,0.0,0.0,0.1,73.5
1747231729550,9.8,0.0,13.3,0.0,0.0,0.2,76.8
1747231731563,10.0,0.0,15.4,0.0,0.0,0.1,74.5
1747231733575,10.1,0.0,16.3,0.0,0.0,0.1,73.5
1747231735585,11.1,0.0,16.7,0.0,0.0,0.1,72.1
1747231737596,0.0,0.0,0.0,0.0,0.0,0.0,0.0
1747231739607,9.9,0.0,15.9,0.0,0.0,0.1,74.1
1747231741618,10.2,0.0,14.6,0.0,0.0,0.1,75.2
1747231743627,9.8,0.0,14.7,0.0,0.0,0.1,75.4
1747231745636,0.0,0.0,0.0,0.0,0.0,0.0,99.9
1747231747645,7.1,0.0,10.6,0.0,0.0,0.1,82.2
1747231749656,7.0,0.0,10.6,0.0,0.0,0.1,82.2
1747231751666,6.5,0.0,11.0,0.0,0.0,0.2,82.3
1747231753677,6.5,0.0,11.3,0.0,0.0,0.3,81.9
1747231755687,6.7,0.0,11.5,0.0,0.0,0.1,81.7
1747231757698,6.8,0.0,11.9,0.0,0.0,0.2,81.0
1747231759709,7.1,0.0,11.6,0.0,0.0,0.2,81.2
1747231761719,6.9,0.0,12.0,0.0,0.0,0.1,81.0
1747231763729,9.3,0.0,14.0,0.0,0.0,0.2,76.6
1747231765739,6.1,0.0,12.5,0.0,0.0,0.1,81.3
1747231767747,5.9,0.0,11.5,0.0,0.0,0.2,82.3
1747231769767,6.4,0.0,12.1,0.0,0.0,0.1,81.4
1747231771787,6.7,0.0,12.1,0.0,0.0,0.1,81.1
1747231773809,6.7,0.0,12.1,0.0,0.0,0.1,81.1
1747231775817,6.9,0.0,11.9,0.0,0.0,0.0,81.1
1747231777832,7.5,0.0,13.5,0.0,0.0,0.1,78.9
1747231779841,7.0,0.0,12.5,0.0,0.0,0.1,80.4
1747231781851,8.5,0.0,12.7,0.0,0.0,0.1,78.7
1747231783862,8.8,0.0,15.6,0.0,0.0,0.0,75.6
1747231785873,7.4,0.0,13.3,0.0,0.0,0.1,79.1
1747231787884,12.1,0.0,19.0,0.0,0.0,0.2,68.7
1747231789892,10.7,0.0,16.4,0.0,0.0,0.1,72.8
1747231791902,11.2,0.0,16.1,0.0,0.0,0.0,72.6
1747231793913,11.3,0.0,18.1,0.0,0.0,0.0,70.6
1747231795924,0.0,0.0,0.0,0.0,0.0,0.0,0.0
1747231797936,10.7,0.0,16.4,0.0,0.0,0.1,72.8
1747231799947,10.2,0.0,16.7,0.0,0.0,0.1,73.0
1747231801959,11.6,0.0,15.9,0.0,0.0,0.0,72.4
1747231803970,0.0,0.0,0.0,0.0,0.0,0.0,0.0
1747231805980,9.4,0.0,14.9,0.0,0.0,0.0,75.7
1747231808012,9.8,0.0,15.4,0.0,0.0,0.1,74.7
1747231810052,9.6,0.0,14.8,0.0,0.0,0.0,75.6
1747231812073,0.0,0.0,0.0,0.0,0.0,0.0,0.0
1747231814085,9.7,0.0,14.1,0.0,0.0,0.1,76.2
1747231816102,9.2,0.0,14.0,0.0,0.0,0.0,76.8
1747231818133,9.7,0.0,13.3,0.0,0.0,0.0,77.0
1747231820164,0.1,0.0,0.1,0.0,0.0,0.0,99.8
1747231822176,6.1,0.0,11.0,0.0,0.0,0.1,82.9
1747231824183,6.2,0.0,10.3,0.0,0.0,0.1,83.4
1747231826196,6.3,0.0,11.3,0.0,0.0,0.1,82.3
1747231828207,6.7,0.0,10.6,0.0,0.0,0.1,82.6
1747231830217,6.9,0.0,11.1,0.0,0.0,0.0,82.0
1747231832228,7.1,0.0,11.9,0.0,0.0,0.1,80.9
1747231834238,8.3,0.0,12.2,0.0,0.0,0.0,79.6
1747231836248,7.0,0.0,11.9,0.0,0.0,0.0,81.0
1747231838258,7.2,0.0,11.9,0.0,0.0,0.0,80.8
1747231840269,7.1,0.0,12.0,0.0,0.0,0.0,80.9
1747231842279,7.0,0.0,12.3,0.0,0.0,0.0,80.7
1747231844289,7.6,0.0,12.6,0.0,0.0,0.1,79.7
1747231846300,7.8,0.0,12.8,0.0,0.0,0.1,79.2
1747231848312,7.6,0.0,13.3,0.0,0.0,0.1,79.0
1747231850321,7.5,0.0,13.6,0.0,0.0,0.1,78.8
1747231852331,7.8,0.0,13.8,0.0,0.0,0.1,78.3
1747231854342,12.0,0.0,17.5,0.0,0.0,0.1,70.3
1747231856352,11.4,0.0,17.2,0.0,0.0,0.0,71.4
1747231858363,11.5,0.0,16.2,0.0,0.0,0.1,72.2
1747231860377,11.2,0.0,15.8,0.0,0.0,0.0,73.0
1747231862393,0.0,0.0,0.0,0.0,0.0,0.0,0.0
1747231864405,10.5,0.0,14.9,0.0,0.0,0.1,74.5
1747231866419,9.6,0.0,16.4,0.0,0.0,0.1,73.9
1747231868433,11.0,0.0,15.3,0.0,0.0,0.2,73.5
1747231870453,0.0,0.0,0.0,0.0,0.0,0.0,0.0
1747231872468,10.0,0.0,15.3,0.0,0.0,0.0,74.7
1747231874482,9.5,0.0,15.2,0.0,0.0,0.0,75.3
1747231876504,9.7,0.0,14.8,0.0,0.0,0.0,75.4
1747231878529,0.2,0.0,0.3,0.0,0.0,0.0,99.5
1747231880546,5.7,0.0,11.0,0.0,0.0,0.0,83.2
1747231882557,6.9,0.0,10.8,0.0,0.0,0.0,82.3
1747231884568,6.5,0.0,11.0,0.0,0.0,0.1,82.5
1747231886578,0.1,0.0,0.2,0.0,0.0,0.0,99.7
1747231888589,6.5,0.0,11.6,0.0,0.0,0.2,81.8
1747231890601,6.7,0.0,11.6,0.0,0.0,0.1,81.6
1747231892613,6.8,0.0,11.3,0.0,0.0,0.0,81.9
1747231894625,7.2,0.0,12.2,0.0,0.0,0.0,80.5
1747231896637,7.2,0.0,11.6,0.0,0.0,0.0,81.3
1747231898649,7.8,0.0,11.3,0.0,0.0,0.0,80.9
1747231900660,7.7,0.0,12.2,0.0,0.0,0.0,80.0
1747231902670,7.2,0.0,11.5,0.0,0.0,0.1,81.2
1747231904681,6.9,0.0,11.4,0.0,0.0,0.1,81.7
1747231906691,7.4,0.0,11.4,0.0,0.0,0.0,81.2
1747231908701,6.5,0.0,13.6,0.0,0.0,0.1,79.8
1747231910712,7.5,0.0,13.0,0.0,0.0,0.0,79.4
1747231912722,6.9,0.0,12.7,0.0,0.0,0.1,80.3
1747231914733,6.9,0.0,12.8,0.0,0.0,0.1,80.2
1747231916744,7.3,0.0,12.4,0.0,0.0,0.0,80.2
1747231918755,8.0,0.0,13.7,0.0,0.0,0.2,78.1
1747231920766,7.7,0.0,12.5,0.0,0.0,0.1,79.7
1747231922778,8.4,0.0,13.0,0.0,0.0,0.0,78.6
1747231924789,7.4,0.0,13.0,0.0,0.0,0.2,79.4
1747231926800,7.3,0.0,13.5,0.0,0.0,0.0,79.2
1747231928811,7.1,0.0,13.8,0.0,0.0,0.1,79.0
1747231930821,7.0,0.0,13.2,0.0,0.0,0.0,79.8
1747231932832,7.5,0.0,12.9,0.0,0.0,0.1,79.5
1747231934846,7.4,0.0,12.9,0.0,0.0,0.1,79.6
1747231936856,6.6,0.0,14.4,0.0,0.0,0.2,78.8
1747231938872,6.3,0.0,14.0,0.0,0.0,0.0,79.7
1747231940885,6.5,0.0,13.5,0.0,0.0,0.1,79.9
1747231942914,7.9,0.0,14.2,0.0,0.0,0.1,77.8
1747231944949,8.9,0.0,12.5,0.0,0.0,0.2,78.5
1747231946959,11.0,0.0,15.5,0.0,0.0,0.1,73.4
1747231948970,10.7,0.0,15.3,0.0,0.0,0.1,74.0
1747231950981,10.6,0.0,15.6,0.0,0.0,0.1,73.8
1747231952992,0.0,0.0,0.0,0.0,0.0,0.0,0.0
1747231955003,10.2,0.0,16.3,0.0,0.0,0.1,73.4
1747231957014,11.1,0.0,15.5,0.0,0.0,0.1,73.4
1747231959026,10.7,0.0,15.4,0.0,0.0,0.0,73.9
1747231961037,0.2,0.0,0.3,0.0,0.0,0.0,99.5
1747231963047,7.2,0.0,11.5,0.0,0.0,0.1,81.2
1747231965058,6.6,0.0,11.3,0.0,0.0,0.3,81.8
1747231967069,6.7,0.0,11.5,0.0,0.0,0.0,81.7
1747231969080,6.4,0.0,11.3,0.0,0.0,0.0,82.2
1747231971093,7.2,0.0,11.4,0.0,0.0,0.0,81.3
1747231973104,6.6,0.0,12.2,0.0,0.0,0.2,81.1
1747231975114,7.0,0.0,11.5,0.0,0.0,0.1,81.5
1747231977124,6.8,0.0,11.6,0.0,0.0,0.1,81.4
1747231979137,7.0,0.0,13.4,0.0,0.0,0.1,79.5
1747231981147,7.4,0.0,12.7,0.0,0.0,0.0,79.9
1747231983159,7.9,0.0,12.8,0.0,0.0,0.1,79.2
1747231985168,7.7,0.0,12.3,0.0,0.0,0.1,79.9
1747231987179,7.0,0.0,11.7,0.0,0.0,0.1,81.2
1747231989194,6.3,0.0,12.8,0.0,0.0,0.0,80.8
1747231991203,6.8,0.0,12.2,0.0,0.0,0.0,81.0
1747231993210,7.3,0.0,12.3,0.0,0.0,0.2,80.1
1747231995219,6.9,0.0,12.4,0.0,0.0,0.2,80.4
1747231997227,6.7,0.0,13.0,0.0,0.0,0.1,80.2
1747231999239,7.0,0.0,12.0,0.0,0.0,0.0,81.0
1747232001260,7.2,0.0,12.6,0.0,0.0,0.1,80.1
1747232003276,7.2,0.0,12.3,0.0,0.0,0.2,80.3
1747232005287,7.2,0.0,13.6,0.0,0.0,0.1,79.0
1747232007297,8.0,0.0,12.0,0.0,0.0,0.1,79.9
1747232009307,8.1,0.0,13.3,0.0,0.0,0.1,78.5
1747232011314,8.6,0.0,13.6,0.0,0.0,0.0,77.7
1747232013324,7.3,0.0,12.6,0.0,0.0,0.2,79.8
1747232015336,7.1,0.0,13.4,0.0,0.0,0.2,79.3
1747232017345,7.0,0.0,13.7,0.0,0.0,0.1,79.2
1747232019356,6.5,0.0,14.5,0.0,0.0,0.2,78.9
1747232021376,6.6,0.0,13.6,0.0,0.0,0.0,79.8
1747232023386,7.0,0.0,15.2,0.0,0.0,0.1,77.7
1747232025397,7.4,0.0,14.0,0.0,0.0,0.0,78.7
1747232027408,7.8,0.0,14.5,0.0,0.0,0.0,77.6
1747232029418,6.9,0.0,13.6,0.0,0.0,0.0,79.5
1747232031426,8.3,0.0,14.2,0.0,0.0,0.1,77.4
1747232033436,7.7,0.0,11.7,0.0,0.0,0.2,80.4
1747232035449,7.1,0.0,11.7,0.0,0.0,0.2,81.0
1747232037461,7.0,0.0,11.9,0.0,0.0,0.1,81.0
1747232039472,6.6,0.0,12.2,0.0,0.0,0.1,81.1
1747232041481,7.3,0.0,13.6,0.0,0.0,0.1,79.0
1747232043491,7.5,0.0,11.4,0.0,0.0,0.3,80.8
1747232045500,6.5,0.0,12.7,0.0,0.0,0.1,80.7
1747232047509,6.4,0.0,13.4,0.0,0.0,0.0,80.2
1747232049521,6.5,0.0,12.7,0.0,0.0,0.0,80.8
1747232051552,7.8,0.0,11.6,0.0,0.0,0.1,80.6
1747232053577,7.3,0.0,11.9,0.0,0.0,0.2,80.6
1747232055589,6.5,0.0,11.0,0.0,0.0,0.1,82.5
1747232057597,6.7,0.0,11.4,0.0,0.0,0.1,81.8
1747232059606,6.9,0.0,10.7,0.0,0.0,0.1,82.3
1747232061615,6.1,0.0,11.1,0.0,0.0,0.1,82.7
1747232063637,6.2,0.0,11.3,0.0,0.0,0.2,82.4
1747232065659,6.7,0.0,11.6,0.0,0.0,0.1,81.6
1747232067672,7.3,0.0,11.9,0.0,0.0,0.1,80.7
1747232069682,6.6,0.0,11.8,0.0,0.0,0.0,81.6
1747232071693,6.9,0.0,11.9,0.0,0.0,0.0,81.2
1747232073705,7.7,0.0,13.2,0.0,0.0,0.0,79.1
1747232075716,9.2,0.0,13.6,0.0,0.0,0.0,77.2
1747232077726,8.7,0.0,12.7,0.0,0.0,0.0,78.5
1747232079737,7.1,0.0,12.3,0.0,0.0,0.0,80.5
1747232081746,6.8,0.0,12.6,0.0,0.0,0.1,80.5
1747232083755,7.7,0.0,13.1,0.0,0.0,0.2,79.0
1747232085764,7.0,0.0,13.2,0.0,0.0,0.0,79.8
1747232087776,6.5,0.0,13.1,0.0,0.0,0.0,80.3
1747232089785,7.2,0.0,12.8,0.0,0.0,0.0,80.0
1747232091794,8.0,0.0,12.8,0.0,0.0,0.0,79.2
1747232093803,7.3,0.0,13.0,0.0,0.0,0.3,79.4
1747232095814,7.0,0.0,15.0,0.0,0.0,0.0,78.0
1747232097824,7.9,0.0,14.4,0.0,0.0,0.1,77.6
1747232099835,0.0,0.0,0.0,0.0,0.0,0.0,0.0
1747232101846,11.1,0.0,15.6,0.0,0.0,0.1,73.2
1747232103860,9.8,0.0,15.9,0.0,0.0,0.2,74.1
1747232105875,9.6,0.0,16.0,0.0,0.0,0.1,74.3
1747232107905,9.5,0.0,16.5,0.0,0.0,0.1,73.9
1747232109923,9.4,0.0,15.6,0.0,0.0,0.0,74.9
1747232111938,10.3,0.0,14.6,0.0,0.0,0.0,75.1
1747232113967,10.2,0.0,15.2,0.0,0.0,0.2,74.4
1747232115983,10.1,0.0,15.5,0.0,0.0,0.0,74.4
1747232117998,6.9,0.0,11.0,0.0,0.0,0.0,82.1
1747232120011,8.9,0.0,14.6,0.0,0.0,0.0,76.4
1747232122022,9.4,0.0,13.9,0.0,0.0,0.0,76.6
1747232124040,10.0,0.0,15.4,0.0,0.0,0.2,74.5
1747232126052,6.5,0.0,10.5,0.0,0.0,0.0,83.0
1747232128062,7.2,0.0,9.7,0.0,0.0,0.1,83.0
1747232130073,6.6,0.0,10.1,0.0,0.0,0.0,83.2
1747232132084,6.5,0.0,10.9,0.0,0.0,0.1,82.5
1747232134095,7.9,0.0,11.3,0.0,0.0,0.3,80.5
1747232136106,9.8,0.0,17.0,0.0,0.0,0.0,73.2
1747232138118,9.7,0.0,15.0,0.0,0.0,0.1,75.3
1747232140128,10.3,0.0,14.4,0.0,0.0,0.0,75.2
1747232142138,0.1,0.0,0.1,0.0,0.0,0.0,99.8
1747232144148,6.9,0.0,10.8,0.0,0.0,0.1,82.2
1747232146159,6.8,0.0,11.8,0.0,0.0,0.0,81.4
1747232148171,6.7,0.0,12.0,0.0,0.0,0.1,81.3
1747232150181,7.0,0.0,11.8,0.0,0.0,0.1,81.1
1747232152192,7.5,0.0,11.9,0.0,0.0,0.1,80.4
1747232154203,7.4,0.0,12.1,0.0,0.0,0.0,80.5
1747232156212,7.2,0.0,12.4,0.0,0.0,0.1,80.3
1747232158222,7.0,0.0,12.8,0.0,0.0,0.1,80.0
1747232160231,7.0,0.0,13.2,0.0,0.0,0.1,79.6
1747232162239,8.0,0.0,12.6,0.0,0.0,0.1,79.4
1747232164250,7.8,0.0,13.2,0.0,0.0,0.0,78.9
1747232166259,7.3,0.0,14.7,0.0,0.0,0.1,77.9
1747232168270,6.9,0.0,15.4,0.0,0.0,0.3,77.4
1747232170278,6.8,0.0,14.1,0.0,0.0,0.1,79.0
1747232172290,6.8,0.0,14.4,0.0,0.0,0.1,78.7
1747232174326,7.0,0.0,14.7,0.0,0.0,0.0,78.2
1747232176338,10.2,0.0,14.7,0.0,0.0,0.1,75.0
1747232178347,11.2,0.0,16.3,0.0,0.0,0.1,72.4
1747232180359,10.9,0.0,16.9,0.0,0.0,0.0,72.1
1747232182369,10.5,0.0,18.0,0.0,0.0,0.0,71.5
1747232184378,0.0,0.0,0.0,0.0,0.0,0.0,0.0
1747232186387,11.1,0.0,16.2,0.0,0.0,0.1,72.6
1747232188398,11.2,0.0,16.1,0.0,0.0,0.0,72.7
1747232190410,10.8,0.0,16.4,0.0,0.0,0.1,72.7
1747232192422,0.2,0.0,0.3,0.0,0.0,0.0,99.5
1747232194434,7.4,0.0,13.0,0.0,0.0,0.0,79.6
1747232196446,6.9,0.0,12.4,0.0,0.0,0.1,80.6
1747232198457,6.9,0.0,12.7,0.0,0.0,0.1,80.3
1747232200467,6.7,0.0,11.4,0.0,0.0,0.1,81.8
1747232202476,6.4,0.0,11.6,0.0,0.0,0.0,82.0
1747232204485,6.5,0.0,11.6,0.0,0.0,0.1,81.8
1747232206494,6.7,0.0,12.0,0.0,0.0,0.0,81.3
1747232208525,7.2,0.0,11.5,0.0,0.0,0.1,81.3
1747232210549,7.0,0.0,11.4,0.0,0.0,0.0,81.6
1747232212560,7.5,0.0,12.0,0.0,0.0,0.0,80.5
1747232214586,7.5,0.0,11.8,0.0,0.0,0.0,80.7
1747232216597,7.0,0.0,11.6,0.0,0.0,0.0,81.4
1747232218608,6.8,0.0,11.1,0.0,0.0,0.2,81.9
1747232220624,6.5,0.0,12.0,0.0,0.0,0.0,81.4
1747232222635,6.6,0.0,12.8,0.0,0.0,0.0,80.6
1747232224646,6.7,0.0,13.0,0.0,0.0,0.1,80.2
1747232226654,7.0,0.0,13.1,0.0,0.0,0.0,79.8
1747232228664,7.2,0.0,13.1,0.0,0.0,0.0,79.7
1747232230673,7.2,0.0,13.5,0.0,0.0,0.0,79.3
1747232232682,8.1,0.0,14.0,0.0,0.0,0.0,77.8
