timestamp_ms,usr%,nice%,sys%,iowait%,irq%,soft%,steal%,idle%
1747228236628,5.6,0.0,8.8,0.0,0.0,0.1,85.5
1747228238639,5.6,0.0,8.6,0.0,0.0,0.1,85.7
1747228240651,5.6,0.0,9.2,0.0,0.0,0.2,85.1
1747228242662,5.1,0.0,9.5,0.0,0.0,0.2,85.2
1747228244673,5.7,0.0,9.9,0.0,0.0,0.6,83.8
1747228246685,4.9,0.0,9.5,0.0,0.0,0.0,85.5
1747228248696,4.9,0.0,9.2,0.0,0.0,0.2,85.7
1747228250708,5.5,0.0,9.6,0.0,0.0,0.2,84.8
1747228252718,5.7,0.0,8.9,0.0,0.0,0.1,85.2
1747228254727,4.9,0.0,9.4,0.0,0.0,0.1,85.7
1747228256738,5.2,0.0,9.5,0.0,0.0,0.0,85.3
1747228258748,5.6,0.0,9.6,0.0,0.0,0.1,84.7
1747228260758,5.6,0.0,9.3,0.0,0.0,0.2,84.9
1747228262769,4.4,0.0,9.3,0.0,0.0,0.1,86.2
1747228264781,5.5,0.0,8.6,0.0,0.0,0.2,85.7
1747228266790,5.2,0.0,9.2,0.0,0.0,0.3,85.3
1747228268800,6.1,0.0,8.6,0.0,0.0,0.1,85.2
1747228270809,4.7,0.0,8.3,0.0,0.0,0.1,86.8
1747228272819,4.5,0.0,9.0,0.0,0.0,0.1,86.4
1747228274828,4.8,0.0,9.7,0.0,0.0,0.2,85.3
1747228276836,6.0,0.0,9.2,0.0,0.0,0.0,84.8
1747228278845,4.8,0.0,8.9,0.0,0.0,0.3,86.0
1747228280854,4.9,0.0,9.0,0.0,0.0,0.1,86.1
1747228282866,5.6,0.0,8.6,0.0,0.0,0.1,85.7
1747228284876,5.8,0.0,9.5,0.0,0.0,0.1,84.6
1747228286887,5.1,0.0,8.6,0.0,0.0,0.1,86.3
1747228288896,4.9,0.0,8.8,0.0,0.0,0.1,86.1
1747228290907,4.4,0.0,8.9,0.1,0.0,0.3,86.3
1747228292921,5.5,0.0,8.4,0.0,0.0,0.2,85.9
1747228294933,5.4,0.0,8.4,0.0,0.0,0.1,86.1
1747228296947,4.7,0.0,7.7,0.0,0.0,0.1,87.4
1747228298958,5.0,0.0,8.5,0.0,0.0,0.2,86.3
1747228300970,6.4,0.0,8.1,0.0,0.0,0.1,85.4
1747228302981,4.6,0.0,8.6,0.0,0.0,0.1,86.7
1747228304992,4.9,0.0,8.3,0.0,0.0,0.2,86.5
1747228307002,4.9,0.0,8.6,0.0,0.0,0.1,86.4
1747228309014,4.8,0.0,10.0,0.0,0.0,0.2,85.0
1747228311025,4.9,0.0,9.7,0.0,0.0,0.2,85.2
1747228313035,4.8,0.0,10.1,0.0,0.0,0.1,84.9
1747228315046,4.7,0.0,9.5,0.0,0.0,0.2,85.6
1747228317057,6.0,0.0,8.9,0.0,0.0,0.1,85.0
1747228319067,4.9,0.0,10.3,0.0,0.0,0.0,84.8
1747228321078,5.4,0.0,9.0,0.0,0.0,0.1,85.5
1747228323089,5.4,0.0,9.7,0.0,0.0,0.1,84.7
1747228325101,6.0,0.0,8.8,0.0,0.0,0.2,84.9
1747228327112,4.9,0.0,8.7,0.0,0.0,0.1,86.2
1747228329123,4.5,0.0,9.6,0.0,0.0,0.2,85.7
1747228331135,5.0,0.0,9.4,0.0,0.0,0.0,85.6
1747228333145,5.5,0.0,9.0,0.0,0.0,0.2,85.3
1747228335156,4.6,0.0,8.8,0.0,0.0,0.1,86.5
1747228337167,5.1,0.0,8.1,0.0,0.0,0.1,86.7
1747228339179,5.4,0.0,9.1,0.0,0.0,0.1,85.4
1747228341188,5.6,0.0,8.7,0.0,0.0,0.3,85.4
1747228343198,4.6,0.0,8.6,0.0,0.0,0.0,86.8
1747228345210,5.0,0.0,8.8,0.0,0.0,0.2,86.0
1747228347220,5.0,0.0,9.2,0.0,0.0,0.1,85.7
1747228349229,6.5,0.0,8.8,0.0,0.0,0.1,84.7
1747228351240,5.3,0.0,8.7,0.0,0.0,0.0,85.9
1747228353252,5.0,0.0,9.2,0.0,0.0,0.2,85.7
1747228355266,4.9,0.0,9.4,0.0,0.0,0.1,85.6
1747228357278,5.8,0.0,9.2,0.0,0.0,0.2,84.8
1747228359289,5.0,0.0,9.0,0.0,0.0,0.1,85.9
1747228361300,4.8,0.0,10.5,0.0,0.0,0.1,84.5
1747228363311,5.9,0.0,9.0,0.0,0.0,0.1,85.0
1747228365320,5.5,0.0,9.4,0.0,0.0,0.2,84.9
1747228367328,4.9,0.0,9.7,0.0,0.0,0.1,85.4
1747228369337,5.0,0.0,8.5,0.0,0.0,0.0,86.5
1747228371346,4.8,0.0,8.8,0.0,0.0,0.1,86.2
1747228373355,4.5,0.0,9.3,0.0,0.0,0.3,86.0
1747228375365,4.6,0.0,8.6,0.0,0.0,0.2,86.7
1747228377378,4.8,0.0,8.5,0.0,0.0,0.1,86.6
1747228379400,5.0,0.0,9.3,0.0,0.0,0.2,85.5
1747228381412,5.3,0.0,8.7,0.0,0.0,0.1,85.8
1747228383422,5.0,0.0,9.8,0.0,0.0,0.1,85.1
1747228385434,5.1,0.0,9.3,0.0,0.0,0.3,85.4
1747228387443,5.3,0.0,9.8,0.0,0.0,0.1,84.8
1747228389454,4.6,0.0,9.6,0.0,0.0,0.1,85.8
1747228391464,4.6,0.0,10.2,0.0,0.0,0.1,85.0
1747228393475,5.0,0.0,9.4,0.0,0.0,0.0,85.6
1747228395484,5.3,0.0,9.6,0.0,0.0,0.0,85.0
1747228397495,5.6,0.0,8.9,0.0,0.0,0.0,85.5
1747228399507,4.8,0.0,9.2,0.0,0.0,0.1,85.9
1747228401516,5.1,0.0,9.6,0.0,0.0,0.0,85.3
1747228403526,5.4,0.0,10.5,0.0,0.0,0.1,84.0
1747228405536,6.3,0.0,9.8,0.0,0.0,0.0,83.9
1747228407545,6.0,0.0,9.5,0.0,0.0,0.1,84.4
1747228409555,5.1,0.0,9.1,0.0,0.0,0.1,85.7
1747228411565,5.1,0.0,10.0,0.0,0.0,0.2,84.7
1747228413576,6.0,0.0,9.1,0.0,0.0,0.1,84.8
1747228415585,4.9,0.0,9.2,0.0,0.0,0.1,85.8
1747228417596,5.1,0.0,9.2,0.0,0.0,0.1,85.7
1747228419606,5.2,0.0,11.1,0.0,0.0,0.2,83.4
1747228421616,5.3,0.0,9.8,0.0,0.0,0.1,84.8
1747228423625,5.0,0.0,9.8,0.0,0.0,0.3,84.9
1747228425634,5.2,0.0,9.3,0.0,0.0,0.2,85.2
1747228427644,5.5,0.0,9.6,0.0,0.0,0.3,84.6
1747228429655,5.5,0.0,8.9,0.0,0.0,0.1,85.4
1747228431665,5.5,0.0,9.3,0.0,0.0,0.1,85.1
1747228433674,5.8,0.0,9.0,0.0,0.0,0.3,84.9
1747228435685,5.4,0.0,10.0,0.0,0.0,0.0,84.6
1747228437697,4.8,0.0,10.0,0.0,0.0,0.3,84.8
1747228439709,4.8,0.0,9.5,0.0,0.0,0.1,85.5
1747228441720,5.1,0.0,8.9,0.0,0.0,0.0,86.0
1747228443730,5.3,0.0,9.7,0.0,0.0,0.3,84.8
1747228445740,4.9,0.0,9.3,0.0,0.0,0.2,85.6
1747228447748,4.5,0.0,9.6,0.0,0.0,0.2,85.8
1747228449756,5.0,0.0,9.0,0.0,0.0,0.2,85.8
1747228451767,5.0,0.0,8.9,0.0,0.0,0.2,85.9
1747228453783,5.5,0.0,7.7,0.0,0.0,0.1,86.7
1747228455819,6.3,0.0,10.9,0.0,0.0,0.3,82.4
1747228457836,7.0,0.0,10.7,0.0,0.0,0.1,82.2
1747228459853,7.4,0.0,10.4,0.0,0.0,0.0,82.2
1747228461865,0.0,0.0,0.0,0.0,0.0,0.0,0.0
1747228463878,6.5,0.0,10.8,0.0,0.0,0.2,82.5
1747228465889,7.0,0.0,10.7,0.0,0.0,0.1,82.2
1747228467901,6.7,0.0,10.9,0.0,0.0,0.0,82.4
1747228469913,0.0,0.0,0.0,0.0,0.0,0.0,0.0
1747228471923,6.7,0.0,10.1,0.0,0.0,0.2,83.1
1747228473934,6.8,0.0,10.0,0.0,0.0,0.1,83.1
1747228475947,6.6,0.0,10.2,0.0,0.0,0.1,83.1
1747228477958,6.7,0.0,9.7,0.0,0.0,0.0,83.5
1747228479970,5.2,0.0,8.2,0.0,0.0,0.1,86.6
1747228481981,5.0,0.0,8.3,0.0,0.0,0.1,86.5
1747228483992,5.1,0.0,8.4,0.0,0.0,0.1,86.3
1747228486003,5.1,0.0,8.5,0.0,0.0,0.1,86.3
1747228488014,5.4,0.0,8.6,0.0,0.0,0.2,85.9
1747228490025,5.1,0.0,8.4,0.0,0.0,0.1,86.4
1747228492035,5.0,0.0,9.4,0.0,0.0,0.1,85.4
1747228494047,5.2,0.0,9.4,0.0,0.0,0.2,85.2
1747228496058,5.4,0.0,10.3,0.0,0.0,0.0,84.3
1747228498070,5.5,0.0,9.7,0.0,0.0,0.1,84.7
1747228500080,5.2,0.0,9.9,0.0,0.0,0.3,84.6
1747228502091,5.3,0.0,10.3,0.0,0.0,0.1,84.3
1747228504100,5.2,0.0,9.8,0.0,0.0,0.2,84.8
1747228506108,5.2,0.0,9.4,0.0,0.0,0.1,85.3
1747228508119,5.2,0.0,9.2,0.0,0.0,0.0,85.5
1747228510130,5.4,0.0,11.0,0.0,0.0,0.3,83.3
1747228512139,5.1,0.0,9.6,0.0,0.0,0.1,85.2
1747228514150,5.4,0.0,9.9,0.0,0.0,0.1,84.5
1747228516161,6.0,0.0,9.6,0.0,0.0,0.0,84.3
1747228518172,5.4,0.0,10.4,0.0,0.0,0.3,83.9
1747228520181,5.2,0.0,9.5,0.0,0.0,0.2,85.0
1747228522189,5.1,0.0,9.7,0.0,0.0,0.1,85.1
1747228524199,5.5,0.0,9.4,0.0,0.0,0.1,85.0
1747228526208,5.3,0.0,9.9,0.0,0.0,0.1,84.7
1747228528218,4.9,0.0,9.3,0.0,0.0,0.1,85.8
1747228530230,5.2,0.0,9.5,0.0,0.0,0.2,85.1
1747228532241,4.9,0.0,10.0,0.0,0.0,0.2,85.0
1747228534254,5.9,0.0,9.4,0.0,0.0,0.0,84.6
1747228536268,5.4,0.0,9.6,0.0,0.0,0.1,85.0
1747228538280,5.7,0.0,9.7,0.0,0.0,0.0,84.6
1747228540291,5.9,0.0,10.2,0.0,0.0,0.3,83.6
1747228542303,6.7,0.0,10.9,0.0,0.0,0.2,82.2
1747228544313,5.9,0.0,9.6,0.0,0.0,0.2,84.3
1747228546325,5.3,0.0,9.5,0.0,0.0,0.1,85.2
1747228548336,5.6,0.0,9.8,0.0,0.0,0.1,84.5
1747228550348,5.9,0.0,10.3,0.0,0.0,0.3,83.6
1747228552359,5.9,0.0,10.8,0.0,0.0,0.3,82.9
1747228554370,5.4,0.0,9.5,0.0,0.0,0.0,85.1
1747228556380,5.3,0.0,9.6,0.0,0.0,0.1,85.0
1747228558392,5.5,0.0,9.8,0.0,0.0,0.2,84.5
1747228560403,5.8,0.0,10.0,0.0,0.0,0.2,83.9
1747228562415,5.3,0.0,9.4,0.0,0.0,0.1,85.2
1747228564426,5.6,0.0,9.9,0.0,0.0,0.3,84.2
1747228566438,5.6,0.0,10.3,0.0,0.0,0.3,83.9
1747228568448,7.2,0.0,10.0,0.0,0.0,0.2,82.6
1747228570458,5.5,0.0,9.2,0.0,0.0,0.3,85.0
1747228572468,5.4,0.0,9.6,0.0,0.0,0.2,84.9
1747228574480,4.9,0.0,10.2,0.0,0.0,0.1,84.8
1747228576490,6.0,0.0,9.4,0.0,0.0,0.2,84.5
1747228578501,4.7,0.0,9.7,0.0,0.0,0.1,85.5
1747228580512,5.2,0.0,9.8,0.0,0.0,0.2,84.8
1747228582524,5.9,0.0,10.2,0.0,0.0,0.1,83.8
1747228584534,6.8,0.0,9.7,0.0,0.0,0.2,83.3
1747228586545,5.7,0.0,9.2,0.0,0.0,0.1,84.9
1747228588554,5.6,0.0,9.5,0.0,0.0,0.1,84.8
1747228590565,6.5,0.0,10.3,0.0,0.0,0.1,83.0
1747228592575,8.4,0.0,11.5,0.0,0.0,0.4,79.7
1747228594586,5.1,0.0,9.0,0.0,0.0,0.1,85.8
1747228596595,4.8,0.0,9.1,0.0,0.0,0.0,86.0
1747228598603,5.2,0.0,8.5,0.0,0.0,0.0,86.3
1747228600617,5.9,0.0,8.9,0.0,0.0,0.1,85.1
1747228602638,5.2,0.0,8.5,0.0,0.0,0.0,86.3
1747228604650,4.5,0.0,9.5,0.0,0.0,0.2,85.9
1747228606660,5.1,0.0,9.6,0.0,0.0,0.1,85.2
1747228608671,6.5,0.0,9.6,0.0,0.0,0.1,83.8
1747228610682,5.5,0.0,9.4,0.0,0.0,0.1,85.0
1747228612693,5.2,0.0,9.3,0.0,0.0,0.0,85.5
1747228614704,5.4,0.0,9.1,0.0,0.0,0.1,85.4
1747228616716,7.6,0.0,10.9,0.0,0.0,0.2,81.3
1747228618726,5.0,0.0,9.4,0.0,0.0,0.0,85.5
1747228620737,5.5,0.0,9.4,0.0,0.0,0.1,84.9
1747228622749,5.2,0.0,9.3,0.0,0.0,0.1,85.4
1747228624760,5.7,0.0,10.0,0.0,0.0,0.2,84.1
1747228626770,5.3,0.0,8.9,0.0,0.0,0.1,85.8
1747228628781,5.2,0.0,9.3,0.0,0.0,0.1,85.4
1747228630793,5.6,0.0,8.8,0.0,0.0,0.1,85.5
1747228632803,5.9,0.0,9.3,0.0,0.0,0.2,84.6
1747228634813,4.8,0.0,10.0,0.0,0.0,0.1,85.1
1747228636823,4.9,0.0,9.8,0.0,0.0,0.1,85.2
1747228638834,5.2,0.0,9.2,0.0,0.0,0.0,85.5
1747228640845,6.0,0.0,10.1,0.0,0.0,0.1,83.8
1747228642856,5.7,0.0,9.9,0.0,0.0,0.1,84.3
1747228644866,6.0,0.0,9.9,0.0,0.0,0.1,84.0
1747228646876,6.0,0.0,10.0,0.0,0.0,0.0,84.0
1747228648886,6.0,0.0,9.8,0.0,0.0,0.1,84.2
1747228650897,5.8,0.0,10.3,0.0,0.0,0.1,83.8
1747228652908,5.6,0.0,8.9,0.0,0.0,0.1,85.4
1747228654918,5.6,0.0,9.1,0.0,0.0,0.0,85.3
1747228656928,6.7,0.0,8.8,0.0,0.0,0.0,84.4
1747228658940,5.0,0.0,9.5,0.0,0.0,0.0,85.4
1747228660951,5.5,0.0,9.1,0.0,0.0,0.0,85.4
1747228662960,5.2,0.0,9.2,0.0,0.0,0.2,85.3
1747228664969,6.3,0.0,9.1,0.0,0.0,0.5,84.1
1747228666980,5.9,0.0,9.4,0.0,0.0,0.1,84.7
1747228668991,5.4,0.0,9.6,0.0,0.0,0.1,84.9
1747228671002,5.5,0.0,10.7,0.0,0.0,0.1,83.8
1747228673022,6.9,0.0,10.5,0.0,0.0,0.1,82.5
1747228675042,5.2,0.0,9.2,0.0,0.0,0.3,85.3
1747228677050,5.7,0.0,8.9,0.0,0.0,0.1,85.3
1747228679065,5.2,0.0,9.2,0.0,0.0,0.0,85.5
1747228681082,5.8,0.0,9.7,0.0,0.0,0.2,84.4
1747228683092,5.0,0.0,9.9,0.0,0.0,0.0,85.0
1747228685101,4.9,0.0,9.8,0.0,0.0,0.2,85.0
1747228687112,4.8,0.0,10.1,0.0,0.0,0.1,85.0
1747228689123,6.6,0.0,9.7,0.0,0.0,0.1,83.6
1747228691135,5.4,0.0,9.9,0.0,0.0,0.1,84.5
1747228693145,5.3,0.0,10.5,0.0,0.0,0.1,84.1
1747228695154,6.1,0.0,9.8,0.0,0.0,0.2,83.9
1747228697163,8.0,0.0,11.3,0.0,0.0,0.1,80.7
1747228699172,5.7,0.0,10.0,0.0,0.0,0.1,84.2
1747228701184,5.9,0.0,9.0,0.0,0.0,0.1,85.0
1747228703195,5.4,0.0,9.6,0.0,0.0,0.1,84.8
1747228705206,6.3,0.0,10.1,0.0,0.0,0.2,83.4
1747228707217,5.7,0.0,9.6,0.0,0.0,0.1,84.6
1747228709228,5.7,0.0,10.2,0.0,0.0,0.0,84.1
1747228711239,5.5,0.0,9.8,0.0,0.0,0.1,84.6
1747228713249,6.4,0.0,9.3,0.0,0.0,0.1,84.2
1747228715258,5.2,0.0,10.2,0.0,0.0,0.3,84.4
1747228717270,5.2,0.0,10.2,0.0,0.0,0.1,84.5
1747228719282,5.3,0.0,9.6,0.0,0.0,0.0,85.1
1747228721294,6.2,0.0,10.1,0.0,0.0,0.1,83.7
1747228723305,5.2,0.0,10.5,0.0,0.0,0.1,84.2
1747228725317,6.0,0.0,10.2,0.0,0.0,0.2,83.6
1747228727328,5.2,0.0,10.9,0.0,0.0,0.3,83.5
1747228729339,6.1,0.0,9.7,0.0,0.0,0.1,84.2
1747228731351,5.7,0.0,9.5,0.0,0.0,0.1,84.7
1747228733362,5.2,0.0,10.1,0.0,0.0,0.2,84.6
1747228735373,4.8,0.0,10.2,0.0,0.0,0.4,84.6
1747228737384,6.7,0.0,9.4,0.0,0.0,0.2,83.7
1747228739396,5.3,0.0,10.2,0.0,0.0,0.1,84.4
1747228741407,4.6,0.0,10.9,0.0,0.0,0.1,84.4
1747228743418,5.1,0.0,11.0,0.0,0.0,0.1,83.8
1747228745428,6.4,0.0,10.3,0.0,0.0,0.2,83.1
1747228747439,5.5,0.0,10.2,0.0,0.0,0.0,84.3
1747228749448,5.2,0.0,10.8,0.0,0.0,0.2,83.9
1747228751462,5.9,0.0,9.4,0.0,0.0,0.1,84.6
1747228753481,6.4,0.0,10.2,0.0,0.0,0.3,83.1
1747228755490,5.8,0.0,10.3,0.0,0.0,0.1,83.8
1747228757502,5.5,0.0,8.9,0.0,0.0,0.0,85.5
1747228759515,5.3,0.0,9.1,0.0,0.0,0.1,85.5
1747228761525,6.1,0.0,9.4,0.0,0.0,0.2,84.4
1747228763536,5.2,0.0,9.3,0.0,0.0,0.2,85.3
1747228765546,5.1,0.0,10.0,0.0,0.0,0.1,84.8
1747228767557,5.4,0.0,9.9,0.0,0.0,0.0,84.6
1747228769568,5.9,0.0,11.0,0.0,0.0,0.1,82.9
1747228771579,5.5,0.0,9.6,0.0,0.0,0.1,84.8
1747228773590,4.9,0.0,10.0,0.0,0.0,0.3,84.7
1747228775601,5.1,0.0,10.4,0.0,0.0,0.2,84.3
1747228777612,6.4,0.0,10.0,0.0,0.0,0.3,83.3
1747228779623,6.1,0.0,9.8,0.0,0.0,0.2,83.9
1747228781634,6.5,0.0,10.7,0.0,0.0,0.0,82.7
1747228783645,5.5,0.0,10.3,0.0,0.0,0.2,84.0
1747228785655,7.0,0.0,9.0,0.0,0.0,0.2,83.7
1747228787666,5.7,0.0,9.8,0.0,0.0,0.0,84.4
1747228789677,5.3,0.0,9.8,0.0,0.0,0.2,84.7
1747228791688,5.5,0.0,10.0,0.0,0.0,0.2,84.3
1747228793699,7.3,0.0,9.9,0.0,0.0,0.3,82.4
1747228795709,5.6,0.0,10.2,0.0,0.0,0.3,83.9
1747228797719,4.8,0.0,10.4,0.0,0.0,0.4,84.3
1747228799730,5.3,0.0,10.2,0.0,0.0,0.0,84.4
1747228801741,6.6,0.0,9.9,0.0,0.0,0.2,83.3
1747228803751,5.4,0.0,11.0,0.0,0.0,0.1,83.4
1747228805761,6.2,0.0,10.5,0.0,0.0,0.1,83.2
1747228807772,6.5,0.0,11.5,0.0,0.0,0.1,81.9
1747228809781,0.0,0.0,0.0,0.0,0.0,0.0,0.0
1747228811791,7.6,0.0,12.9,0.0,0.0,0.0,79.5
1747228813803,7.8,0.0,11.7,0.0,0.0,0.2,80.3
1747228815814,8.4,0.0,11.1,0.0,0.0,0.2,80.3
1747228817830,7.9,0.0,12.3,0.0,0.0,0.1,79.8
1747228819843,6.8,0.0,9.7,0.0,0.0,0.2,83.3
1747228821855,7.0,0.0,10.9,0.0,0.0,0.1,82.0
1747228823876,7.0,0.0,11.3,0.0,0.0,0.1,81.5
1747228825891,8.2,0.0,11.9,0.0,0.0,0.2,79.7
1747228827902,6.9,0.0,10.1,0.0,0.0,0.2,82.8
1747228829911,7.1,0.0,10.9,0.0,0.0,0.1,81.8
1747228831926,7.2,0.0,11.0,0.0,0.0,0.1,81.6
1747228833939,8.1,0.0,11.6,0.0,0.0,0.2,80.1
1747228835952,0.1,0.0,0.2,0.0,0.0,0.0,99.7
1747228837963,6.5,0.0,9.0,0.0,0.0,0.2,84.3
1747228839974,5.3,0.0,10.1,0.0,0.0,0.2,84.4
1747228841985,5.3,0.0,10.4,0.0,0.0,0.1,84.2
1747228843996,0.2,0.0,0.3,0.0,0.0,0.0,99.5
1747228846007,5.9,0.0,9.7,0.0,0.0,0.2,84.2
1747228848018,5.2,0.0,9.8,0.0,0.0,0.1,84.8
1747228850029,5.9,0.0,9.6,0.0,0.0,0.4,84.1
1747228852040,0.1,0.0,0.2,0.0,0.0,0.0,99.6
1747228854051,5.7,0.0,10.3,0.0,0.0,0.1,83.9
1747228856062,5.7,0.0,10.1,0.0,0.0,0.1,84.1
1747228858074,5.4,0.0,10.8,0.0,0.0,0.0,83.8
1747228860085,0.0,0.0,0.0,0.0,0.0,0.0,0.0
1747228862095,8.1,0.0,12.3,0.0,0.0,0.1,79.5
1747228864106,8.0,0.0,12.2,0.0,0.0,0.2,79.5
1747228866117,7.9,0.0,12.2,0.0,0.0,0.1,79.8
1747228868128,8.5,0.0,13.3,0.0,0.0,0.0,78.1
1747228870138,6.1,0.0,10.2,0.0,0.0,0.2,83.5
1747228872146,7.8,0.0,11.7,0.0,0.0,0.1,80.4
1747228874157,8.0,0.0,11.5,0.0,0.0,0.1,80.4
1747228876169,8.4,0.0,12.2,0.0,0.0,0.1,79.3
1747228878181,0.0,0.0,0.0,0.0,0.0,0.0,0.0
1747228880192,7.2,0.0,11.3,0.0,0.0,0.2,81.3
1747228882204,7.4,0.0,11.3,0.0,0.0,0.3,80.9
1747228884217,7.1,0.0,11.6,0.0,0.0,0.1,81.2
1747228886229,0.1,0.0,0.1,0.0,0.0,0.0,99.8
1747228888239,5.4,0.0,8.9,0.0,0.0,0.1,85.5
1747228890248,5.3,0.0,9.0,0.0,0.0,0.3,85.4
1747228892255,5.3,0.0,8.9,0.0,0.0,0.1,85.7
1747228894264,0.1,0.0,0.2,0.0,0.0,0.0,99.7
1747228896275,5.2,0.0,9.9,0.0,0.0,0.1,84.8
1747228898283,5.0,0.0,9.7,0.0,0.0,0.0,85.2
1747228900297,5.2,0.0,9.5,0.0,0.0,0.0,85.2
1747228902320,0.0,0.0,0.0,0.0,0.0,0.0,0.0
1747228904330,7.5,0.0,11.0,0.0,0.0,0.0,81.5
1747228906343,7.5,0.0,12.1,0.0,0.0,0.1,80.3
1747228908354,7.5,0.0,12.2,0.0,0.0,0.0,80.3
1747228910366,8.4,0.0,12.5,0.0,0.0,0.1,79.0
1747228912376,6.0,0.0,9.4,0.0,0.0,0.1,84.6
1747228914386,7.9,0.0,11.1,0.0,0.0,0.1,80.9
1747228916398,7.1,0.0,11.6,0.0,0.0,0.1,81.2
1747228918409,7.2,0.0,12.9,0.0,0.0,0.1,79.8
1747228920420,6.4,0.0,9.6,0.0,0.0,0.2,83.8
1747228922431,5.6,0.0,9.9,0.0,0.0,0.0,84.5
1747228924443,5.9,0.0,9.9,0.0,0.0,0.1,84.0
1747228926454,5.6,0.0,10.5,0.0,0.0,0.1,83.8
1747228928465,0.1,0.0,0.2,0.0,0.0,0.0,99.6
1747228930476,6.2,0.0,10.5,0.0,0.0,0.2,83.1
1747228932487,5.5,0.0,10.2,0.0,0.0,0.1,84.2
1747228934498,5.9,0.0,9.9,0.0,0.0,0.1,84.2
1747228936509,6.2,0.0,10.3,0.0,0.0,0.2,83.3
1747228938518,5.5,0.0,10.3,0.0,0.0,0.1,84.2
1747228940527,5.7,0.0,9.9,4.1,0.0,0.2,80.1
1747228942537,5.7,0.0,9.7,0.0,0.0,0.0,84.6
1747228944549,7.3,0.0,9.6,0.0,0.0,0.1,83.0
1747228946561,5.5,0.0,10.2,4.0,0.0,0.1,80.2
1747228948572,5.8,0.0,9.9,0.0,0.0,0.1,84.1
1747228950584,5.5,0.0,10.4,0.0,0.0,0.2,83.9
1747228952595,6.7,0.0,9.7,0.0,0.0,0.1,83.5
1747228954607,5.4,0.0,10.6,0.0,0.0,0.0,84.0
1747228956618,6.1,0.0,11.0,0.0,0.0,0.2,82.7
1747228958628,6.7,0.0,10.3,0.0,0.0,0.2,82.9
1747228960639,6.9,0.0,9.9,0.0,0.0,0.3,82.9
1747228962649,5.7,0.0,9.6,0.0,0.0,0.2,84.5
1747228964657,5.3,0.0,9.8,0.0,0.0,0.1,84.8
1747228966666,5.2,0.0,9.7,0.0,0.0,0.0,85.0
1747228968678,6.2,0.0,9.9,0.0,0.0,0.2,83.7
1747228970699,5.7,0.0,8.3,0.0,0.0,0.2,85.8
1747228972710,5.2,0.0,9.6,0.0,0.0,0.1,85.0
1747228974719,5.4,0.0,9.3,0.0,0.0,0.1,85.2
1747228976727,6.4,0.0,9.1,0.0,0.0,0.3,84.2
1747228978736,5.4,0.0,9.6,0.0,0.0,0.1,84.9
1747228980745,5.0,0.0,10.3,0.0,0.0,0.2,84.5
1747228982755,5.6,0.0,10.2,0.0,0.0,0.2,84.0
1747228984767,6.9,0.0,10.1,0.0,0.0,0.3,82.8
1747228986778,5.8,0.0,10.2,0.0,0.0,0.1,84.0
1747228988790,5.9,0.0,10.4,0.0,0.0,0.0,83.6
1747228990801,5.8,0.0,9.4,0.0,0.0,0.2,84.5
1747228992812,6.3,0.0,10.3,0.0,0.0,0.1,83.2
1747228994823,5.7,0.0,10.3,0.0,0.0,0.2,83.8
1747228996834,4.9,0.0,10.9,0.0,0.0,0.2,84.0
1747228998845,5.6,0.0,10.2,0.0,0.0,0.1,84.1
1747229000856,6.6,0.0,9.8,0.0,0.0,0.2,83.5
1747229002868,5.5,0.0,9.9,0.0,0.0,0.1,84.5
1747229004879,5.6,0.0,10.2,0.0,0.0,0.1,84.1
1747229006890,5.3,0.0,10.7,0.0,0.0,0.2,83.8
1747229008901,6.9,0.0,11.0,0.0,0.0,0.2,81.9
1747229010911,6.1,0.0,11.1,0.0,0.0,0.2,82.6
1747229012922,6.8,0.0,11.7,0.0,0.0,0.1,81.4
1747229014932,4.8,0.0,12.0,0.0,0.0,0.1,83.1
1747229016944,7.1,0.0,9.8,0.0,0.0,0.1,83.0
1747229018954,5.9,0.0,9.7,0.0,0.0,0.1,84.2
1747229020963,5.7,0.0,9.8,0.0,0.0,0.3,84.2
1747229022973,5.7,0.0,9.8,0.0,0.0,0.1,84.5
1747229024985,6.2,0.0,10.2,0.0,0.0,0.1,83.6
1747229026996,5.3,0.0,10.1,0.0,0.0,0.2,84.5
1747229029008,5.5,0.0,9.8,0.0,0.0,0.1,84.5
1747229031019,5.6,0.0,9.9,0.0,0.0,0.2,84.3
1747229033030,6.7,0.0,9.8,0.0,0.0,0.1,83.5
1747229035040,5.7,0.0,10.0,0.0,0.0,0.1,84.2
1747229037049,6.1,0.0,9.9,0.0,0.0,0.2,83.8
1747229039059,6.4,0.0,10.2,0.0,0.0,0.2,83.1
1747229041068,6.6,0.0,10.4,0.0,0.0,0.2,82.8
1747229043080,6.0,0.0,10.3,0.0,0.0,0.1,83.7
1747229045087,5.2,0.0,9.4,0.0,0.0,0.1,85.3
1747229047098,5.5,0.0,9.9,0.0,0.0,0.2,84.5
1747229049112,6.0,0.0,10.0,0.0,0.0,0.2,83.8
1747229051120,5.1,0.0,10.0,0.0,0.0,0.3,84.6
1747229053135,5.4,0.0,10.2,0.0,0.0,0.2,84.2
1747229055149,5.4,0.0,9.2,0.0,0.0,0.1,85.3
1747229057157,6.4,0.0,9.9,0.0,0.0,0.1,83.6
1747229059167,5.8,0.0,10.3,0.0,0.0,0.2,83.7
1747229061178,5.6,0.0,10.4,0.0,0.0,0.3,83.7
1747229063189,6.2,0.0,9.8,0.0,0.0,0.1,83.9
1747229065198,6.0,0.0,11.0,0.0,0.0,0.2,82.9
1747229067208,6.7,0.0,10.5,0.0,0.0,0.0,82.8
1747229069219,6.1,0.0,10.8,0.0,0.0,0.2,82.9
1747229071230,5.8,0.0,10.1,0.0,0.0,0.5,83.7
1747229073241,6.0,0.0,10.0,0.0,0.0,0.2,83.7
1747229075252,5.7,0.0,10.7,0.0,0.0,0.0,83.6
1747229077262,5.7,0.0,10.8,0.0,0.0,0.1,83.4
1747229079273,5.9,0.0,10.4,0.0,0.0,0.0,83.7
1747229081282,5.4,0.0,10.6,0.0,0.0,0.2,83.8
1747229083291,5.3,0.0,10.6,0.0,0.0,0.1,84.0
1747229085302,5.6,0.0,10.0,0.0,0.0,0.0,84.3
1747229087314,5.9,0.0,10.0,0.0,0.0,0.1,84.1
1747229089325,6.4,0.0,10.7,0.0,0.0,0.1,82.8
1747229091335,5.8,0.0,10.1,0.0,0.0,0.3,83.8
1747229093345,6.2,0.0,10.2,0.0,0.0,0.1,83.5
1747229095356,5.7,0.0,10.3,0.0,0.0,0.1,83.9
1747229097366,5.8,0.0,10.2,0.0,0.0,0.1,83.8
1747229099376,5.8,0.0,9.9,0.0,0.0,0.2,84.1
1747229101386,5.2,0.0,10.6,0.0,0.0,0.1,84.1
1747229103397,5.8,0.0,10.0,0.0,0.0,0.0,84.2
1747229105408,5.7,0.0,10.5,0.0,0.0,0.1,83.7
1747229107419,5.9,0.0,10.6,0.0,0.0,0.0,83.5
1747229109429,5.8,0.0,10.5,0.0,0.0,0.1,83.7
1747229111440,5.6,0.0,10.1,0.0,0.0,0.1,84.2
1747229113457,5.9,0.0,9.8,0.0,0.0,0.1,84.2
1747229115480,6.0,0.0,10.3,0.0,0.0,0.2,83.5
1747229117504,6.3,0.0,10.5,0.0,0.0,0.1,83.1
1747229119523,5.5,0.0,10.1,0.0,0.0,0.1,84.3
1747229121534,6.1,0.0,10.2,0.0,0.0,0.1,83.6
1747229123544,5.8,0.0,9.1,0.0,0.0,0.1,85.0
1747229125552,5.3,0.0,9.9,0.0,0.0,0.3,84.5
1747229127563,5.4,0.0,10.1,0.0,0.0,0.0,84.5
1747229129573,5.7,0.0,10.6,0.0,0.0,0.0,83.6
1747229131584,5.8,0.0,10.1,0.0,0.0,0.2,84.0
1747229133594,5.8,0.0,9.7,0.0,0.0,0.1,84.4
1747229135606,6.0,0.0,10.8,0.0,0.0,0.1,83.1
1747229137616,5.8,0.0,10.5,0.0,0.0,0.1,83.6
1747229139626,6.3,0.0,11.8,0.0,0.0,0.1,81.8
1747229141638,7.1,0.0,11.5,0.0,0.0,0.0,81.3
1747229143649,6.1,0.0,10.7,0.0,0.0,0.2,83.0
1747229145659,5.6,0.0,10.5,0.0,0.0,0.2,83.7
1747229147671,5.4,0.0,10.8,0.0,0.0,0.0,83.8
1747229149682,5.7,0.0,10.0,0.0,0.0,0.1,84.2
1747229151693,5.5,0.0,9.8,0.0,0.0,0.1,84.6
1747229153704,5.9,0.0,10.3,0.0,0.0,0.3,83.4
1747229155714,7.6,0.0,12.0,0.0,0.0,0.4,80.0
1747229157724,8.3,0.0,13.1,0.0,0.0,0.1,78.5
1747229159735,8.5,0.0,12.5,0.0,0.0,0.1,79.0
1747229161746,8.8,0.0,14.0,0.0,0.0,0.1,77.1
1747229163757,0.0,0.0,0.0,0.0,0.0,0.0,0.0
1747229165768,8.2,0.0,12.1,0.0,0.0,0.2,79.4
1747229167779,8.5,0.0,11.8,0.0,0.0,0.1,79.6
1747229169791,8.6,0.0,11.7,0.0,0.0,0.0,79.7
1747229171805,0.0,0.0,0.0,0.0,0.0,0.0,0.0
1747229173817,7.4,0.0,11.7,0.0,0.0,0.1,80.8
1747229175830,7.0,0.0,11.6,0.0,0.0,0.2,81.2
1747229177842,7.8,0.0,11.4,0.0,0.0,0.1,80.7
1747229179853,7.2,0.0,11.6,0.0,0.0,0.0,81.2
1747229181864,6.1,0.0,8.5,0.0,0.0,0.1,85.3
1747229183873,5.2,0.0,9.3,0.0,0.0,0.1,85.3
1747229185882,6.3,0.0,8.6,0.0,0.0,0.1,85.0
1747229187890,5.5,0.0,9.6,0.0,0.0,0.1,84.8
1747229189900,6.0,0.0,9.8,0.0,0.0,0.1,84.1
1747229191910,5.7,0.0,9.7,0.0,0.0,0.2,84.4
1747229193918,5.9,0.0,10.8,0.0,0.0,0.3,83.1
1747229195928,6.0,0.0,10.6,0.0,0.0,0.2,83.1
1747229197938,5.9,0.0,10.8,0.0,0.0,0.1,83.1
1747229199948,6.4,0.0,10.7,0.0,0.0,0.3,82.6
1747229201959,6.4,0.0,11.0,0.0,0.0,0.1,82.4
1747229203970,6.2,0.0,12.0,0.0,0.0,0.2,81.6
1747229205980,7.0,0.0,11.2,0.0,0.0,0.1,81.7
1747229207991,6.3,0.0,12.4,0.0,0.0,0.1,81.1
1747229210002,6.1,0.0,11.7,0.0,0.0,0.1,82.0
1747229212012,6.4,0.0,12.0,0.0,0.0,0.1,81.4
1747229214021,6.7,0.0,11.6,0.0,0.0,0.2,81.6
1747229216028,6.6,0.0,11.0,0.0,0.0,0.0,82.4
1747229218040,6.5,0.0,11.3,0.0,0.0,0.2,82.0
1747229220052,6.5,0.0,12.2,0.0,0.0,0.1,81.2
1747229222061,7.2,0.0,10.8,0.0,0.0,0.1,82.0
1747229224071,6.1,0.0,11.5,0.0,0.0,0.2,82.2
1747229226081,6.2,0.0,11.3,0.0,0.0,0.2,82.3
1747229228093,6.7,0.0,11.3,0.0,0.0,0.3,81.7
1747229230106,6.6,0.0,11.5,0.0,0.0,0.1,81.8
1747229232117,5.7,0.0,13.3,0.0,0.0,0.0,81.0
1747229234128,6.7,0.0,11.2,0.0,0.0,0.1,82.0
1747229236138,6.8,0.0,11.5,0.0,0.0,0.2,81.6
1747229238147,5.9,0.0,11.5,0.0,0.0,0.3,82.1
1747229240158,6.2,0.0,11.5,0.0,0.0,0.2,82.2
1747229242169,6.5,0.0,12.5,0.0,0.0,0.1,81.0
1747229244180,6.4,0.0,12.0,0.0,0.0,0.2,81.5
1747229246191,8.5,0.0,12.0,0.0,0.0,0.2,79.3
1747229248202,6.7,0.0,10.9,0.0,0.0,0.1,82.3
1747229250215,6.4,0.0,10.6,0.0,0.0,0.1,82.8
1747229252225,5.8,0.0,11.6,0.0,0.0,0.1,82.5
1747229254236,6.4,0.0,11.5,0.0,0.0,0.2,81.8
1747229256246,6.1,0.0,11.0,0.0,0.0,0.2,82.7
1747229258257,5.7,0.0,11.3,0.0,0.0,0.1,82.9
1747229260271,5.8,0.0,11.2,0.0,0.0,0.1,83.0
1747229262284,6.2,0.0,10.5,0.0,0.0,0.1,83.1
1747229264295,5.5,0.0,11.3,0.0,0.0,0.2,83.1
1747229266317,6.2,0.0,10.3,0.0,0.0,0.3,83.2
1747229268339,6.2,0.0,11.8,0.0,0.0,0.2,81.8
1747229270356,7.4,0.0,10.5,0.0,0.0,0.2,81.9
1747229272368,9.3,0.0,13.4,0.0,0.0,0.1,77.2
1747229274378,9.3,0.0,13.1,0.0,0.0,0.0,77.5
1747229276389,8.5,0.0,13.8,0.0,0.0,0.2,77.5
1747229278400,0.0,0.0,0.0,0.0,0.0,0.0,0.0
1747229280409,8.7,0.0,12.9,0.0,0.0,0.2,78.3
1747229282418,8.7,0.0,12.9,0.0,0.0,0.0,78.3
1747229284430,8.5,0.0,13.2,0.0,0.0,0.2,78.1
1747229286442,0.0,0.0,0.0,0.0,0.0,0.0,0.0
1747229288453,8.3,0.0,12.4,0.0,0.0,0.1,79.1
1747229290465,8.3,0.0,12.3,0.0,0.0,0.0,79.4
1747229292477,7.8,0.0,12.4,0.0,0.0,0.0,79.7
1747229294488,8.9,0.0,12.5,0.0,0.0,0.2,78.4
1747229296500,5.7,0.0,9.6,0.0,0.0,0.2,84.5
1747229298511,5.9,0.0,9.6,0.0,0.0,0.1,84.3
1747229300522,6.1,0.0,9.9,0.0,0.0,0.1,83.9
1747229302533,6.7,0.0,9.6,0.0,0.0,0.1,83.6
1747229304544,6.1,0.0,11.5,0.0,0.0,0.2,82.2
1747229306555,6.8,0.0,10.9,0.0,0.0,0.1,82.2
1747229308566,6.9,0.0,11.0,0.0,0.0,0.1,82.0
1747229310577,6.0,0.0,11.7,0.0,0.0,0.1,82.1
1747229312588,6.4,0.0,11.6,0.0,0.0,0.1,82.0
1747229314599,6.2,0.0,11.5,0.0,0.0,0.1,82.1
1747229316608,6.8,0.0,11.1,0.0,0.0,0.1,82.0
1747229318617,5.8,0.0,11.9,0.0,0.0,0.1,82.1
1747229320628,6.8,0.0,11.1,0.0,0.0,0.2,82.0
1747229322640,6.3,0.0,10.7,0.0,0.0,0.0,83.0
1747229324650,6.0,0.0,10.3,0.0,0.0,0.2,83.5
1747229326659,6.0,0.0,11.2,0.0,0.0,0.1,82.7
1747229328672,6.5,0.0,10.4,0.0,0.0,0.1,82.9
1747229330681,5.7,0.0,10.7,0.0,0.0,0.2,83.3
1747229332690,5.7,0.0,10.8,0.0,0.0,0.2,83.4
1747229334700,6.1,0.0,11.3,0.0,0.0,0.2,82.4
1747229336711,6.8,0.0,11.5,0.0,0.0,0.1,81.6
1747229338722,6.0,0.0,11.2,0.0,0.0,0.1,82.7
1747229340734,6.3,0.0,12.0,0.0,0.0,0.1,81.6
1747229342745,6.2,0.0,12.8,0.0,0.0,0.1,80.9
1747229344757,8.4,0.0,11.9,0.0,0.0,0.0,79.7
1747229346768,6.5,0.0,11.1,0.0,0.0,0.1,82.3
1747229348780,6.5,0.0,11.2,0.0,0.0,0.1,82.3
1747229350791,5.5,0.0,12.8,0.0,0.0,0.3,81.4
1747229352801,0.0,0.0,0.0,0.0,0.0,0.0,0.0
1747229354811,9.2,0.0,13.5,0.0,0.0,0.1,77.2
1747229356822,8.8,0.0,13.7,0.0,0.0,0.1,77.4
1747229358833,9.8,0.0,12.8,0.0,0.0,0.2,77.2
1747229360844,9.4,0.0,14.3,0.0,0.0,0.2,76.1
1747229362856,8.3,0.0,13.0,0.0,0.0,0.2,78.5
1747229364867,8.3,0.0,13.2,0.0,0.0,0.1,78.4
1747229366878,8.6,0.0,12.4,0.0,0.0,0.2,78.8
1747229368890,8.7,0.0,13.7,0.0,0.0,0.0,77.6
1747229370902,0.2,0.0,0.2,0.0,0.0,0.0,99.6
1747229372913,6.2,0.0,10.1,0.0,0.0,0.1,83.6
1747229374924,6.3,0.0,9.8,0.0,0.0,0.1,83.8
1747229376934,6.5,0.0,9.5,0.0,0.0,0.0,83.9
1747229378945,0.1,0.0,0.2,0.0,0.0,0.0,99.6
1747229380955,6.4,0.0,10.2,0.0,0.0,0.2,83.2
1747229382965,6.3,0.0,10.6,0.0,0.0,0.1,82.9
1747229384973,6.0,0.0,10.9,0.0,0.0,0.1,83.0
1747229386985,7.7,0.0,11.3,0.0,0.0,0.0,81.0
1747229388994,6.0,0.0,11.5,0.0,0.0,0.1,82.4
1747229391003,6.8,0.0,11.0,0.0,0.0,0.3,81.9
1747229393013,6.2,0.0,10.7,0.0,0.0,0.0,83.0
1747229395023,6.4,0.0,11.8,0.0,0.0,0.1,81.7
1747229397031,6.5,0.0,10.1,0.0,0.0,0.1,83.2
1747229399043,6.5,0.0,10.5,0.0,0.0,0.1,82.9
1747229401053,6.1,0.0,11.3,0.0,0.0,0.2,82.4
1747229403062,6.9,0.0,11.0,0.0,0.0,0.1,82.0
1747229405072,6.0,0.0,11.8,0.0,0.0,0.1,82.1
1747229407088,5.9,0.0,11.1,0.0,0.0,0.0,82.9
1747229409098,6.0,0.0,12.5,0.0,0.0,0.1,81.4
1747229411109,7.6,0.0,11.3,0.0,0.0,0.4,80.7
1747229413120,6.7,0.0,11.8,0.0,0.0,0.2,81.4
1747229415131,6.5,0.0,11.4,0.0,0.0,0.1,81.9
1747229417141,6.2,0.0,11.7,0.0,0.0,0.2,82.0
1747229419151,7.0,0.0,12.2,0.0,0.0,0.1,80.7
1747229421161,6.8,0.0,12.0,0.0,0.0,0.2,81.0
1747229423170,6.4,0.0,12.3,0.0,0.0,0.1,81.2
1747229425179,5.6,0.0,12.4,0.0,0.0,0.2,81.8
1747229427191,6.8,0.0,11.7,0.0,0.0,0.4,81.1
1747229429203,6.0,0.0,12.7,0.0,0.0,0.2,81.2
1747229431214,6.0,0.0,12.2,0.0,0.0,0.2,81.5
1747229433224,6.3,0.0,11.0,0.0,0.0,0.0,82.6
1747229435233,7.0,0.0,11.0,0.0,0.0,0.1,81.9
1747229437243,6.5,0.0,10.9,0.0,0.0,0.0,82.6
1747229439253,5.5,0.0,11.4,0.0,0.0,0.0,83.1
1747229441264,6.1,0.0,11.4,0.0,0.0,0.1,82.4
1747229443275,0.0,0.0,0.0,0.0,0.0,0.0,0.0
1747229445285,8.6,0.0,14.5,0.0,0.0,0.1,76.8
1747229447297,9.2,0.0,13.2,0.0,0.0,0.0,77.7
1747229449308,8.4,0.0,12.6,0.0,0.0,0.1,78.9
1747229451321,8.9,0.0,14.1,0.0,0.0,0.2,76.8
1747229453342,8.2,0.0,12.5,0.0,0.0,0.1,79.2
1747229455360,8.5,0.0,13.5,0.0,0.0,0.3,77.7
1747229457376,8.6,0.0,13.4,0.0,0.0,0.1,77.9
1747229459393,9.6,0.0,13.5,0.0,0.0,0.2,76.8
1747229461409,0.0,0.0,0.0,0.0,0.0,0.0,0.0
1747229463431,8.2,0.0,12.7,0.0,0.0,0.1,79.0
1747229465452,9.0,0.0,11.5,0.0,0.0,0.2,79.3
1747229467467,8.4,0.0,12.7,0.0,0.0,0.1,78.8
1747229469479,0.0,0.0,0.0,0.0,0.0,0.0,99.9
1747229471489,6.1,0.0,9.9,0.0,0.0,0.2,83.8
1747229473501,6.1,0.0,10.1,0.0,0.0,0.1,83.5
1747229475512,5.8,0.0,10.5,0.0,0.0,0.1,83.6
1747229477523,0.2,0.0,0.2,0.0,0.0,0.0,99.6
1747229479535,6.1,0.0,10.8,0.0,0.0,0.1,83.0
1747229481546,5.9,0.0,10.8,0.0,0.0,0.1,83.2
1747229483557,6.0,0.0,11.0,0.0,0.0,0.2,82.8
1747229485568,0.2,0.0,0.3,0.0,0.0,0.0,99.5
1747229487578,6.7,0.0,11.3,0.0,0.0,0.0,82.0
1747229489588,7.0,0.0,11.8,0.0,0.0,0.0,81.2
1747229491598,6.2,0.0,11.1,0.0,0.0,0.2,82.5
1747229493609,0.1,0.0,0.2,0.0,0.0,0.0,99.6
1747229495619,6.7,0.0,11.3,0.0,0.0,0.1,81.8
1747229497630,6.5,0.0,11.7,0.0,0.0,0.1,81.8
1747229499639,6.5,0.0,11.9,0.0,0.0,0.0,81.6
1747229501649,6.7,0.0,12.7,0.0,0.0,0.2,80.5
1747229503658,6.8,0.0,11.7,0.0,0.0,0.1,81.5
1747229505669,6.9,0.0,11.8,0.0,0.0,0.2,81.1
1747229507678,6.2,0.0,11.8,0.0,0.0,0.1,81.8
1747229509687,7.5,0.0,11.6,0.0,0.0,0.1,80.7
1747229511698,6.7,0.0,12.4,0.0,0.0,0.1,80.8
1747229513709,7.3,0.0,12.0,0.0,0.0,0.2,80.5
1747229515720,7.7,0.0,12.2,0.0,0.0,0.2,80.0
1747229517731,8.4,0.0,12.0,0.0,0.0,0.0,79.6
1747229519741,6.8,0.0,11.4,0.0,0.0,0.1,81.7
1747229521750,6.5,0.0,11.5,0.0,0.0,0.2,81.8
1747229523761,6.5,0.0,11.5,0.0,0.0,0.1,81.9
1747229525772,7.6,0.0,12.1,0.0,0.0,0.3,79.9
1747229527781,7.0,0.0,12.6,0.0,0.0,0.0,80.4
1747229529789,6.4,0.0,14.2,0.0,0.0,0.0,79.4
1747229531800,6.6,0.0,11.9,0.0,0.0,0.0,81.4
1747229533819,7.1,0.0,11.9,0.0,0.0,0.1,80.9
1747229535830,6.2,0.0,11.6,0.0,0.0,0.3,81.9
1747229537843,6.6,0.0,11.6,0.0,0.0,0.0,81.7
1747229539856,7.0,0.0,12.2,0.0,0.0,0.1,80.7
1747229541865,8.6,0.0,12.4,0.0,0.0,0.0,78.9
1747229543876,7.5,0.0,11.5,0.0,0.0,0.1,80.9
1747229545887,7.7,0.0,11.3,0.0,0.0,0.1,80.8
1747229547897,6.8,0.0,12.1,0.0,0.0,0.1,81.0
1747229549908,7.3,0.0,12.2,0.0,0.0,0.0,80.4
1747229551919,6.4,0.0,12.2,0.0,0.0,0.0,81.5
1747229553930,5.8,0.0,12.5,0.0,0.0,0.1,81.6
1747229555941,6.3,0.0,12.5,0.0,0.0,0.2,81.0
1747229557952,7.7,0.0,11.7,0.0,0.0,0.1,80.5
1747229559963,7.0,0.0,11.4,0.0,0.0,0.1,81.6
1747229561975,6.2,0.0,13.3,0.0,0.0,0.1,80.4
1747229563985,7.6,0.0,12.2,0.0,0.0,0.0,80.2
1747229565995,8.8,0.0,12.4,0.0,0.0,0.2,78.5
1747229568006,7.4,0.0,12.1,0.0,0.0,0.1,80.5
1747229570016,6.5,0.0,11.2,0.0,0.0,0.1,82.3
1747229572025,6.7,0.0,11.1,0.0,0.0,0.1,82.1
1747229574035,7.8,0.0,11.5,0.0,0.0,0.1,80.6
1747229576045,6.1,0.0,11.3,0.0,0.0,0.2,82.3
1747229578055,6.4,0.0,10.7,0.0,0.0,0.1,82.8
1747229580066,6.0,0.0,11.8,0.0,0.0,0.1,82.2
1747229582076,7.5,0.0,12.0,0.0,0.0,0.1,80.5
1747229584086,6.2,0.0,11.8,0.0,0.0,0.1,81.9
1747229586097,7.1,0.0,12.2,0.0,0.0,0.2,80.5
1747229588108,6.8,0.0,12.5,0.0,0.0,0.0,80.7
1747229590118,8.1,0.0,12.8,0.0,0.0,0.1,79.0
1747229592129,7.2,0.0,11.8,0.0,0.0,0.1,80.9
1747229594139,6.6,0.0,11.6,0.0,0.0,0.1,81.7
1747229596149,6.7,0.0,12.2,0.0,0.0,0.3,80.9
1747229598158,0.0,0.0,0.0,0.0,0.0,0.0,0.0
1747229600178,8.3,0.0,13.7,0.0,0.0,0.1,78.0
1747229602206,9.0,0.0,14.7,0.0,0.0,0.1,76.3
1747229604222,9.2,0.0,13.7,0.0,0.0,0.1,76.9
1747229606238,9.6,0.0,14.4,0.0,0.0,0.2,75.8
1747229608251,7.8,0.0,12.9,0.0,0.0,0.1,79.2
1747229610264,8.6,0.0,14.1,0.0,0.0,0.1,77.3
1747229612276,9.8,0.0,14.0,0.0,0.0,0.1,76.0
1747229614288,9.1,0.0,15.7,0.0,0.0,0.1,75.1
1747229616299,7.3,0.0,11.1,0.0,0.0,0.1,81.6
1747229618308,8.6,0.0,13.8,0.0,0.0,0.1,77.4
1747229620319,9.4,0.0,12.9,0.0,0.0,0.1,77.6
1747229622330,9.9,0.0,13.5,0.0,0.0,0.1,76.5
1747229624341,7.8,0.0,10.6,0.0,0.0,0.1,81.4
1747229626353,6.5,0.0,11.0,0.0,0.0,0.0,82.5
1747229628364,7.0,0.0,10.6,0.0,0.0,0.1,82.3
1747229630375,6.9,0.0,11.0,0.0,0.0,0.1,82.0
1747229632383,0.1,0.0,0.2,0.0,0.0,0.0,99.7
1747229634393,6.7,0.0,11.4,0.0,0.0,0.2,81.7
1747229636404,7.4,0.0,12.0,0.0,0.0,0.1,80.6
1747229638416,6.8,0.0,11.9,0.0,0.0,0.1,81.2
1747229640428,0.2,0.0,0.3,0.0,0.0,0.0,99.5
1747229642439,7.2,0.0,11.3,0.0,0.0,0.1,81.4
1747229644451,7.0,0.0,12.3,0.0,0.0,0.2,80.6
1747229646461,6.4,0.0,12.0,0.0,0.0,0.1,81.6
1747229648472,8.0,0.0,11.5,0.0,0.0,0.1,80.5
1747229650483,7.0,0.0,11.4,0.0,0.0,0.0,81.6
1747229652494,6.6,0.0,11.8,0.0,0.0,0.2,81.4
1747229654505,6.5,0.0,12.2,0.0,0.0,0.1,81.1
1747229656516,8.2,0.0,11.9,0.0,0.0,0.1,79.8
1747229658527,6.6,0.0,11.8,0.0,0.0,0.0,81.6
1747229660538,6.0,0.0,12.0,0.0,0.0,0.0,81.9
1747229662548,6.7,0.0,11.5,0.0,0.0,0.1,81.7
1747229664558,8.0,0.0,10.9,0.0,0.0,0.1,81.0
1747229666567,7.3,0.0,12.6,0.0,0.0,0.0,80.2
1747229668576,7.1,0.0,11.4,0.0,0.0,0.1,81.3
1747229670584,7.0,0.0,11.7,0.0,0.0,0.0,81.3
1747229672597,7.2,0.0,11.0,0.0,0.0,0.0,81.8
1747229674610,6.5,0.0,11.7,0.0,0.0,0.2,81.6
1747229676619,6.4,0.0,10.8,0.0,0.0,0.0,82.8
1747229678642,6.0,0.0,11.8,0.0,0.0,0.0,82.2
1747229680664,6.8,0.0,12.0,0.0,0.0,0.0,81.2
1747229682676,6.9,0.0,11.8,0.0,0.0,0.0,81.3
1747229684685,6.4,0.0,11.2,0.0,0.0,0.1,82.3
1747229686696,7.0,0.0,11.1,0.0,0.0,0.0,81.8
1747229688706,7.9,0.0,11.9,0.0,0.0,0.1,80.1
1747229690717,7.0,0.0,12.2,0.0,0.0,0.1,80.7
1747229692729,7.4,0.0,11.6,0.0,0.0,0.1,81.0
1747229694738,7.2,0.0,12.6,0.0,0.0,0.2,80.0
1747229696748,7.8,0.0,12.6,0.0,0.0,0.1,79.5
1747229698758,7.4,0.0,11.8,0.0,0.0,0.1,80.7
1747229700770,7.0,0.0,12.5,0.0,0.0,0.0,80.4
1747229702781,6.9,0.0,12.4,0.0,0.0,0.0,80.7
1747229704792,8.0,0.0,12.0,0.0,0.0,0.1,80.0
1747229706803,6.5,0.0,11.9,0.0,0.0,0.0,81.5
1747229708820,7.0,0.0,12.1,0.0,0.0,0.1,80.7
1747229710831,7.1,0.0,12.8,0.0,0.0,0.1,80.1
1747229712842,7.6,0.0,12.4,0.0,0.0,0.0,79.9
1747229714853,6.1,0.0,13.4,0.0,0.0,0.1,80.4
1747229716864,7.1,0.0,13.4,0.0,0.0,0.0,79.5
1747229718874,8.4,0.0,13.2,0.0,0.0,0.0,78.3
1747229720885,8.1,0.0,11.8,0.0,0.0,0.1,80.0
1747229722894,6.9,0.0,12.4,0.0,0.0,0.0,80.7
1747229724905,6.7,0.0,13.0,0.0,0.0,0.1,80.2
1747229726915,6.4,0.0,12.4,0.0,0.0,0.0,81.2
1747229728925,8.5,0.0,12.0,0.0,0.0,0.0,79.4
1747229730934,6.7,0.0,11.9,0.0,0.0,0.1,81.3
1747229732946,6.8,0.0,11.6,0.0,0.0,0.0,81.6
1747229734956,7.0,0.0,11.7,0.0,0.0,0.0,81.2
1747229736966,7.1,0.0,11.8,0.0,0.0,0.1,81.1
1747229738975,7.0,0.0,11.8,0.0,0.0,0.0,81.2
1747229740984,7.2,0.0,11.8,0.0,0.0,0.0,81.0
1747229743004,7.4,0.0,12.1,0.0,0.0,0.1,80.4
1747229745012,7.6,0.0,11.7,0.0,0.0,0.0,80.7
1747229747025,7.2,0.0,12.7,0.0,0.0,0.0,80.0
1747229749038,6.5,0.0,11.2,0.0,0.0,0.0,82.2
1747229751055,6.7,0.0,11.6,0.0,0.0,0.3,81.5
1747229753071,7.4,0.0,12.0,0.0,0.0,0.0,80.6
1747229755081,6.7,0.0,12.9,0.0,0.0,0.0,80.3
1747229757092,7.0,0.0,12.0,0.0,0.0,0.1,80.9
1747229759102,7.2,0.0,12.4,0.0,0.0,0.0,80.4
1747229761113,7.4,0.0,12.7,0.0,0.0,0.1,79.8
1747229763124,7.2,0.0,12.0,0.0,0.0,0.1,80.7
1747229765132,6.9,0.0,12.4,0.0,0.0,0.1,80.6
1747229767140,7.6,0.0,13.3,0.0,0.0,0.0,79.1
1747229769154,7.1,0.0,11.9,0.0,0.0,0.1,80.9
1747229771172,6.8,0.0,12.0,0.0,0.0,0.2,81.0
1747229773183,6.7,0.0,11.8,0.0,0.0,0.1,81.3
1747229775194,6.5,0.0,12.9,0.0,0.0,0.0,80.6
1747229777205,7.1,0.0,11.6,0.0,0.0,0.0,81.3
1747229779217,10.1,0.0,14.4,0.0,0.0,0.1,75.4
1747229781227,10.2,0.0,15.6,0.0,0.0,0.4,73.9
1747229783238,11.0,0.0,15.7,0.0,0.0,0.1,73.2
1747229785249,11.2,0.0,16.9,0.0,0.0,0.1,71.9
1747229787260,0.0,0.0,0.0,0.0,0.0,0.0,0.0
1747229789272,10.0,0.0,14.7,0.0,0.0,0.0,75.2
1747229791285,9.8,0.0,15.5,0.0,0.0,0.1,74.6
1747229793296,9.6,0.0,14.8,0.0,0.0,0.0,75.5
1747229795308,0.0,0.0,0.0,0.0,0.0,0.0,0.0
1747229797321,8.9,0.0,13.3,0.0,0.0,0.1,77.8
1747229799337,8.4,0.0,13.3,0.0,0.0,0.1,78.2
1747229801350,9.1,0.0,13.4,0.0,0.0,0.2,77.3
1747229803363,0.2,0.0,0.3,0.0,0.0,0.0,99.5
1747229805373,6.7,0.0,10.7,0.0,0.0,0.1,82.5
1747229807384,6.9,0.0,10.9,0.0,0.0,0.1,82.1
1747229809392,6.6,0.0,11.2,0.0,0.0,0.1,82.0
1747229811401,6.5,0.0,11.2,0.0,0.0,0.2,82.1
1747229813416,6.5,0.0,11.9,0.0,0.0,0.1,81.5
1747229815425,6.5,0.0,11.9,0.0,0.0,0.1,81.5
1747229817434,6.7,0.0,11.7,0.0,0.0,0.1,81.5
1747229819446,6.8,0.0,12.0,0.0,0.0,0.0,81.2
1747229821457,7.0,0.0,11.5,0.0,0.0,0.3,81.2
1747229823467,7.2,0.0,12.0,0.0,0.0,0.1,80.7
1747229825477,6.8,0.0,12.3,0.0,0.0,0.1,80.8
1747229827488,7.1,0.0,11.9,0.0,0.0,0.1,80.9
1747229829498,7.1,0.0,12.0,0.0,0.0,0.1,80.8
1747229831509,6.9,0.0,12.8,0.0,0.0,0.1,80.2
1747229833520,6.8,0.0,12.0,0.0,0.0,0.1,81.1
1747229835531,6.5,0.0,12.7,0.0,0.0,0.1,80.6
1747229837543,7.0,0.0,12.1,0.0,0.0,0.1,80.8
1747229839555,6.6,0.0,12.0,0.0,0.0,0.0,81.4
1747229841566,7.1,0.0,12.2,0.0,0.0,0.2,80.6
1747229843578,7.2,0.0,11.5,0.0,0.0,0.1,81.2
1747229845590,10.4,0.0,15.4,0.0,0.0,0.1,74.1
1747229847600,10.3,0.0,14.3,0.0,0.0,0.1,75.2
1747229849611,9.8,0.0,14.7,0.0,0.0,0.1,75.3
1747229851622,10.4,0.0,14.6,0.0,0.0,0.2,74.8
1747229853633,0.0,0.0,0.0,0.0,0.0,0.0,0.0
1747229855645,9.7,0.0,13.9,0.0,0.0,0.1,76.3
1747229857658,9.5,0.0,14.4,0.0,0.0,0.1,76.0
1747229859670,9.3,0.0,13.8,0.0,0.0,0.1,76.7
1747229861684,0.0,0.0,0.0,0.0,0.0,0.0,0.0
1747229863695,8.8,0.0,13.9,0.0,0.0,0.1,77.3
1747229865707,8.7,0.0,14.2,0.0,0.0,0.1,77.0
1747229867719,9.4,0.0,13.6,0.0,0.0,0.1,76.9
1747229869733,9.0,0.0,14.1,0.0,0.0,0.2,76.7
1747229871746,6.9,0.0,10.5,0.0,0.0,0.2,82.4
1747229873755,6.5,0.0,10.9,0.0,0.0,0.1,82.5
1747229875766,6.6,0.0,11.9,0.0,0.0,0.0,81.4
1747229877777,6.7,0.0,11.4,0.0,0.0,0.0,82.0
1747229879787,6.8,0.0,11.6,0.0,0.0,0.1,81.5
1747229881795,6.8,0.0,12.1,0.0,0.0,0.1,81.1
1747229883805,6.8,0.0,12.8,0.0,0.0,0.1,80.3
1747229885814,7.3,0.0,11.9,0.0,0.0,0.1,80.6
1747229887824,7.3,0.0,12.6,0.0,0.0,0.0,80.1
1747229889833,7.0,0.0,11.5,0.0,0.0,0.1,81.4
1747229891848,6.5,0.0,11.7,0.0,0.0,0.2,81.6
1747229893858,7.3,0.0,13.3,0.0,0.0,0.0,79.4
1747229895869,8.4,0.0,12.6,0.0,0.0,0.1,78.9
1747229897880,7.8,0.0,13.4,0.0,0.0,0.1,78.7
1747229899890,7.8,0.0,13.2,0.0,0.0,0.0,79.0
1747229901901,7.3,0.0,13.6,0.0,0.0,0.2,78.9
1747229903911,8.0,0.0,12.9,0.0,0.0,0.1,79.0
1747229905922,7.7,0.0,13.1,0.0,0.0,0.1,79.1
1747229907931,7.3,0.0,13.5,0.0,0.0,0.1,79.1
1747229909942,7.5,0.0,13.2,0.0,0.0,0.0,79.2
1747229911953,10.1,0.0,13.7,0.0,0.0,0.2,76.0
1747229913963,10.9,0.0,15.4,0.0,0.0,0.1,73.6
1747229915980,10.1,0.0,15.6,0.0,0.0,0.2,74.2
1747229917996,10.2,0.0,15.2,0.0,0.0,0.1,74.5
1747229920009,0.0,0.0,0.0,0.0,0.0,0.0,0.0
1747229922024,9.3,0.0,14.7,0.0,0.0,0.2,75.9
1747229924036,9.5,0.0,14.5,0.0,0.0,0.1,75.9
1747229926049,9.5,0.0,14.1,0.0,0.0,0.2,76.2
1747229928061,0.0,0.0,0.0,0.0,0.0,0.0,0.0
1747229930072,9.4,0.0,13.6,0.0,0.0,0.1,76.9
1747229932084,9.4,0.0,14.8,0.0,0.0,0.1,75.7
1747229934096,9.7,0.0,13.9,0.0,0.0,0.1,76.3
1747229936108,9.7,0.0,14.5,0.0,0.0,0.2,75.6
1747229938120,6.8,0.0,11.9,0.0,0.0,0.2,81.2
1747229940129,7.4,0.0,12.3,0.0,0.0,0.1,80.2
1747229942138,6.8,0.0,11.2,0.0,0.0,0.2,81.8
1747229944147,7.1,0.0,12.2,0.0,0.0,0.1,80.6
1747229946156,7.2,0.0,12.6,0.0,0.0,0.2,80.0
1747229948169,7.0,0.0,13.7,0.0,0.0,0.0,79.2
1747229950178,7.6,0.0,13.6,0.0,0.0,0.1,78.7
1747229952196,6.9,0.0,12.7,0.0,0.0,0.2,80.2
1747229954205,7.5,0.0,12.6,0.0,0.0,0.2,79.7
1747229956219,7.1,0.0,13.1,0.0,0.0,0.3,79.5
1747229958228,7.9,0.0,12.6,0.0,0.0,0.1,79.4
1747229960238,8.1,0.0,14.1,0.0,0.0,0.1,77.7
1747229962248,7.6,0.0,13.4,0.0,0.0,0.1,78.9
1747229964258,7.5,0.0,12.6,0.0,0.0,0.0,79.8
1747229966269,7.8,0.0,13.9,0.0,0.0,0.2,78.2
1747229968279,7.7,0.0,13.6,0.0,0.0,0.1,78.6
1747229970288,9.5,0.0,14.4,0.0,0.0,0.1,76.0
1747229972298,10.9,0.0,16.7,0.0,0.0,0.1,72.3
1747229974310,10.8,0.0,17.0,0.0,0.0,0.2,72.0
1747229976321,10.0,0.0,16.8,0.0,0.0,0.1,73.0
1747229978335,0.0,0.0,0.0,0.0,0.0,0.0,0.0
1747229980345,9.9,0.0,16.1,0.0,0.0,0.1,73.9
1747229982360,10.2,0.0,15.1,0.0,0.0,0.2,74.5
1747229984372,10.4,0.0,14.5,0.0,0.0,0.2,74.9
1747229986385,9.9,0.0,14.5,0.0,0.0,0.0,75.6
1747229988397,9.5,0.0,13.0,0.0,0.0,0.0,77.5
1747229990411,9.6,0.0,14.8,0.0,0.0,0.0,75.7
1747229992425,10.0,0.0,14.4,0.0,0.0,0.0,75.6
1747229994437,9.8,0.0,15.3,0.0,0.0,0.1,74.8
1747229996449,6.6,0.0,11.3,0.0,0.0,0.2,81.8
1747229998461,7.0,0.0,11.5,0.0,0.0,0.1,81.4
1747230000471,7.1,0.0,12.1,0.0,0.0,0.1,80.7
1747230002480,6.8,0.0,13.0,0.0,0.0,0.2,80.1
1747230004491,7.4,0.0,13.8,0.0,0.0,0.0,78.8
1747230006501,7.3,0.0,14.4,0.0,0.0,0.1,78.2
1747230008510,8.4,0.0,14.5,0.0,0.0,0.1,76.9
1747230010519,7.2,0.0,13.0,0.0,0.0,0.1,79.7
1747230012528,7.1,0.0,13.2,0.0,0.0,0.3,79.5
1747230014541,6.7,0.0,12.1,0.0,0.0,0.1,81.0
1747230016556,6.7,0.0,12.5,0.0,0.0,0.2,80.6
1747230018565,7.5,0.0,13.2,0.0,0.0,0.0,79.3
1747230020576,7.0,0.0,12.2,0.0,0.0,0.1,80.7
1747230022586,7.0,0.0,14.3,0.0,0.0,0.1,78.6
1747230024596,7.2,0.0,12.9,0.0,0.0,0.1,79.8
1747230026607,7.7,0.0,12.9,0.0,0.0,0.2,79.2
1747230028619,7.5,0.0,14.1,0.0,0.0,0.1,78.3
1747230030629,6.9,0.0,13.6,0.0,0.0,0.1,79.4
1747230032638,7.6,0.0,13.8,0.0,0.0,0.1,78.5
1747230034645,7.8,0.0,12.4,0.0,0.0,0.1,79.7
1747230036656,6.3,0.0,12.3,0.0,0.0,0.1,81.3
1747230038673,6.5,0.0,12.6,0.0,0.0,0.0,80.8
1747230040691,6.2,0.0,12.0,0.0,0.0,0.1,81.7
1747230042700,6.3,0.0,12.6,0.0,0.0,0.1,80.9
1747230044715,8.2,0.0,12.2,0.0,0.0,0.1,79.5
1747230046725,10.9,0.0,15.4,0.0,0.0,0.2,73.5
1747230048736,10.3,0.0,15.7,0.0,0.0,0.0,73.9
1747230050748,10.2,0.0,15.7,0.0,0.0,0.1,73.9
1747230052760,0.0,0.0,0.0,0.0,0.0,0.0,0.0
1747230054770,9.9,0.0,14.9,0.0,0.0,0.1,75.1
1747230056782,9.7,0.0,14.9,0.1,0.0,0.2,75.1
1747230058793,10.2,0.0,14.5,0.0,0.0,0.1,75.3
1747230060805,9.5,0.0,15.4,0.0,0.0,0.2,74.8
1747230062817,8.9,0.0,14.3,0.0,0.0,0.1,76.7
1747230064832,8.7,0.0,14.2,0.0,0.0,0.1,77.0
1747230066844,9.4,0.0,14.2,0.0,0.0,0.1,76.4
1747230068861,9.6,0.0,14.8,0.0,0.0,0.0,75.6
1747230070873,8.5,0.0,12.5,0.0,0.0,0.1,78.9
1747230072895,8.6,0.0,13.6,0.0,0.0,0.0,77.8
