timestamp_ms,usr%,nice%,sys%,iowait%,irq%,soft%,steal%,idle%
1747228420949,6.0,0.0,10.4,0.0,0.0,0.2,83.4
1747228422961,5.3,0.0,10.2,0.0,0.0,0.2,84.3
1747228424973,4.8,0.0,9.9,0.0,0.0,0.2,85.0
1747228426983,4.8,0.0,9.7,0.0,0.0,0.2,85.2
1747228428995,6.1,0.0,9.3,0.0,0.0,0.1,84.5
1747228431007,5.1,0.0,9.7,0.0,0.0,0.1,85.1
1747228433018,5.4,0.0,9.9,0.0,0.0,0.3,84.5
1747228435029,5.3,0.0,9.6,0.0,0.0,0.3,84.8
1747228437041,6.0,0.0,9.7,0.0,0.0,0.2,84.1
1747228439053,5.0,0.0,10.0,0.0,0.0,0.0,85.0
1747228441063,5.2,0.0,9.3,0.0,0.0,0.2,85.3
1747228443074,4.9,0.0,8.9,0.0,0.0,0.3,85.8
1747228445086,6.0,0.0,8.8,0.0,0.0,0.2,84.9
1747228447098,5.1,0.0,9.3,0.0,0.0,0.0,85.6
1747228449110,4.5,0.0,9.8,0.0,0.0,0.1,85.5
1747228451122,5.5,0.0,8.5,0.0,0.0,0.1,86.0
1747228453133,0.0,0.0,0.0,0.0,0.0,0.0,0.0
1747228455144,7.1,0.0,11.4,0.0,0.0,0.3,81.1
1747228457155,7.3,0.0,11.5,0.0,0.0,0.2,81.0
1747228459166,7.5,0.0,11.0,0.0,0.0,0.0,81.5
1747228461179,7.2,0.0,11.1,0.0,0.0,0.1,81.6
1747228463192,6.3,0.0,11.3,0.0,0.0,0.2,82.2
1747228465204,6.8,0.0,10.8,0.0,0.0,0.2,82.2
1747228467218,6.8,0.0,10.5,0.0,0.0,0.1,82.6
1747228469231,7.6,0.0,11.4,0.0,0.0,0.2,80.8
1747228471243,6.0,0.0,9.8,0.0,0.0,0.1,84.1
1747228473257,6.5,0.0,10.2,0.0,0.0,0.1,83.2
1747228475270,6.3,0.0,10.5,0.0,0.0,0.2,83.0
1747228477282,6.4,0.0,11.6,0.0,0.0,0.1,81.9
1747228479293,5.8,0.0,8.9,0.0,0.0,0.0,85.2
1747228481302,5.3,0.0,8.2,0.0,0.0,0.0,86.4
1747228483313,4.9,0.0,8.4,0.0,0.0,0.2,86.5
1747228485325,5.1,0.0,9.2,0.0,0.0,0.1,85.6
1747228487338,0.1,0.0,0.2,0.0,0.0,0.0,99.6
1747228489350,5.0,0.0,9.4,0.0,0.0,0.2,85.4
1747228491361,5.6,0.0,9.1,0.0,0.0,0.1,85.1
1747228493373,5.3,0.0,10.6,0.0,0.0,0.2,83.9
1747228495384,0.1,0.0,0.2,0.0,0.0,0.0,99.6
1747228497396,6.0,0.0,9.8,0.0,0.0,0.0,84.2
1747228499408,5.4,0.0,11.1,0.0,0.0,0.2,83.4
1747228501419,5.3,0.0,11.1,0.0,0.0,0.2,83.4
1747228503432,6.7,0.0,9.9,0.0,0.0,0.3,83.0
1747228505444,5.9,0.0,10.6,0.0,0.0,0.4,83.1
1747228507455,5.5,0.0,10.2,0.0,0.0,0.1,84.2
1747228509466,5.0,0.0,11.4,0.0,0.0,0.2,83.3
1747228511477,6.9,0.0,9.8,0.0,0.0,0.2,83.1
1747228513489,5.4,0.0,11.0,0.0,0.0,0.1,83.5
1747228515500,6.3,0.0,10.1,0.0,0.0,0.2,83.5
1747228517511,5.5,0.0,9.3,0.0,0.0,0.3,84.9
1747228519523,6.3,0.0,10.4,0.0,0.0,0.2,83.1
1747228521535,5.3,0.0,10.0,0.0,0.0,0.3,84.4
1747228523547,5.2,0.0,9.9,0.0,0.0,0.0,84.8
1747228525558,5.4,0.0,9.5,0.0,0.0,0.0,85.0
1747228527570,6.4,0.0,9.8,0.0,0.0,0.2,83.5
1747228529580,5.3,0.0,9.9,0.0,0.0,0.1,84.7
1747228531591,5.3,0.0,10.1,0.0,0.0,0.1,84.5
1747228533603,5.5,0.0,9.5,0.0,0.0,0.2,84.9
1747228535614,6.5,0.0,10.4,0.0,0.0,0.2,83.0
1747228537625,5.7,0.0,9.8,0.0,0.0,0.1,84.4
1747228539635,5.8,0.0,10.0,0.0,0.0,0.1,84.0
1747228541645,5.9,0.0,9.6,0.0,0.0,0.1,84.3
1747228543653,6.0,0.0,9.4,0.0,0.0,0.1,84.5
1747228545665,4.8,0.0,9.7,0.0,0.0,0.1,85.3
1747228547676,5.4,0.0,9.6,0.0,0.0,0.2,84.7
1747228549686,5.4,0.0,9.8,0.0,0.0,0.1,84.7
1747228551697,6.4,0.0,10.7,0.0,0.0,0.2,82.7
1747228553706,4.7,0.0,9.3,0.0,0.0,0.2,85.8
1747228555716,4.6,0.0,9.1,0.0,0.0,0.2,86.1
1747228557727,4.8,0.0,8.7,0.0,0.0,0.3,86.2
1747228559750,5.2,0.0,9.4,0.0,0.0,0.1,85.3
1747228561763,4.8,0.0,8.9,0.0,0.0,0.1,86.2
1747228563775,5.3,0.0,9.2,0.0,0.0,0.2,85.3
1747228565786,5.6,0.0,9.8,0.0,0.0,0.2,84.4
1747228567798,7.7,0.0,10.6,0.0,0.0,0.2,81.5
1747228569808,5.4,0.0,9.5,0.0,0.0,0.2,84.9
1747228571820,5.0,0.0,9.6,0.0,0.0,0.2,85.2
1747228573831,5.2,0.0,9.4,0.0,0.0,0.1,85.4
1747228575842,6.0,0.0,9.5,0.0,0.0,0.1,84.4
1747228577852,4.7,0.0,9.6,0.0,0.0,0.2,85.5
1747228579863,5.1,0.0,9.6,0.0,0.0,0.3,85.0
1747228581874,4.8,0.0,11.3,0.0,0.0,0.2,83.7
1747228583885,6.4,0.0,10.1,0.0,0.0,0.2,83.3
1747228585896,5.2,0.0,10.5,0.0,0.0,0.1,84.1
1747228587907,5.3,0.0,9.4,0.0,0.0,0.2,85.1
1747228589917,5.6,0.0,9.3,0.0,0.0,0.3,84.8
1747228591929,6.5,0.0,10.3,0.0,0.0,0.2,83.0
1747228593941,5.4,0.0,9.9,0.0,0.0,0.1,84.6
1747228595952,5.4,0.0,9.3,0.0,0.0,0.0,85.2
1747228597965,5.2,0.0,9.5,0.0,0.0,0.1,85.2
1747228599977,5.9,0.0,9.3,0.0,0.0,0.1,84.7
1747228601991,4.8,0.0,10.0,0.0,0.0,0.0,85.2
1747228604003,4.9,0.0,10.3,0.0,0.0,0.2,84.6
1747228606015,5.3,0.0,10.0,0.0,0.0,0.1,84.6
1747228608026,5.9,0.0,10.1,0.0,0.0,0.0,83.9
1747228610037,5.4,0.0,9.8,0.0,0.0,0.3,84.6
1747228612049,5.1,0.0,9.8,0.0,0.0,0.0,85.0
1747228614060,6.0,0.0,9.3,0.0,0.0,0.1,84.6
1747228616072,6.1,0.0,11.2,0.0,0.0,0.0,82.6
1747228618084,5.3,0.0,9.9,0.0,0.0,0.1,84.7
1747228620092,5.2,0.0,10.1,0.0,0.0,0.1,84.6
1747228622102,4.7,0.0,10.0,0.0,0.0,0.0,85.3
1747228624120,4.8,0.0,9.9,0.0,0.0,0.1,85.2
1747228626132,5.0,0.0,9.3,0.0,0.0,0.1,85.5
1747228628140,4.9,0.0,9.4,0.0,0.0,0.2,85.5
1747228630151,5.3,0.0,9.2,0.0,0.0,0.2,85.2
1747228632162,5.2,0.0,9.0,0.0,0.0,0.1,85.7
1747228634172,5.4,0.0,9.5,0.0,0.0,0.1,85.0
1747228636183,5.3,0.0,9.8,0.0,0.0,0.1,84.8
1747228638194,5.3,0.0,9.6,0.0,0.0,0.1,85.0
1747228640203,5.5,0.0,10.2,0.0,0.0,0.1,84.2
1747228642214,6.0,0.0,9.8,0.0,0.0,0.0,84.2
1747228644225,6.5,0.0,10.0,0.0,0.0,0.1,83.3
1747228646236,6.2,0.0,11.4,0.0,0.0,0.1,82.3
1747228648248,5.7,0.0,10.0,0.0,0.0,0.0,84.2
1747228650259,5.3,0.0,10.8,0.0,0.0,0.1,83.7
1747228652271,5.7,0.0,9.9,0.0,0.0,0.2,84.2
1747228654282,5.2,0.0,9.9,0.0,0.0,0.0,84.8
1747228656296,5.8,0.0,9.7,0.0,0.0,0.1,84.5
1747228658308,5.2,0.0,9.9,0.0,0.0,0.1,84.7
1747228660320,5.3,0.0,9.4,0.0,0.0,0.1,85.1
1747228662332,5.2,0.0,9.9,0.0,0.0,0.2,84.7
1747228664344,6.0,0.0,9.4,0.0,0.0,0.2,84.4
1747228666355,5.2,0.0,9.7,0.0,0.0,0.1,85.0
1747228668367,5.2,0.0,9.8,0.0,0.0,0.3,84.8
1747228670379,5.6,0.0,10.4,0.0,0.0,0.1,83.9
1747228672391,6.0,0.0,9.9,0.0,0.0,0.0,84.0
1747228674402,5.4,0.0,9.3,0.0,0.0,0.2,85.1
1747228676413,5.3,0.0,9.7,0.0,0.0,0.0,85.0
1747228678426,5.3,0.0,9.7,0.0,0.0,0.1,85.0
1747228680438,5.4,0.0,9.4,0.0,0.0,0.3,85.0
1747228682450,5.0,0.0,10.2,0.0,0.0,0.0,84.8
1747228684460,4.9,0.0,9.9,0.0,0.0,0.1,85.1
1747228686472,5.1,0.0,9.9,0.0,0.0,0.0,84.9
1747228688484,5.6,0.0,9.8,0.0,0.0,0.1,84.5
1747228690496,5.6,0.0,9.9,0.0,0.0,0.2,84.3
1747228692507,5.2,0.0,10.3,0.0,0.0,0.1,84.4
1747228694519,5.4,0.0,10.1,0.0,0.0,0.1,84.4
1747228696529,6.5,0.0,11.0,0.0,0.0,0.1,82.4
1747228698538,6.0,0.0,9.7,0.0,0.0,0.1,84.2
1747228700548,5.3,0.0,9.2,0.0,0.0,0.1,85.3
1747228702558,5.1,0.0,9.1,0.0,0.0,0.1,85.7
1747228704568,5.0,0.0,9.4,0.0,0.0,0.1,85.6
1747228706581,4.9,0.0,9.4,0.0,0.0,0.1,85.6
1747228708594,4.7,0.0,9.3,0.0,0.0,0.1,85.9
1747228710603,4.8,0.0,9.5,0.0,0.0,0.1,85.6
1747228712611,5.5,0.0,8.8,0.0,0.0,0.1,85.5
1747228714620,5.7,0.0,9.7,0.0,0.0,0.3,84.3
1747228716632,4.7,0.0,10.2,0.0,0.0,0.2,84.8
1747228718644,5.5,0.0,9.7,0.0,0.0,0.0,84.8
1747228720656,5.5,0.0,9.4,0.0,0.0,0.1,84.9
1747228722668,5.4,0.0,9.8,0.0,0.0,0.1,84.7
1747228724680,5.5,0.0,10.7,0.0,0.0,0.3,83.6
1747228726690,5.9,0.0,11.1,0.0,0.0,0.3,82.8
1747228728701,5.4,0.0,10.0,0.0,0.0,0.1,84.5
1747228730713,5.7,0.0,9.9,0.0,0.0,0.2,84.2
1747228732724,5.7,0.0,9.6,0.0,0.0,0.0,84.6
1747228734735,5.8,0.0,9.6,0.0,0.0,0.3,84.3
1747228736746,5.9,0.0,9.8,0.0,0.0,0.2,84.1
1747228738756,5.0,0.0,11.6,0.0,0.0,0.2,83.2
1747228740767,5.3,0.0,10.2,0.0,0.0,0.1,84.4
1747228742778,5.2,0.0,10.9,0.0,0.0,0.1,83.8
1747228744789,5.6,0.0,10.8,0.0,0.0,0.2,83.5
1747228746801,5.7,0.0,10.4,0.0,0.0,0.1,83.9
1747228748810,5.2,0.0,10.6,0.0,0.0,0.2,84.0
1747228750820,6.5,0.0,10.6,0.0,0.0,0.2,82.8
1747228752832,6.3,0.0,10.4,0.0,0.0,0.2,83.1
1747228754842,6.2,0.0,10.0,0.0,0.0,0.1,83.7
1747228756852,5.9,0.0,9.8,0.0,0.0,0.0,84.2
1747228758863,5.4,0.0,9.9,0.0,0.0,0.1,84.6
1747228760874,5.9,0.0,9.8,0.0,0.0,0.3,84.0
1747228762884,5.4,0.0,10.4,0.0,0.0,0.1,84.1
1747228764895,5.3,0.0,10.1,0.0,0.0,0.2,84.4
1747228766905,6.0,0.0,9.4,0.0,0.0,0.0,84.6
1747228768916,5.6,0.0,11.4,0.0,0.0,0.0,82.9
1747228770926,5.8,0.0,9.8,0.0,0.0,0.3,84.1
1747228772938,5.4,0.0,9.6,0.0,0.0,0.2,84.8
1747228774948,5.3,0.0,10.5,0.0,0.0,0.2,84.0
1747228776958,6.4,0.0,9.8,0.0,0.0,0.2,83.7
1747228778967,5.7,0.0,10.0,0.0,0.0,0.1,84.2
1747228780980,5.5,0.0,10.6,0.0,0.0,0.3,83.6
1747228782993,5.6,0.0,10.2,0.0,0.0,0.1,84.1
1747228785002,6.2,0.0,8.8,0.0,0.0,0.2,84.8
1747228787011,5.4,0.0,8.9,0.0,0.0,0.1,85.6
1747228789022,5.0,0.0,10.1,0.0,0.0,0.1,84.8
1747228791035,5.4,0.0,10.5,0.0,0.0,0.2,83.8
1747228793047,6.1,0.0,10.4,0.0,0.0,0.3,83.1
1747228795059,6.4,0.0,9.8,0.0,0.0,0.1,83.6
1747228797070,5.1,0.0,10.5,0.0,0.0,0.4,84.0
1747228799081,5.4,0.0,10.1,0.0,0.0,0.0,84.5
1747228801091,5.9,0.0,10.0,0.0,0.0,0.1,83.9
1747228803103,5.5,0.0,11.3,0.0,0.0,0.2,83.0
1747228805112,6.2,0.0,11.1,0.0,0.0,0.0,82.7
1747228807123,6.3,0.0,11.7,0.0,0.0,0.1,81.9
1747228809135,5.9,0.0,11.1,0.0,0.0,0.0,83.0
1747228811147,8.8,0.0,12.1,0.0,0.0,0.0,79.1
1747228813158,8.1,0.0,12.5,0.0,0.0,0.2,79.2
1747228815169,7.8,0.0,12.5,0.0,0.0,0.2,79.5
1747228817181,8.4,0.0,13.0,0.0,0.0,0.1,78.5
1747228819192,0.0,0.0,0.0,0.0,0.0,0.0,0.0
1747228821204,7.9,0.0,11.7,0.0,0.0,0.1,80.3
1747228823215,7.7,0.0,12.1,0.0,0.0,0.1,80.1
1747228825227,8.0,0.0,12.6,0.0,0.0,0.3,79.1
1747228827239,0.0,0.0,0.0,0.0,0.0,0.0,0.0
1747228829250,7.6,0.0,11.6,0.0,0.0,0.1,80.8
1747228831261,8.0,0.0,11.1,0.0,0.0,0.1,80.8
1747228833272,7.5,0.0,11.7,0.0,0.0,0.2,80.5
1747228835283,0.1,0.0,0.2,0.0,0.0,0.0,99.7
1747228837293,6.1,0.0,9.0,0.0,0.0,0.2,84.8
1747228839302,5.3,0.0,9.7,0.0,0.0,0.2,84.7
1747228841310,4.8,0.0,10.2,0.0,0.0,0.0,85.0
1747228843318,5.4,0.0,9.1,0.0,0.0,0.2,85.4
1747228845326,5.5,0.0,9.6,0.0,0.0,0.2,84.6
1747228847338,5.1,0.0,10.1,0.0,0.0,0.1,84.6
1747228849346,5.8,0.0,9.1,0.0,0.0,0.2,84.9
1747228851356,5.3,0.0,10.6,0.0,0.0,0.1,84.1
1747228853368,5.9,0.0,9.8,0.0,0.0,0.1,84.1
1747228855378,6.0,0.0,10.9,0.0,0.0,0.2,82.9
1747228857392,5.2,0.0,10.2,0.0,0.0,0.0,84.6
1747228859403,6.2,0.0,10.2,0.0,0.0,0.1,83.5
1747228861412,9.1,0.0,12.5,0.0,0.0,0.2,78.2
1747228863422,8.2,0.0,13.4,0.0,0.0,0.0,78.4
1747228865434,7.8,0.0,13.5,0.0,0.0,0.4,78.3
1747228867446,8.2,0.0,12.9,0.0,0.0,0.1,78.7
1747228869457,0.0,0.0,0.0,0.0,0.0,0.0,0.0
1747228871468,8.5,0.0,11.8,0.0,0.0,0.1,79.7
1747228873480,8.2,0.0,11.9,0.0,0.0,0.1,79.8
1747228875492,7.9,0.0,12.3,0.0,0.0,0.1,79.6
1747228877504,0.0,0.0,0.0,0.0,0.0,0.0,0.0
1747228879515,7.8,0.0,11.7,0.0,0.0,0.1,80.3
1747228881526,7.2,0.0,12.4,0.0,0.0,0.3,80.1
1747228883537,7.3,0.0,11.6,0.0,0.0,0.2,81.0
1747228885548,7.8,0.0,11.4,0.0,0.0,0.2,80.6
1747228887559,5.3,0.0,9.3,0.0,0.0,0.2,85.3
1747228889569,5.3,0.0,9.3,0.0,0.0,0.2,85.2
1747228891578,5.7,0.0,9.2,0.0,0.0,0.2,85.0
1747228893589,5.7,0.0,9.6,0.0,0.0,0.2,84.5
1747228895600,5.1,0.0,10.1,0.0,0.0,0.2,84.6
1747228897611,5.3,0.0,10.0,0.0,0.0,0.3,84.3
1747228899622,6.0,0.0,10.2,0.0,0.0,0.0,83.8
1747228901633,5.1,0.0,11.1,0.0,0.0,0.0,83.8
1747228903644,8.5,0.0,11.0,0.0,0.0,0.1,80.4
1747228905655,7.9,0.0,12.3,0.0,0.0,0.1,79.7
1747228907667,7.5,0.0,12.4,0.0,0.0,0.2,79.9
1747228909680,8.1,0.0,12.4,0.0,0.0,0.1,79.4
1747228911693,0.0,0.0,0.0,0.0,0.0,0.0,0.0
1747228913712,7.3,0.0,11.6,0.0,0.0,0.1,81.0
1747228915725,7.5,0.0,11.6,0.0,0.0,0.2,80.7
1747228917740,7.1,0.0,11.9,0.0,0.0,0.1,80.9
1747228919754,0.2,0.0,0.3,0.0,0.0,0.0,99.5
1747228921767,5.6,0.0,9.0,0.0,0.0,0.0,85.3
1747228923777,5.7,0.0,9.3,0.0,0.0,0.1,84.9
1747228925788,5.2,0.0,9.6,0.0,0.0,0.0,85.1
1747228927798,0.1,0.0,0.2,0.0,0.0,0.0,99.7
1747228929809,5.7,0.0,10.0,0.0,0.0,0.2,84.1
1747228931819,5.9,0.0,10.0,0.0,0.0,0.0,84.2
1747228933830,5.7,0.0,10.0,0.0,0.0,0.1,84.3
1747228935840,4.9,0.0,10.9,0.0,0.0,0.2,84.0
1747228937851,5.8,0.0,10.2,0.0,0.0,0.0,84.0
1747228939862,5.6,0.0,10.4,3.0,0.0,0.1,80.9
1747228941873,5.5,0.0,10.6,0.0,0.0,0.0,83.9
1747228943884,6.3,0.0,9.5,0.0,0.0,0.2,84.0
1747228945894,5.3,0.0,10.2,1.3,0.0,0.2,83.0
1747228947906,5.8,0.0,10.2,0.7,0.0,0.1,83.2
1747228949917,5.3,0.0,10.2,0.0,0.0,0.0,84.5
1747228951928,5.9,0.0,10.1,0.0,0.0,0.1,83.9
1747228953941,5.7,0.0,10.4,0.0,0.0,0.2,83.8
1747228955952,5.6,0.0,11.0,0.0,0.0,0.2,83.3
1747228957963,6.5,0.0,11.4,0.0,0.0,0.1,81.9
1747228959973,5.7,0.0,9.5,0.0,0.0,0.1,84.7
1747228961984,5.5,0.0,9.8,0.0,0.0,0.2,84.6
1747228963993,5.2,0.0,10.1,0.0,0.0,0.2,84.5
1747228966005,5.9,0.0,9.4,0.0,0.0,0.2,84.4
1747228968015,5.6,0.0,9.9,0.0,0.0,0.1,84.4
1747228970025,5.8,0.0,9.6,0.0,0.0,0.2,84.4
1747228972036,5.6,0.0,10.1,0.0,0.0,0.2,84.0
1747228974047,5.7,0.0,10.1,0.0,0.0,0.1,84.2
1747228976059,6.3,0.0,9.6,0.0,0.0,0.2,83.9
1747228978070,5.6,0.0,9.6,0.0,0.0,0.1,84.6
1747228980081,5.2,0.0,10.5,0.0,0.0,0.2,84.1
1747228982093,5.9,0.0,10.0,0.0,0.0,0.1,84.0
1747228984104,6.2,0.0,10.4,0.0,0.0,0.2,83.1
1747228986115,6.1,0.0,10.0,0.0,0.0,0.2,83.7
1747228988125,5.9,0.0,10.6,0.0,0.0,0.1,83.4
1747228990137,5.9,0.0,9.6,0.0,0.0,0.1,84.4
1747228992148,5.6,0.0,10.2,0.0,0.0,0.1,84.1
1747228994157,5.7,0.0,10.3,0.0,0.0,0.1,83.8
1747228996165,4.7,0.0,10.4,0.0,0.0,0.1,84.7
1747228998175,5.1,0.0,10.4,0.0,0.0,0.1,84.4
1747229000194,5.3,0.0,10.1,0.0,0.0,0.2,84.4
1747229002211,5.2,0.0,9.4,0.0,0.0,0.1,85.3
1747229004222,5.5,0.0,9.4,0.0,0.0,0.1,85.0
1747229006240,5.4,0.0,9.7,0.0,0.0,0.2,84.7
1747229008251,5.9,0.0,10.0,0.0,0.0,0.2,83.9
1747229010263,6.2,0.0,10.6,0.0,0.0,0.2,82.9
1747229012275,7.1,0.0,11.9,0.0,0.0,0.2,80.8
1747229014288,5.5,0.0,10.4,0.0,0.0,0.1,84.0
1747229016300,5.6,0.0,10.9,0.0,0.0,0.2,83.4
1747229018311,5.8,0.0,9.9,0.0,0.0,0.1,84.3
1747229020323,6.1,0.0,9.7,0.0,0.0,0.2,84.0
1747229022336,5.3,0.0,10.2,0.0,0.0,0.1,84.4
1747229024348,5.6,0.0,10.8,0.0,0.0,0.0,83.6
1747229026361,5.5,0.0,10.8,0.0,0.0,0.1,83.7
1747229028372,6.0,0.0,9.4,0.0,0.0,0.1,84.5
1747229030384,5.6,0.0,9.8,0.0,0.0,0.2,84.4
1747229032395,5.8,0.0,10.2,0.0,0.0,0.0,84.0
1747229034407,5.5,0.0,10.0,0.0,0.0,0.1,84.4
1747229036419,6.1,0.0,9.8,0.0,0.0,0.1,84.0
1747229038430,5.6,0.0,10.2,0.0,0.0,0.1,84.1
1747229040443,7.0,0.0,11.3,0.0,0.0,0.1,81.5
1747229042455,6.4,0.0,10.7,0.0,0.0,0.1,82.8
1747229044466,5.5,0.0,9.8,0.0,0.0,0.1,84.7
1747229046477,5.8,0.0,10.1,0.0,0.0,0.2,83.8
1747229048488,5.5,0.0,10.9,0.0,0.0,0.4,83.2
1747229050500,5.8,0.0,10.2,0.0,0.0,0.2,83.8
1747229052510,5.7,0.0,10.1,0.0,0.0,0.1,84.1
1747229054522,6.0,0.0,9.6,0.0,0.0,0.1,84.3
1747229056533,5.9,0.0,10.9,0.0,0.0,0.1,83.0
1747229058543,6.1,0.0,10.1,0.0,0.0,0.1,83.7
1747229060554,5.3,0.0,10.7,0.0,0.0,0.3,83.7
1747229062564,6.3,0.0,9.9,0.0,0.0,0.1,83.7
1747229064575,5.7,0.0,11.4,0.0,0.0,0.2,82.7
1747229066586,6.6,0.0,10.5,0.0,0.0,0.1,82.8
1747229068595,6.7,0.0,10.4,0.0,0.0,0.2,82.8
1747229070605,5.6,0.0,9.9,0.0,0.0,0.4,84.1
1747229072615,5.5,0.0,10.6,0.0,0.0,0.1,83.8
1747229074623,5.2,0.0,10.5,0.0,0.0,0.1,84.2
1747229076637,5.2,0.0,9.7,0.0,0.0,0.1,85.0
1747229078654,5.2,0.0,10.0,0.0,0.0,0.1,84.7
1747229080664,5.2,0.0,10.5,0.0,0.0,0.3,84.0
1747229082673,5.7,0.0,9.9,0.0,0.0,0.1,84.3
1747229084685,5.4,0.0,10.1,0.0,0.0,0.2,84.3
1747229086695,5.6,0.0,10.3,0.0,0.0,0.0,84.1
1747229088706,6.0,0.0,11.1,0.0,0.0,0.2,82.7
1747229090716,6.2,0.0,11.5,0.0,0.0,0.3,82.0
1747229092727,6.2,0.0,10.6,0.0,0.0,0.0,83.2
1747229094739,6.3,0.0,10.4,0.0,0.0,0.0,83.3
1747229096750,6.4,0.0,10.6,0.0,0.0,0.2,82.8
1747229098761,5.5,0.0,10.3,0.0,0.0,0.1,84.2
1747229100770,5.3,0.0,10.7,0.0,0.0,0.2,83.8
1747229102781,5.7,0.0,10.4,0.0,0.0,0.0,83.9
1747229104792,5.8,0.0,10.7,0.0,0.0,0.1,83.5
1747229106804,5.4,0.0,11.1,0.0,0.0,0.1,83.4
1747229108815,5.6,0.0,11.1,0.0,0.0,0.0,83.3
1747229110825,5.4,0.0,11.2,0.0,0.0,0.1,83.2
1747229112836,6.1,0.0,10.3,0.0,0.0,0.1,83.5
1747229114848,7.2,0.0,11.2,0.0,0.0,0.1,81.6
1747229116859,7.2,0.0,10.8,0.0,0.0,0.1,82.0
1747229118870,5.7,0.0,9.9,0.0,0.0,0.0,84.4
1747229120881,6.1,0.0,10.8,0.0,0.0,0.2,83.0
1747229122892,6.2,0.0,10.0,0.0,0.0,0.1,83.7
1747229124902,6.0,0.0,9.8,0.0,0.0,0.2,84.1
1747229126911,5.6,0.0,10.2,0.0,0.0,0.2,83.9
1747229128921,5.8,0.0,10.4,0.0,0.0,0.0,83.7
1747229130931,6.4,0.0,10.4,0.0,0.0,0.2,83.0
1747229132942,5.6,0.0,10.4,0.0,0.0,0.0,83.9
1747229134953,5.8,0.0,11.1,0.0,0.0,0.0,83.0
1747229136964,5.7,0.0,11.1,0.0,0.0,0.1,83.2
1747229138974,7.2,0.0,11.5,0.0,0.0,0.1,81.2
1747229140992,6.2,0.0,11.3,0.0,0.0,0.1,82.3
1747229143007,5.8,0.0,10.2,0.0,0.0,0.1,83.9
1747229145020,5.4,0.0,10.4,0.0,0.0,0.1,84.2
1747229147031,6.1,0.0,10.0,0.0,0.0,0.0,83.9
1747229149042,5.3,0.0,10.2,0.0,0.0,0.1,84.3
1747229151054,5.3,0.0,9.9,0.0,0.0,0.4,84.4
1747229153063,5.6,0.0,10.5,0.0,0.0,0.2,83.7
1747229155074,5.5,0.0,9.5,0.0,0.0,0.3,84.7
1747229157086,8.8,0.0,13.8,0.0,0.0,0.1,77.3
1747229159098,8.4,0.0,13.3,0.0,0.0,0.0,78.3
1747229161110,8.8,0.0,12.7,0.0,0.0,0.2,78.4
1747229163122,0.0,0.0,0.0,0.0,0.0,0.0,0.0
1747229165134,8.2,0.0,12.7,0.0,0.0,0.2,78.9
1747229167145,7.9,0.0,12.4,0.0,0.0,0.1,79.6
1747229169157,8.1,0.0,12.2,0.0,0.0,0.0,79.6
1747229171168,8.3,0.0,12.5,0.0,0.0,0.2,79.1
1747229173180,8.1,0.0,11.3,0.0,0.0,0.2,80.4
1747229175191,8.0,0.0,11.9,0.0,0.0,0.1,80.0
1747229177202,7.8,0.0,11.7,0.0,0.0,0.1,80.4
1747229179214,8.0,0.0,12.8,0.0,0.0,0.0,79.1
1747229181225,6.7,0.0,9.0,0.0,0.0,0.3,84.0
1747229183234,5.4,0.0,9.3,0.0,0.0,0.1,85.1
1747229185245,6.4,0.0,9.0,0.0,0.0,0.1,84.4
1747229187256,5.7,0.0,10.4,0.0,0.0,0.1,83.8
1747229189267,0.2,0.0,0.3,0.0,0.0,0.0,99.5
1747229191277,6.1,0.0,10.0,0.0,0.0,0.2,83.7
1747229193289,5.9,0.0,11.0,0.0,0.0,0.4,82.7
1747229195300,6.0,0.0,10.5,0.0,0.0,0.3,83.2
1747229197310,0.1,0.0,0.2,0.0,0.0,0.0,99.6
1747229199321,6.3,0.0,10.9,0.0,0.0,0.1,82.7
1747229201330,5.9,0.0,10.6,0.0,0.0,0.2,83.3
1747229203339,6.0,0.0,10.9,0.0,0.0,0.2,82.9
1747229205349,0.2,0.0,0.3,0.0,0.0,0.0,99.5
1747229207357,5.7,0.0,11.7,0.0,0.0,0.1,82.4
1747229209368,5.7,0.0,11.2,0.0,0.0,0.2,83.0
1747229211378,5.9,0.0,10.9,0.0,0.0,0.3,82.9
1747229213388,7.0,0.0,10.7,0.0,0.0,0.1,82.1
1747229215401,6.3,0.0,10.4,0.0,0.0,0.1,83.2
1747229217409,6.0,0.0,10.7,0.0,0.0,0.1,83.1
1747229219418,6.8,0.0,10.5,0.0,0.0,0.1,82.6
1747229221429,7.8,0.0,10.1,0.0,0.0,0.2,82.0
1747229223440,6.3,0.0,11.2,0.0,0.0,0.2,82.2
1747229225452,6.8,0.0,11.1,0.0,0.0,0.1,82.0
1747229227463,6.7,0.0,10.4,0.0,0.0,0.1,82.8
1747229229474,7.4,0.0,11.0,0.0,0.0,0.1,81.5
1747229231485,6.1,0.0,11.8,0.0,0.0,0.2,81.9
1747229233494,6.5,0.0,11.5,0.0,0.0,0.1,81.9
1747229235503,6.6,0.0,10.8,0.0,0.0,0.2,82.4
1747229237512,7.0,0.0,11.1,0.0,0.0,0.2,81.7
1747229239524,6.0,0.0,11.0,0.0,0.0,0.2,82.8
1747229241535,6.3,0.0,11.6,0.0,0.0,0.2,81.9
1747229243546,7.3,0.0,10.4,0.0,0.0,0.2,82.2
1747229245555,8.0,0.0,12.0,0.0,0.0,0.1,79.9
1747229247563,6.8,0.0,10.3,0.0,0.0,0.2,82.7
1747229249572,6.7,0.0,10.6,0.0,0.0,0.1,82.6
1747229251582,5.8,0.0,10.7,0.0,0.0,0.1,83.4
1747229253592,6.5,0.0,11.7,0.0,0.0,0.3,81.5
1747229255603,6.1,0.0,10.8,0.0,0.0,0.1,83.0
1747229257613,5.7,0.0,11.4,0.0,0.0,0.1,82.7
1747229259624,5.9,0.0,11.3,0.0,0.0,0.0,82.8
1747229261634,6.8,0.0,11.2,0.0,0.0,0.3,81.6
1747229263644,5.7,0.0,12.0,0.0,0.0,0.1,82.2
1747229265654,6.4,0.0,11.5,0.0,0.0,0.3,81.8
1747229267664,6.6,0.0,12.5,0.0,0.0,0.3,80.7
1747229269674,0.0,0.0,0.0,0.0,0.0,0.0,0.0
1747229271685,9.2,0.0,12.8,0.0,0.0,0.2,77.8
1747229273705,8.5,0.0,12.2,0.0,0.0,0.1,79.1
1747229275736,8.4,0.0,13.7,0.0,0.0,0.2,77.8
1747229277753,9.0,0.0,13.4,0.0,0.0,0.0,77.5
1747229279770,7.9,0.0,11.5,0.0,0.0,0.0,80.6
1747229281782,8.5,0.0,13.0,0.0,0.0,0.1,78.5
1747229283794,8.1,0.0,13.2,0.0,0.0,0.2,78.5
1747229285807,8.5,0.0,14.5,0.0,0.0,0.2,76.8
1747229287821,8.1,0.0,12.3,0.0,0.0,0.1,79.4
1747229289837,8.4,0.0,12.2,0.0,0.0,0.0,79.3
1747229291850,8.4,0.0,12.8,0.0,0.0,0.1,78.7
1747229293863,9.1,0.0,13.4,0.0,0.0,0.1,77.3
1747229295876,0.1,0.0,0.1,0.0,0.0,0.0,99.8
1747229297888,6.0,0.0,9.8,0.0,0.0,0.1,84.0
1747229299899,5.9,0.0,10.0,0.0,0.0,0.1,83.9
1747229301911,6.0,0.0,10.2,0.0,0.0,0.0,83.8
1747229303922,0.1,0.0,0.2,0.0,0.0,0.0,99.7
1747229305931,6.6,0.0,10.8,0.0,0.0,0.2,82.3
1747229307944,6.4,0.0,11.4,0.0,0.0,0.2,82.0
1747229309956,6.2,0.0,12.2,0.0,0.0,0.2,81.4
1747229311967,7.2,0.0,11.7,0.0,0.0,0.0,81.1
1747229313976,6.1,0.0,11.3,0.0,0.0,0.2,82.4
1747229315986,7.1,0.0,11.2,0.0,0.0,0.2,81.5
1747229317997,6.3,0.0,10.9,0.0,0.0,0.2,82.6
1747229320008,7.9,0.0,11.0,0.0,0.0,0.1,81.0
1747229322019,6.3,0.0,10.1,0.0,0.0,0.0,83.6
1747229324030,6.1,0.0,10.2,0.0,0.0,0.2,83.5
1747229326041,5.6,0.0,11.0,0.0,0.0,0.1,83.3
1747229328052,7.0,0.0,10.8,0.0,0.0,0.1,82.0
1747229330062,6.1,0.0,11.0,0.0,0.0,0.1,82.8
1747229332073,5.8,0.0,11.1,0.0,0.0,0.2,82.9
1747229334084,6.3,0.0,10.5,0.0,0.0,0.2,83.0
1747229336095,6.9,0.0,11.4,0.0,0.0,0.1,81.6
1747229338106,6.2,0.0,10.8,0.0,0.0,0.1,82.9
1747229340116,6.0,0.0,11.7,0.0,0.0,0.0,82.2
1747229342126,6.1,0.0,12.3,0.0,0.0,0.0,81.6
1747229344136,7.5,0.0,11.5,0.0,0.0,0.2,80.8
1747229346147,6.4,0.0,11.0,0.0,0.0,0.1,82.5
1747229348156,6.2,0.0,11.6,0.0,0.0,0.1,82.2
1747229350165,5.1,0.0,12.1,0.0,0.0,0.2,82.5
1747229352182,5.8,0.0,10.5,0.0,0.0,0.0,83.7
1747229354276,8.1,0.0,11.3,0.0,0.0,0.1,80.6
1747229356350,8.1,0.0,13.0,0.0,0.0,0.2,78.7
1747229358364,9.2,0.0,12.6,0.0,0.0,0.2,78.0
1747229360376,9.2,0.0,13.9,0.0,0.0,0.1,76.8
1747229362388,0.0,0.0,0.0,0.0,0.0,0.0,0.0
1747229364401,8.6,0.0,12.1,0.0,0.0,0.0,79.3
1747229366421,8.1,0.0,11.9,0.0,0.0,0.1,80.0
1747229368434,8.3,0.0,11.7,0.0,0.0,0.1,79.8
1747229370448,0.2,0.0,0.3,0.0,0.0,0.0,99.5
1747229372460,6.3,0.0,9.2,0.0,0.0,0.2,84.2
1747229374471,5.5,0.0,10.2,0.0,0.0,0.1,84.2
1747229376482,6.4,0.0,9.2,0.0,0.0,0.1,84.2
1747229378493,0.1,0.0,0.2,0.0,0.0,0.0,99.7
1747229380505,6.3,0.0,10.2,0.0,0.0,0.0,83.5
1747229382516,6.2,0.0,11.0,0.0,0.0,0.1,82.7
1747229384527,6.0,0.0,10.7,0.0,0.0,0.1,83.1
1747229386539,7.2,0.0,10.8,0.0,0.0,0.1,81.9
1747229388551,6.6,0.0,10.4,0.0,0.0,0.1,82.8
1747229390561,6.4,0.0,11.0,0.0,0.0,0.1,82.5
1747229392572,6.3,0.0,10.8,0.0,0.0,0.0,82.8
1747229394583,6.2,0.0,12.0,0.0,0.0,0.1,81.7
1747229396594,6.8,0.0,9.9,0.0,0.0,0.0,83.3
1747229398603,6.5,0.0,10.6,0.0,0.0,0.2,82.7
1747229400614,6.3,0.0,11.2,0.0,0.0,0.2,82.3
1747229402626,6.8,0.0,10.8,0.0,0.0,0.1,82.3
1747229404637,6.4,0.0,11.6,0.0,0.0,0.1,81.8
1747229406648,6.5,0.0,11.7,0.0,0.0,0.0,81.7
1747229408658,6.5,0.0,11.6,0.0,0.0,0.1,81.9
1747229410669,6.9,0.0,11.9,0.0,0.0,0.1,81.1
1747229412679,6.2,0.0,12.1,0.0,0.0,0.2,81.5
1747229414689,6.7,0.0,11.4,0.0,0.0,0.2,81.8
1747229416700,6.0,0.0,11.7,0.0,0.0,0.2,82.1
1747229418711,6.7,0.0,11.8,0.0,0.0,0.1,81.4
1747229420721,6.7,0.0,12.2,0.0,0.0,0.2,80.8
1747229422731,6.8,0.0,11.9,0.0,0.0,0.1,81.2
1747229424740,5.7,0.0,12.2,0.0,0.0,0.2,81.9
1747229426753,5.4,0.0,11.9,0.0,0.0,0.1,82.5
1747229428763,5.9,0.0,12.9,0.0,0.0,0.2,81.0
1747229430772,6.3,0.0,12.0,0.0,0.0,0.1,81.5
1747229432781,6.0,0.0,10.8,0.0,0.0,0.0,83.1
1747229434789,6.2,0.0,10.6,0.0,0.0,0.1,83.1
1747229436797,6.6,0.0,10.1,0.0,0.0,0.0,83.2
1747229438808,5.4,0.0,11.4,0.0,0.0,0.0,83.2
1747229440820,6.0,0.0,10.6,0.0,0.0,0.1,83.3
1747229442833,6.1,0.0,11.1,0.0,0.0,0.1,82.7
1747229444844,9.6,0.0,13.9,0.0,0.0,0.1,76.4
1747229446854,9.4,0.0,13.8,0.0,0.0,0.0,76.8
1747229448864,8.9,0.0,13.6,0.0,0.0,0.1,77.3
1747229450874,8.7,0.0,15.4,0.0,0.0,0.2,75.8
1747229452885,9.9,0.0,12.9,0.0,0.0,0.1,77.1
1747229454895,8.8,0.0,13.8,0.0,0.0,0.2,77.2
1747229456906,8.7,0.0,13.8,0.0,0.0,0.1,77.3
1747229458917,9.4,0.0,13.1,0.0,0.0,0.0,77.4
1747229460928,0.0,0.0,0.0,0.0,0.0,0.0,0.0
1747229462938,8.5,0.0,13.3,0.0,0.0,0.0,78.1
1747229464951,9.7,0.0,12.4,0.0,0.0,0.1,77.9
1747229466962,8.5,0.0,12.7,0.0,0.0,0.0,78.8
1747229468973,0.0,0.0,0.0,0.0,0.0,0.0,100.0
1747229470983,6.2,0.0,9.9,0.0,0.0,0.2,83.7
1747229472993,6.0,0.0,9.8,0.0,0.0,0.0,84.2
1747229475003,6.2,0.0,10.0,0.0,0.0,0.0,83.7
1747229477013,6.0,0.0,9.8,0.0,0.0,0.1,84.2
1747229479024,5.9,0.0,10.7,0.0,0.0,0.1,83.3
1747229481033,5.9,0.0,10.4,0.0,0.0,0.2,83.5
1747229483041,5.9,0.0,10.4,0.0,0.0,0.0,83.6
1747229485052,6.4,0.0,10.6,0.0,0.0,0.0,83.0
1747229487062,6.6,0.0,11.6,0.0,0.0,0.0,81.8
1747229489070,7.2,0.0,11.4,0.0,0.0,0.1,81.3
1747229491079,6.2,0.0,11.2,0.0,0.0,0.2,82.4
1747229493089,6.7,0.0,11.6,0.0,0.0,0.0,81.6
1747229495100,6.6,0.0,11.3,0.0,0.0,0.0,82.0
1747229497111,6.4,0.0,11.7,0.0,0.0,0.1,81.9
1747229499125,6.3,0.0,11.8,0.0,0.0,0.1,81.9
1747229501140,6.6,0.0,12.5,0.0,0.0,0.2,80.7
1747229503150,7.0,0.0,11.8,0.0,0.0,0.1,81.1
1747229505160,7.2,0.0,12.2,0.0,0.0,0.0,80.6
1747229507170,6.4,0.0,12.0,0.0,0.0,0.1,81.5
1747229509180,7.5,0.0,12.2,0.0,0.0,0.1,80.2
1747229511190,6.6,0.0,12.7,0.0,0.0,0.1,80.5
1747229513201,6.8,0.0,13.0,0.0,0.0,0.1,80.1
1747229515213,7.5,0.0,12.6,0.0,0.0,0.1,79.7
1747229517224,7.3,0.0,12.3,0.0,0.0,0.1,80.3
1747229519235,7.4,0.0,11.6,0.0,0.0,0.2,80.9
1747229521246,7.2,0.0,11.7,0.0,0.0,0.2,81.0
1747229523257,6.4,0.0,11.9,0.0,0.0,0.1,81.5
1747229525268,7.0,0.0,12.5,0.0,0.0,0.3,80.2
1747229527279,6.6,0.0,12.8,0.0,0.0,0.0,80.6
1747229529290,6.4,0.0,13.3,0.0,0.0,0.1,80.2
1747229531300,6.7,0.0,12.6,0.0,0.0,0.1,80.6
1747229533311,6.7,0.0,13.0,0.0,0.0,0.0,80.3
1747229535322,6.4,0.0,11.9,0.0,0.0,0.2,81.5
1747229537332,6.6,0.0,12.4,0.0,0.0,0.0,80.9
1747229539344,7.1,0.0,12.3,0.0,0.0,0.1,80.5
1747229541354,7.7,0.0,12.4,0.0,0.0,0.2,79.7
1747229543364,7.2,0.0,11.4,0.0,0.0,0.1,81.2
1747229545372,7.5,0.0,11.4,0.0,0.0,0.1,81.0
1747229547380,6.7,0.0,11.6,0.0,0.0,0.0,81.8
1747229549389,6.3,0.0,11.6,0.0,0.0,0.1,82.1
1747229551401,6.3,0.0,12.0,0.0,0.0,0.2,81.6
1747229553410,6.1,0.0,12.1,0.0,0.0,0.1,81.7
1747229555420,5.8,0.0,12.4,0.0,0.0,0.2,81.6
1747229557428,6.5,0.0,11.8,0.0,0.0,0.0,81.6
1747229559437,6.5,0.0,11.3,0.0,0.0,0.0,82.2
1747229561448,5.9,0.0,13.2,0.0,0.0,0.2,80.8
1747229563459,5.9,0.0,10.7,0.0,0.0,0.1,83.2
1747229565490,6.4,0.0,11.3,0.0,0.0,0.2,82.2
1747229567501,7.0,0.0,11.9,0.0,0.0,0.0,81.1
1747229569517,6.3,0.0,9.9,0.0,0.0,0.0,83.7
1747229571526,6.6,0.0,10.6,0.0,0.0,0.2,82.6
1747229573535,6.5,0.0,10.9,0.0,0.0,0.1,82.5
1747229575548,6.3,0.0,11.4,0.0,0.0,0.1,82.1
1747229577559,6.1,0.0,11.3,0.0,0.0,0.0,82.5
1747229579570,6.2,0.0,11.0,0.0,0.0,0.1,82.7
1747229581580,6.6,0.0,11.3,0.0,0.0,0.1,81.9
1747229583590,6.0,0.0,11.7,0.0,0.0,0.2,82.1
1747229585599,6.2,0.0,12.0,0.0,0.0,0.1,81.8
1747229587608,6.8,0.0,11.9,0.0,0.0,0.0,81.2
1747229589617,6.6,0.0,11.4,0.0,0.0,0.1,81.9
1747229591631,7.1,0.0,10.9,0.0,0.0,0.2,81.8
1747229593642,6.6,0.0,11.1,0.0,0.0,0.2,82.0
1747229595653,6.7,0.0,12.5,0.0,0.0,0.2,80.7
1747229597667,6.5,0.0,11.4,0.0,0.0,0.1,81.9
1747229599679,9.0,0.0,14.3,0.0,0.0,0.1,76.7
1747229601689,9.6,0.0,15.1,0.0,0.0,0.1,75.2
1747229603700,9.5,0.0,14.3,0.0,0.0,0.1,76.1
1747229605713,10.1,0.0,14.9,0.0,0.0,0.1,74.9
1747229607726,8.5,0.0,11.4,0.0,0.0,0.1,80.0
1747229609735,9.4,0.0,14.1,0.0,0.0,0.1,76.4
1747229611746,9.9,0.0,13.7,0.0,0.0,0.1,76.3
1747229613758,9.3,0.0,15.1,0.0,0.0,0.1,75.5
1747229615770,0.0,0.0,0.0,0.0,0.0,0.0,0.0
1747229617780,8.8,0.0,13.9,0.0,0.0,0.1,77.2
1747229619792,8.7,0.0,13.4,0.0,0.0,0.1,77.8
1747229621804,9.0,0.0,12.3,0.0,0.0,0.1,78.7
1747229623824,0.1,0.0,0.1,0.0,0.0,0.0,99.8
1747229625834,6.2,0.0,10.5,0.0,0.0,0.0,83.2
1747229627843,6.3,0.0,10.3,0.0,0.0,0.0,83.2
1747229629852,6.2,0.0,10.5,0.0,0.0,0.1,83.2
1747229631861,0.1,0.0,0.2,0.0,0.0,0.0,99.7
1747229633870,6.2,0.0,10.3,0.0,0.0,0.1,83.4
1747229635880,6.6,0.0,11.2,0.0,0.0,0.2,82.0
1747229637891,6.5,0.0,11.1,0.0,0.0,0.0,82.3
1747229639899,0.2,0.0,0.3,0.0,0.0,0.0,99.5
1747229641909,6.5,0.0,11.2,0.0,0.0,0.0,82.3
1747229643921,7.5,0.0,11.6,0.0,0.0,0.1,80.7
1747229645933,6.4,0.0,12.5,0.0,0.0,0.1,81.0
1747229647945,6.9,0.0,11.5,0.0,0.0,0.1,81.5
1747229649955,6.7,0.0,11.2,0.0,0.0,0.0,82.0
1747229651966,6.7,0.0,11.2,0.0,0.0,0.2,81.9
1747229653977,6.9,0.0,11.3,0.0,0.0,0.1,81.7
1747229655986,7.0,0.0,11.5,0.0,0.0,0.1,81.4
1747229657997,6.5,0.0,11.6,0.0,0.0,0.1,81.8
1747229660008,6.1,0.0,11.2,0.0,0.0,0.0,82.6
1747229662020,6.0,0.0,11.8,0.0,0.0,0.0,82.2
1747229664030,6.5,0.0,11.3,0.0,0.0,0.1,82.0
1747229666041,6.1,0.0,11.2,0.0,0.0,0.1,82.6
1747229668051,7.2,0.0,11.9,0.0,0.0,0.1,80.8
1747229670062,7.6,0.0,11.1,0.0,0.0,0.1,81.2
1747229672074,6.6,0.0,11.7,0.0,0.0,0.1,81.6
1747229674085,6.8,0.0,11.0,0.0,0.0,0.2,82.0
1747229676096,6.8,0.0,11.8,0.0,0.0,0.1,81.3
1747229678107,6.6,0.0,12.7,0.0,0.0,0.1,80.6
1747229680116,6.6,0.0,12.6,0.0,0.0,0.0,80.8
1747229682127,7.0,0.0,11.9,0.0,0.0,0.0,81.1
1747229684138,6.7,0.0,11.7,0.0,0.0,0.0,81.6
1747229686149,7.1,0.0,11.4,0.0,0.0,0.2,81.4
1747229688160,7.2,0.0,11.7,0.0,0.0,0.1,81.0
1747229690171,6.7,0.0,12.3,0.0,0.0,0.2,80.9
1747229692181,7.4,0.0,11.7,0.0,0.0,0.0,80.8
1747229694192,7.3,0.0,13.0,0.0,0.0,0.1,79.6
1747229696202,6.8,0.0,12.6,0.0,0.0,0.2,80.4
1747229698213,7.5,0.0,11.8,0.0,0.0,0.1,80.6
1747229700224,7.0,0.0,12.6,0.0,0.0,0.0,80.4
1747229702234,6.8,0.0,12.7,0.0,0.0,0.1,80.4
1747229704245,6.6,0.0,11.8,0.0,0.0,0.1,81.5
1747229706254,6.8,0.0,11.9,0.0,0.0,0.1,81.2
1747229708262,6.8,0.0,12.0,0.0,0.0,0.1,81.1
1747229710272,6.3,0.0,12.3,0.0,0.0,0.0,81.3
1747229712280,6.7,0.0,11.4,0.0,0.0,0.0,81.9
1747229714292,6.2,0.0,12.4,0.0,0.0,0.1,81.3
1747229716301,6.7,0.0,12.5,0.0,0.0,0.0,80.7
1747229718313,7.9,0.0,13.4,0.0,0.0,0.1,78.6
1747229720325,8.6,0.0,13.2,0.0,0.0,0.0,78.3
1747229722335,6.4,0.0,14.1,0.0,0.0,0.1,79.4
1747229724346,7.3,0.0,12.1,0.0,0.0,0.1,80.4
1747229726357,6.4,0.0,12.7,0.0,0.0,0.1,80.8
1747229728367,7.3,0.0,12.4,0.0,0.0,0.0,80.3
1747229730375,6.7,0.0,12.1,0.0,0.0,0.1,81.1
1747229732387,6.3,0.0,12.1,0.0,0.0,0.0,81.6
1747229734398,7.0,0.0,11.5,0.0,0.0,0.0,81.5
1747229736410,7.4,0.0,12.7,0.0,0.0,0.1,79.7
1747229738421,7.3,0.0,11.8,0.0,0.0,0.0,80.8
1747229740433,7.2,0.0,12.2,0.0,0.0,0.0,80.6
1747229742445,7.3,0.0,12.5,0.0,0.0,0.0,80.2
1747229744456,7.9,0.0,12.4,0.0,0.0,0.0,79.6
1747229746466,7.9,0.0,14.0,0.0,0.0,0.1,78.0
1747229748477,6.6,0.0,12.5,0.0,0.0,0.0,80.9
1747229750487,7.0,0.0,12.1,0.0,0.0,0.0,80.9
1747229752498,7.3,0.0,12.8,0.0,0.0,0.0,79.9
1747229754509,6.5,0.0,13.0,0.0,0.0,0.0,80.5
1747229756518,6.9,0.0,12.2,0.0,0.0,0.1,80.7
1747229758529,7.1,0.0,12.4,0.0,0.0,0.0,80.4
1747229760540,7.6,0.0,12.8,0.0,0.0,0.0,79.6
1747229762551,7.2,0.0,12.2,0.0,0.0,0.1,80.4
1747229764562,6.8,0.0,12.5,0.0,0.0,0.1,80.6
1747229766572,7.2,0.0,13.8,0.0,0.0,0.0,78.9
1747229768586,7.5,0.0,12.9,0.0,0.0,0.1,79.5
1747229770597,6.0,0.0,12.1,0.0,0.0,0.2,81.7
1747229772609,6.5,0.0,11.1,0.0,0.0,0.1,82.3
1747229774623,6.1,0.0,11.8,0.0,0.0,0.0,82.0
1747229776634,6.3,0.0,11.6,0.0,0.0,0.2,81.9
1747229778657,7.9,0.0,11.5,0.0,0.0,0.1,80.4
1747229780671,9.4,0.0,14.9,0.0,0.0,0.0,75.7
1747229782683,10.4,0.0,14.3,0.0,0.0,0.1,75.2
1747229784696,10.0,0.0,15.3,0.0,0.0,0.1,74.6
1747229786708,0.0,0.0,0.0,0.0,0.0,0.0,0.0
1747229788719,10.2,0.0,13.9,0.0,0.0,0.1,75.8
1747229790730,10.0,0.0,14.6,0.0,0.0,0.1,75.4
1747229792741,10.0,0.0,14.1,0.0,0.0,0.0,75.9
1747229794754,9.2,0.0,13.3,0.0,0.0,0.1,77.4
1747229796771,9.2,0.0,13.6,0.0,0.0,0.1,77.1
1747229798782,9.1,0.0,14.1,0.0,0.0,0.1,76.8
1747229800793,8.9,0.0,14.2,0.0,0.0,0.0,76.8
1747229802804,9.3,0.0,15.3,0.0,0.0,0.1,75.4
1747229804817,7.0,0.0,10.7,0.0,0.0,0.1,82.2
1747229806827,6.8,0.0,10.9,0.0,0.0,0.1,82.2
1747229808838,6.6,0.0,11.6,0.0,0.0,0.2,81.7
1747229810849,6.7,0.0,12.2,0.0,0.0,0.1,81.0
1747229812860,7.1,0.0,12.1,0.0,0.0,0.1,80.8
1747229814872,6.8,0.0,12.5,0.0,0.0,0.0,80.7
1747229816883,7.3,0.0,12.1,0.0,0.0,0.1,80.5
1747229818894,6.7,0.0,12.2,0.0,0.0,0.0,81.1
1747229820906,7.6,0.0,11.7,0.0,0.0,0.2,80.5
1747229822916,7.4,0.0,12.0,0.0,0.0,0.1,80.5
1747229824928,7.0,0.0,12.5,0.0,0.0,0.1,80.4
1747229826936,6.8,0.0,12.1,0.0,0.0,0.1,80.9
1747229828947,7.2,0.0,12.1,0.0,0.0,0.1,80.7
1747229830957,6.7,0.0,12.5,0.0,0.0,0.1,80.7
1747229832966,6.7,0.0,12.0,0.0,0.0,0.2,81.2
1747229834974,6.4,0.0,12.7,0.0,0.0,0.2,80.8
1747229836986,6.9,0.0,11.9,0.0,0.0,0.1,81.1
1747229838997,6.5,0.0,12.5,0.0,0.0,0.1,80.9
1747229841008,6.7,0.0,12.6,0.0,0.0,0.2,80.5
1747229843020,6.8,0.0,12.5,0.0,0.0,0.1,80.6
1747229845029,9.1,0.0,13.7,0.0,0.0,0.2,77.1
1747229847042,9.5,0.0,13.8,0.0,0.0,0.0,76.7
1747229849061,9.4,0.0,14.9,0.0,0.0,0.0,75.7
1747229851076,9.7,0.0,14.1,0.0,0.0,0.2,76.0
1747229853090,0.0,0.0,0.0,0.0,0.0,0.0,0.0
1747229855105,9.8,0.0,14.4,0.0,0.0,0.1,75.8
1747229857118,9.8,0.0,14.7,0.0,0.0,0.1,75.4
1747229859129,9.4,0.0,15.2,0.0,0.0,0.1,75.2
1747229861142,9.9,0.0,15.1,0.0,0.0,0.1,74.8
1747229863153,8.6,0.0,13.0,0.0,0.0,0.1,78.2
1747229865163,9.2,0.0,14.8,0.0,0.0,0.1,75.9
1747229867173,9.7,0.0,13.9,0.0,0.0,0.0,76.4
1747229869185,9.1,0.0,15.6,0.0,0.0,0.2,75.0
1747229871195,7.9,0.0,10.6,0.0,0.0,0.2,81.2
1747229873206,7.2,0.0,10.7,0.0,0.0,0.1,82.0
1747229875216,6.5,0.0,12.0,0.0,0.0,0.0,81.5
1747229877228,6.2,0.0,11.9,0.0,0.0,0.0,81.9
1747229879239,0.2,0.0,0.2,0.0,0.0,0.0,99.6
1747229881249,6.9,0.0,12.3,0.0,0.0,0.1,80.7
1747229883259,6.5,0.0,12.6,0.0,0.0,0.0,80.8
1747229885268,7.0,0.0,11.7,0.0,0.0,0.1,81.3
1747229887279,0.2,0.0,0.3,0.0,0.0,0.0,99.5
1747229889292,7.0,0.0,11.0,0.0,0.0,0.1,81.9
1747229891307,6.8,0.0,11.1,0.0,0.0,0.2,81.8
1747229893322,6.4,0.0,11.8,0.0,0.0,0.0,81.8
1747229895335,0.2,0.0,0.2,0.0,0.0,0.0,99.6
1747229897347,7.2,0.0,12.2,0.0,0.0,0.1,80.5
1747229899359,7.4,0.0,13.3,0.0,0.0,0.1,79.2
1747229901369,6.5,0.0,13.3,0.0,0.0,0.1,80.0
1747229903379,8.3,0.0,12.4,0.0,0.0,0.1,79.1
1747229905389,7.3,0.0,13.4,0.0,0.0,0.1,79.2
1747229907399,7.1,0.0,14.7,0.0,0.0,0.0,78.2
1747229909408,7.1,0.0,13.0,0.0,0.0,0.0,80.0
1747229911423,0.0,0.0,0.0,0.0,0.0,0.0,0.0
1747229913431,10.5,0.0,14.7,0.0,0.0,0.1,74.7
1747229915443,10.1,0.0,15.4,0.0,0.0,0.0,74.4
1747229917457,10.3,0.0,15.1,0.0,0.0,0.1,74.5
1747229919469,10.1,0.0,15.2,0.0,0.0,0.2,74.5
1747229921483,9.2,0.0,14.6,0.0,0.0,0.2,76.0
1747229923496,9.8,0.0,13.6,0.0,0.0,0.2,76.3
1747229925511,10.3,0.0,14.2,0.0,0.0,0.1,75.4
1747229927523,10.1,0.0,16.0,0.0,0.0,0.2,73.7
1747229929534,8.4,0.0,12.3,0.0,0.0,0.1,79.2
1747229931546,9.7,0.0,14.6,0.0,0.0,0.1,75.6
1747229933557,9.9,0.0,14.2,0.0,0.0,0.1,75.8
1747229935569,9.9,0.0,15.7,0.0,0.0,0.1,74.4
1747229937580,7.7,0.0,11.8,0.0,0.0,0.2,80.3
1747229939590,7.6,0.0,11.7,0.0,0.0,0.2,80.5
1747229941599,6.9,0.0,11.1,0.0,0.0,0.2,81.7
1747229943608,7.4,0.0,12.3,0.0,0.0,0.2,80.1
1747229945617,0.1,0.0,0.2,0.0,0.0,0.0,99.7
1747229947628,7.2,0.0,13.4,0.0,0.0,0.1,79.3
1747229949638,7.1,0.0,12.8,0.0,0.0,0.2,79.8
1747229951647,6.5,0.0,13.2,0.0,0.0,0.2,80.0
1747229953658,0.2,0.0,0.3,0.0,0.0,0.0,99.5
1747229955672,6.4,0.0,12.5,0.0,0.0,0.2,80.9
1747229957683,7.5,0.0,12.6,0.0,0.0,0.1,79.8
1747229959692,7.4,0.0,13.0,0.0,0.0,0.1,79.5
1747229961702,8.2,0.0,12.8,0.0,0.0,0.2,78.8
1747229963712,7.2,0.0,13.1,0.0,0.0,0.1,79.6
1747229965723,7.8,0.0,13.5,0.0,0.0,0.1,78.5
1747229967733,7.2,0.0,13.1,0.0,0.0,0.1,79.5
1747229969744,0.0,0.0,0.0,0.0,0.0,0.0,0.0
1747229971754,10.4,0.0,15.6,0.0,0.0,0.2,73.7
1747229973765,9.7,0.0,16.0,0.0,0.0,0.2,74.1
1747229975788,10.0,0.0,15.5,0.0,0.0,0.1,74.4
1747229977803,10.0,0.0,16.2,0.0,0.0,0.1,73.6
1747229979815,9.0,0.0,13.8,0.0,0.0,0.1,77.1
1747229981827,10.0,0.0,14.4,0.0,0.0,0.2,75.4
1747229983839,10.6,0.0,14.6,0.0,0.0,0.2,74.6
1747229985849,10.3,0.0,16.2,0.0,0.0,0.1,73.4
1747229987859,8.9,0.0,12.2,0.0,0.0,0.0,78.9
1747229989867,9.7,0.0,14.7,0.0,0.0,0.0,75.6
1747229991877,9.9,0.0,14.3,0.0,0.0,0.2,75.5
1747229993888,9.8,0.0,15.6,0.0,0.0,0.1,74.5
1747229995900,7.6,0.0,11.4,0.0,0.0,0.1,80.8
1747229997910,6.6,0.0,12.0,0.0,0.0,0.1,81.3
1747229999921,7.0,0.0,11.5,0.0,0.0,0.1,81.4
1747230001932,6.7,0.0,12.3,0.0,0.0,0.3,80.8
1747230003942,0.1,0.0,0.2,0.0,0.0,0.0,99.6
1747230005954,6.2,0.0,12.8,0.0,0.0,0.1,81.0
1747230007975,7.5,0.0,12.8,0.0,0.0,0.1,79.7
1747230009996,6.8,0.0,12.5,0.0,0.0,0.0,80.7
1747230012014,7.9,0.0,13.1,0.0,0.0,0.5,78.6
1747230014027,7.3,0.0,12.0,0.0,0.0,0.1,80.6
1747230016039,7.2,0.0,11.9,0.0,0.0,0.1,80.8
1747230018050,6.8,0.0,12.7,0.0,0.0,0.0,80.4
1747230020062,7.5,0.0,12.2,0.0,0.0,0.0,80.2
1747230022073,7.0,0.0,13.0,0.0,0.0,0.3,79.8
1747230024085,6.7,0.0,12.6,0.0,0.0,0.2,80.5
1747230026095,7.3,0.0,12.3,0.0,0.0,0.1,80.3
1747230028105,8.3,0.0,13.2,0.0,0.0,0.1,78.3
1747230030113,7.1,0.0,13.0,0.0,0.0,0.0,79.8
1747230032123,7.6,0.0,12.8,0.0,0.0,0.2,79.4
1747230034134,6.9,0.0,12.2,0.0,0.0,0.2,80.7
1747230036145,7.3,0.0,11.9,0.0,0.0,0.1,80.7
1747230038156,6.8,0.0,11.7,0.0,0.0,0.1,81.3
1747230040166,6.1,0.0,12.0,0.0,0.0,0.1,81.8
1747230042191,5.9,0.0,11.9,0.0,0.0,0.1,82.0
1747230044208,0.0,0.0,0.0,0.0,0.0,0.0,0.0
1747230046222,9.6,0.0,15.1,0.0,0.0,0.2,75.2
1747230048236,9.9,0.0,15.5,0.0,0.0,0.1,74.5
1747230050247,10.2,0.0,15.4,0.0,0.0,0.1,74.4
1747230052259,10.1,0.0,15.4,0.0,0.0,0.2,74.3
1747230054270,9.5,0.0,14.6,0.0,0.0,0.1,75.9
1747230056280,9.7,0.0,14.7,0.0,0.0,0.2,75.4
1747230058291,9.8,0.0,14.7,0.0,0.0,0.1,75.4
1747230060304,10.1,0.0,15.7,0.0,0.0,0.2,74.0
1747230062326,8.6,0.0,14.0,0.0,0.0,0.1,77.2
1747230064339,9.2,0.0,14.1,0.0,0.0,0.1,76.6
1747230066354,9.1,0.0,14.2,0.0,0.0,0.1,76.6
1747230068370,9.3,0.0,15.3,0.0,0.0,0.1,75.3
1747230070388,0.0,0.0,0.0,0.0,0.0,0.0,0.0
1747230072401,9.3,0.0,14.3,0.0,0.0,0.1,76.3
1747230074412,8.9,0.0,14.8,0.0,0.0,0.0,76.2
1747230076423,9.7,0.0,13.9,0.0,0.0,0.1,76.4
1747230078434,0.0,0.0,0.0,0.0,0.0,0.0,99.9
1747230080446,6.8,0.0,11.0,0.0,0.0,0.1,82.1
1747230082458,6.8,0.0,12.0,0.0,0.0,0.1,81.2
1747230084468,6.3,0.0,12.3,0.0,0.0,0.1,81.3
1747230086478,0.0,0.0,0.0,0.0,0.0,0.0,100.0
1747230088488,7.1,0.0,11.6,0.0,0.0,0.1,81.2
1747230090499,6.8,0.0,12.2,0.0,0.0,0.1,80.9
1747230092509,6.5,0.0,11.9,0.0,0.0,0.0,81.5
1747230094520,6.7,0.0,11.7,0.0,0.0,0.0,81.6
1747230096530,6.6,0.0,11.5,0.0,0.0,0.2,81.7
1747230098537,6.5,0.0,11.9,0.0,0.0,0.1,81.4
1747230100551,6.3,0.0,12.5,0.0,0.0,0.1,81.1
1747230102561,6.5,0.0,11.8,0.0,0.0,0.0,81.8
1747230104570,7.4,0.0,11.7,0.0,0.0,0.2,80.8
1747230106581,6.6,0.0,12.7,0.0,0.0,0.1,80.5
1747230108592,7.4,0.0,12.0,0.0,0.0,0.1,80.5
1747230110604,7.3,0.0,12.2,0.0,0.0,0.0,80.4
1747230112616,7.1,0.0,13.1,0.0,0.0,0.2,79.7
1747230114627,7.4,0.0,12.8,0.0,0.0,0.2,79.6
1747230116638,7.5,0.0,13.1,0.0,0.0,0.3,79.1
1747230118649,7.9,0.0,13.8,0.0,0.0,0.2,78.1
1747230120660,7.8,0.0,14.0,0.0,0.0,0.2,78.0
1747230122669,7.9,0.0,13.3,0.0,0.0,0.2,78.6
1747230124677,7.4,0.0,14.0,0.0,0.0,0.2,78.4
1747230126687,7.5,0.0,13.2,0.0,0.0,0.1,79.1
1747230128696,7.5,0.0,13.2,0.0,0.0,0.1,79.2
1747230130712,7.4,0.0,13.1,0.0,0.0,0.1,79.3
1747230132723,7.2,0.0,13.6,0.0,0.0,0.1,79.1
1747230134733,7.9,0.0,14.3,0.1,0.0,0.1,77.6
1747230136743,8.0,0.0,13.7,0.0,0.0,0.1,78.2
1747230138754,8.1,0.0,15.1,0.0,0.0,0.1,76.7
1747230140764,8.2,0.0,13.5,0.0,0.0,0.1,78.3
1747230142774,8.6,0.0,14.4,0.0,0.0,0.1,77.0
1747230144782,7.2,0.0,14.9,0.0,0.0,0.1,77.8
1747230146792,8.2,0.0,13.9,0.0,0.0,0.0,77.9
1747230148801,7.5,0.0,14.7,0.0,0.0,0.1,77.6
1747230150812,8.0,0.0,13.5,0.0,0.0,0.1,78.5
1747230152821,8.1,0.0,12.8,0.0,0.0,0.1,79.0
1747230154830,7.8,0.0,13.6,0.1,0.0,0.1,78.5
1747230156839,7.6,0.0,12.9,0.0,0.0,0.1,79.5
1747230158848,8.0,0.0,13.9,0.0,0.0,0.1,78.0
1747230160859,7.8,0.0,13.7,0.0,0.0,0.1,78.4
1747230162868,7.0,0.0,14.6,0.0,0.0,0.1,78.2
1747230164878,8.2,0.0,14.0,0.1,0.0,0.1,77.7
1747230166886,8.6,0.0,15.0,0.0,0.0,0.1,76.3
1747230168897,7.9,0.0,12.7,0.0,0.0,0.1,79.2
1747230170905,7.8,0.0,13.1,0.0,0.0,0.1,79.1
1747230172913,7.5,0.0,13.6,0.0,0.0,0.1,78.8
1747230174928,8.7,0.0,13.4,0.0,0.0,0.1,77.8
1747230176941,8.4,0.0,13.0,0.0,0.0,0.2,78.4
1747230178953,7.2,0.0,15.0,0.0,0.0,0.1,77.6
1747230180964,7.6,0.0,15.2,0.1,0.0,0.1,77.1
1747230182975,8.5,0.0,14.1,0.0,0.0,0.1,77.3
1747230184988,7.7,0.0,13.3,0.0,0.0,0.1,78.9
1747230186999,7.4,0.0,14.8,0.0,0.0,0.1,77.7
1747230189011,7.5,0.0,14.9,0.0,0.0,0.1,77.5
1747230191022,8.7,0.0,15.2,0.1,0.0,0.1,76.0
1747230193034,8.1,0.0,13.9,0.0,0.0,0.1,77.9
1747230195043,7.3,0.0,14.2,0.0,0.0,0.1,78.4
1747230197051,7.6,0.0,13.2,0.0,0.0,0.2,78.9
1747230199064,8.1,0.0,13.4,0.0,0.0,0.1,78.4
1747230201076,8.6,0.0,13.7,0.1,0.0,0.1,77.5
1747230203087,7.2,0.0,14.4,0.0,0.0,0.1,78.4
1747230205097,8.1,0.0,13.2,0.0,0.0,0.1,78.6
1747230207107,7.8,0.0,13.7,0.0,0.0,0.1,78.3
1747230209119,8.3,0.0,13.1,0.0,0.0,0.1,78.5
1747230211129,7.1,0.0,14.3,0.0,0.0,0.1,78.6
1747230213140,7.8,0.0,13.6,0.0,0.0,0.1,78.6
1747230215151,7.5,0.0,15.0,0.0,0.0,0.1,77.4
1747230217162,11.8,0.0,15.4,0.0,0.0,0.1,72.7
1747230219171,11.2,0.0,17.7,0.0,0.0,0.0,71.1
1747230221182,11.9,0.0,16.5,0.0,0.0,0.2,71.3
1747230223193,12.3,0.0,17.7,0.0,0.0,0.1,69.9
1747230225205,0.0,0.0,0.0,0.0,0.0,0.0,0.0
1747230227216,10.5,0.0,15.9,0.0,0.0,0.1,73.4
1747230229228,11.1,0.0,15.9,0.0,0.0,0.0,73.0
1747230231241,11.0,0.0,16.4,0.0,0.0,0.0,72.6
1747230233256,0.0,0.0,0.0,0.0,0.0,0.0,0.0
1747230235271,10.2,0.0,15.6,0.0,0.0,0.0,74.2
1747230237284,10.1,0.0,15.5,0.0,0.0,0.1,74.4
1747230239299,10.3,0.0,16.3,0.0,0.0,0.1,73.4
1747230241311,0.2,0.0,0.2,0.0,0.0,0.0,99.6
1747230243322,7.9,0.0,12.5,0.0,0.0,0.1,79.5
1747230245333,7.5,0.0,13.3,0.0,0.0,0.0,79.1
1747230247342,7.1,0.0,13.3,0.0,0.0,0.1,79.5
1747230249352,7.3,0.0,12.7,0.0,0.0,0.1,79.9
1747230251370,6.6,0.0,12.7,0.0,0.0,0.0,80.7
1747230253377,6.4,0.0,13.2,0.0,0.0,0.0,80.4
