timestamp_ms,usr%,nice%,sys%,iowait%,irq%,soft%,steal%,idle%
1747228678998,5.3,0.0,9.4,0.0,0.0,0.0,85.2
1747228681010,5.9,0.0,10.0,0.0,0.0,0.2,83.9
1747228683019,5.3,0.0,10.3,0.0,0.0,0.0,84.4
1747228685030,5.2,0.0,10.2,0.0,0.0,0.2,84.4
1747228687041,5.0,0.0,10.2,0.0,0.0,0.1,84.7
1747228689052,6.6,0.0,9.8,0.0,0.0,0.1,83.5
1747228691063,5.3,0.0,10.1,0.0,0.0,0.2,84.4
1747228693072,5.2,0.0,10.7,0.0,0.0,0.0,84.1
1747228695083,5.9,0.0,9.9,0.0,0.0,0.2,84.0
1747228697094,7.9,0.0,11.5,0.0,0.0,0.1,80.5
1747228699105,5.7,0.0,9.8,0.0,0.0,0.2,84.3
1747228701116,6.1,0.0,9.2,0.0,0.0,0.1,84.6
1747228703126,5.5,0.0,9.7,0.0,0.0,0.1,84.7
1747228705137,6.3,0.0,10.1,0.0,0.0,0.2,83.4
1747228707148,5.6,0.0,9.8,0.0,0.0,0.1,84.5
1747228709159,5.8,0.0,10.1,0.0,0.0,0.0,84.1
1747228711171,5.3,0.0,9.8,0.0,0.0,0.1,84.8
1747228713183,6.3,0.0,9.5,0.0,0.0,0.1,84.1
1747228715193,5.5,0.0,10.3,0.0,0.0,0.3,83.9
1747228717205,5.1,0.0,10.5,0.0,0.0,0.2,84.2
1747228719217,5.4,0.0,9.7,0.0,0.0,0.0,84.8
1747228721228,6.1,0.0,10.0,0.0,0.0,0.1,83.8
1747228723239,5.1,0.0,10.6,0.0,0.0,0.1,84.2
1747228725249,5.9,0.0,10.2,0.0,0.0,0.3,83.6
1747228727260,5.3,0.0,10.8,0.0,0.0,0.3,83.5
1747228729269,6.1,0.0,9.8,0.0,0.0,0.1,84.0
1747228731279,5.8,0.0,9.6,0.0,0.0,0.1,84.5
1747228733289,5.1,0.0,9.7,0.0,0.0,0.1,85.1
1747228735302,4.7,0.0,10.2,0.0,0.0,0.3,84.7
1747228737314,6.6,0.0,9.6,0.0,0.0,0.2,83.6
1747228739324,5.2,0.0,10.2,0.0,0.0,0.1,84.5
1747228741336,4.8,0.0,11.0,0.0,0.0,0.1,84.1
1747228743346,5.0,0.0,11.1,0.0,0.0,0.1,83.8
1747228745357,6.5,0.0,10.3,0.0,0.0,0.2,83.0
1747228747369,5.3,0.0,9.7,0.0,0.0,0.0,84.9
1747228749385,4.5,0.0,9.9,0.0,0.0,0.2,85.3
1747228751395,6.2,0.0,9.7,0.0,0.0,0.1,84.0
1747228753402,6.4,0.0,10.1,0.0,0.0,0.3,83.3
1747228755414,5.7,0.0,9.4,0.0,0.0,0.1,84.7
1747228757425,6.0,0.0,9.4,0.0,0.0,0.0,84.6
1747228759437,5.7,0.0,9.5,0.0,0.0,0.1,84.7
1747228761449,6.3,0.0,9.3,0.0,0.0,0.2,84.2
1747228763461,5.6,0.0,9.8,0.0,0.0,0.2,84.4
1747228765473,5.1,0.0,10.0,0.0,0.0,0.2,84.7
1747228767485,5.4,0.0,9.8,0.0,0.0,0.0,84.8
1747228769497,5.9,0.0,11.0,0.0,0.0,0.1,82.9
1747228771507,5.5,0.0,9.7,0.0,0.0,0.1,84.7
1747228773519,5.0,0.0,9.9,0.0,0.0,0.3,84.7
1747228775530,5.1,0.0,10.2,0.0,0.0,0.2,84.5
1747228777542,6.4,0.0,10.0,0.0,0.0,0.3,83.3
1747228779554,6.1,0.0,9.8,0.0,0.0,0.2,83.9
1747228781565,6.5,0.0,10.6,0.0,0.0,0.0,82.8
1747228783576,5.6,0.0,10.2,0.0,0.0,0.2,84.0
1747228785587,7.0,0.0,9.1,0.0,0.0,0.2,83.7
1747228787598,5.7,0.0,9.7,0.0,0.0,0.0,84.6
1747228789609,5.3,0.0,9.6,0.0,0.0,0.1,84.9
1747228791619,5.4,0.0,9.9,0.0,0.0,0.2,84.5
1747228793630,7.3,0.0,9.8,0.0,0.0,0.3,82.6
1747228795640,5.7,0.0,10.0,0.0,0.0,0.2,84.1
1747228797651,4.8,0.0,10.3,0.0,0.0,0.4,84.6
1747228799662,5.2,0.0,10.1,0.0,0.0,0.0,84.7
1747228801674,6.6,0.0,9.9,0.0,0.0,0.1,83.4
1747228803685,5.3,0.0,11.0,0.0,0.0,0.1,83.5
1747228805695,6.3,0.0,10.3,0.0,0.0,0.1,83.2
1747228807706,6.3,0.0,11.5,0.0,0.0,0.1,82.2
1747228809716,0.0,0.0,0.0,0.0,0.0,0.0,0.0
1747228811726,7.7,0.0,12.9,0.0,0.0,0.0,79.4
1747228813738,7.8,0.0,11.3,0.0,0.0,0.2,80.7
1747228815757,7.8,0.0,11.2,0.0,0.0,0.2,80.8
1747228817776,8.1,0.0,12.3,0.0,0.0,0.0,79.6
1747228819790,6.2,0.0,8.9,0.0,0.0,0.2,84.8
1747228821801,7.0,0.0,11.3,0.0,0.0,0.1,81.5
1747228823817,7.3,0.0,11.4,0.0,0.0,0.1,81.2
1747228825830,8.2,0.0,12.2,0.0,0.0,0.2,79.4
1747228827841,6.6,0.0,9.2,0.0,0.0,0.3,83.9
1747228829852,7.3,0.0,10.7,0.0,0.0,0.1,81.9
1747228831864,7.5,0.0,10.6,0.0,0.0,0.1,81.8
1747228833881,8.2,0.0,11.8,0.0,0.0,0.2,79.8
1747228835893,0.1,0.0,0.2,0.0,0.0,0.0,99.7
1747228837905,6.3,0.0,8.9,0.0,0.0,0.2,84.6
1747228839917,5.4,0.0,10.1,0.0,0.0,0.2,84.3
1747228841930,5.2,0.0,10.3,0.0,0.0,0.1,84.3
1747228843942,0.2,0.0,0.3,0.0,0.0,0.0,99.5
1747228845954,5.8,0.0,9.6,0.0,0.0,0.2,84.3
1747228847965,5.3,0.0,9.7,0.0,0.0,0.1,84.9
1747228849977,5.9,0.0,9.5,0.0,0.0,0.3,84.2
1747228851988,0.1,0.0,0.2,0.0,0.0,0.0,99.6
1747228854000,5.7,0.0,10.1,0.0,0.0,0.1,84.0
1747228856011,5.7,0.0,10.1,0.0,0.0,0.1,84.1
1747228858023,5.2,0.0,10.8,0.0,0.0,0.0,84.0
1747228860033,0.0,0.0,0.0,0.0,0.0,0.0,0.0
1747228862043,8.0,0.0,12.2,0.0,0.0,0.2,79.6
1747228864054,8.1,0.0,12.0,0.0,0.0,0.2,79.7
1747228866065,8.0,0.0,12.2,0.0,0.0,0.1,79.7
1747228868076,8.5,0.0,13.3,0.0,0.0,0.0,78.2
1747228870087,6.1,0.0,9.8,0.0,0.0,0.2,83.9
1747228872096,7.7,0.0,11.5,0.0,0.0,0.1,80.7
1747228874107,7.9,0.0,11.4,0.0,0.0,0.1,80.6
1747228876119,8.5,0.0,11.9,0.0,0.0,0.2,79.5
1747228878130,0.0,0.0,0.0,0.0,0.0,0.0,0.0
1747228880142,7.2,0.0,11.6,0.0,0.0,0.2,80.9
1747228882156,7.2,0.0,11.2,0.0,0.0,0.3,81.3
1747228884169,7.1,0.0,11.6,0.0,0.0,0.1,81.2
1747228886182,0.1,0.0,0.1,0.0,0.0,0.0,99.8
1747228888192,5.2,0.0,8.9,0.0,0.0,0.1,85.8
1747228890199,5.3,0.0,8.9,0.0,0.0,0.2,85.6
1747228892208,5.4,0.0,8.8,0.0,0.0,0.1,85.7
1747228894216,0.1,0.0,0.2,0.0,0.0,0.0,99.7
1747228896225,5.1,0.0,9.7,0.0,0.0,0.1,85.0
1747228898238,5.0,0.0,9.4,0.0,0.0,0.0,85.6
1747228900263,5.3,0.0,9.8,0.0,0.0,0.0,84.8
1747228902273,0.0,0.0,0.0,0.0,0.0,0.0,0.0
1747228904284,7.6,0.0,11.2,0.0,0.0,0.1,81.2
1747228906295,7.6,0.0,12.0,0.0,0.0,0.1,80.3
1747228908306,7.6,0.0,12.0,0.0,0.0,0.0,80.4
1747228910318,8.2,0.0,12.6,0.0,0.0,0.1,79.0
1747228912328,5.8,0.0,9.2,0.0,0.0,0.1,84.9
1747228914337,7.8,0.0,11.0,0.0,0.0,0.1,81.1
1747228916348,7.1,0.0,11.7,0.0,0.0,0.1,81.1
1747228918359,7.3,0.0,12.7,0.0,0.0,0.1,79.9
1747228920371,6.6,0.0,9.5,0.0,0.0,0.2,83.7
1747228922382,5.6,0.0,9.7,0.0,0.0,0.0,84.7
1747228924394,5.9,0.0,9.7,0.0,0.0,0.1,84.3
1747228926406,5.6,0.0,10.4,0.0,0.0,0.1,83.9
1747228928417,0.1,0.0,0.2,0.0,0.0,0.0,99.6
1747228930427,6.1,0.0,10.6,0.0,0.0,0.2,83.1
1747228932438,5.5,0.0,10.0,0.0,0.0,0.1,84.5
1747228934449,6.0,0.0,9.8,0.0,0.0,0.1,84.0
1747228936460,6.2,0.0,10.3,0.0,0.0,0.2,83.3
1747228938474,5.3,0.0,10.3,0.0,0.0,0.1,84.4
1747228940485,5.7,0.0,9.8,4.1,0.0,0.1,80.3
1747228942496,5.7,0.0,9.7,0.0,0.0,0.0,84.6
1747228944505,7.3,0.0,9.5,0.0,0.0,0.1,83.1
1747228946516,5.6,0.0,10.1,3.8,0.0,0.1,80.5
1747228948527,5.6,0.0,9.9,0.0,0.0,0.1,84.4
1747228950538,5.6,0.0,10.2,0.0,0.0,0.2,84.0
1747228952548,6.6,0.0,9.6,0.0,0.0,0.1,83.7
1747228954559,5.4,0.0,10.6,0.0,0.0,0.0,84.0
1747228956570,5.9,0.0,10.9,0.0,0.0,0.2,83.0
1747228958579,6.6,0.0,10.5,0.0,0.0,0.1,82.8
1747228960588,6.4,0.0,9.2,0.0,0.0,0.3,84.1
1747228962599,5.5,0.0,9.3,0.0,0.0,0.2,85.0
1747228964607,5.0,0.0,9.6,0.0,0.0,0.1,85.3
1747228966618,5.2,0.0,9.1,0.0,0.0,0.0,85.6
1747228968627,5.9,0.0,10.0,0.0,0.0,0.2,83.9
1747228970641,5.6,0.0,8.8,0.0,0.0,0.2,85.3
1747228972656,5.2,0.0,9.7,0.0,0.0,0.1,85.0
1747228974669,5.7,0.0,9.5,0.0,0.0,0.1,84.7
1747228976678,6.7,0.0,9.3,0.0,0.0,0.2,83.7
1747228978689,5.4,0.0,9.5,0.0,0.0,0.1,84.9
1747228980700,5.1,0.0,10.3,0.0,0.0,0.2,84.4
1747228982712,5.6,0.0,10.0,0.0,0.0,0.2,84.1
1747228984723,6.7,0.0,10.1,0.0,0.0,0.3,82.9
1747228986735,5.7,0.0,10.0,0.0,0.0,0.1,84.2
1747228988747,5.8,0.0,10.5,0.0,0.0,0.1,83.6
1747228990757,5.8,0.0,9.6,0.0,0.0,0.2,84.4
1747228992768,6.2,0.0,10.2,0.0,0.0,0.1,83.4
1747228994780,5.7,0.0,10.2,0.0,0.0,0.2,83.9
1747228996791,4.9,0.0,10.8,0.0,0.0,0.2,84.1
1747228998803,5.5,0.0,10.1,0.0,0.0,0.1,84.3
1747229000815,6.7,0.0,9.6,0.0,0.0,0.2,83.5
1747229002828,5.5,0.0,9.7,0.0,0.0,0.1,84.7
1747229004839,5.5,0.0,10.0,0.0,0.0,0.1,84.3
1747229006850,5.3,0.0,10.7,0.0,0.0,0.2,83.8
1747229008860,6.9,0.0,10.8,0.0,0.0,0.2,82.1
1747229010872,6.0,0.0,10.9,0.0,0.0,0.2,83.0
1747229012885,6.7,0.0,11.4,0.0,0.0,0.1,81.7
1747229014897,5.0,0.0,12.1,0.0,0.0,0.1,82.8
1747229016909,7.0,0.0,9.7,0.0,0.0,0.2,83.1
1747229018921,5.9,0.0,9.8,0.0,0.0,0.1,84.2
1747229020935,5.8,0.0,9.8,0.0,0.0,0.3,84.1
1747229022947,5.7,0.0,10.0,0.0,0.0,0.1,84.2
1747229024958,6.2,0.0,10.2,0.0,0.0,0.1,83.4
1747229026971,5.4,0.0,10.1,0.0,0.0,0.2,84.3
1747229028983,5.6,0.0,9.8,0.0,0.0,0.2,84.4
1747229030994,5.5,0.0,9.9,0.0,0.0,0.2,84.3
1747229033004,6.7,0.0,9.7,0.0,0.0,0.1,83.5
1747229035014,5.7,0.0,10.1,0.0,0.0,0.1,84.1
1747229037023,6.1,0.0,9.8,0.0,0.0,0.2,84.0
1747229039032,6.3,0.0,10.1,0.0,0.0,0.2,83.4
1747229041042,6.3,0.0,10.1,0.0,0.0,0.2,83.4
1747229043053,6.0,0.0,10.2,0.0,0.0,0.1,83.8
1747229045063,5.1,0.0,9.5,0.0,0.0,0.1,85.3
1747229047078,5.4,0.0,10.1,0.0,0.0,0.2,84.3
1747229049086,6.1,0.0,10.1,0.0,0.0,0.2,83.6
1747229051099,5.2,0.0,9.8,0.0,0.0,0.3,84.8
1747229053111,5.5,0.0,10.3,0.0,0.0,0.2,83.9
1747229055120,5.5,0.0,9.3,0.0,0.0,0.1,85.0
1747229057133,6.3,0.0,10.1,0.0,0.0,0.1,83.4
1747229059142,5.9,0.0,10.3,0.0,0.0,0.2,83.7
1747229061154,5.5,0.0,10.5,0.0,0.0,0.3,83.6
1747229063165,6.1,0.0,9.7,0.0,0.0,0.1,84.0
1747229065175,5.9,0.0,11.0,0.0,0.0,0.2,82.9
1747229067187,6.6,0.0,10.6,0.0,0.0,0.0,82.7
1747229069199,6.2,0.0,10.8,0.0,0.0,0.2,82.8
1747229071211,5.8,0.0,10.1,0.0,0.0,0.5,83.6
1747229073223,6.0,0.0,10.1,0.0,0.0,0.2,83.7
1747229075233,5.7,0.0,10.7,0.0,0.0,0.0,83.6
1747229077244,5.7,0.0,10.8,0.0,0.0,0.1,83.5
1747229079255,5.8,0.0,10.2,0.0,0.0,0.0,83.9
1747229081267,5.4,0.0,10.6,0.0,0.0,0.2,83.7
1747229083278,5.3,0.0,10.7,0.0,0.0,0.1,83.9
1747229085289,5.7,0.0,10.2,0.0,0.0,0.0,84.1
1747229087301,5.9,0.0,10.1,0.0,0.0,0.1,84.0
1747229089312,6.3,0.0,10.7,0.0,0.0,0.1,82.9
1747229091323,5.8,0.0,10.2,0.0,0.0,0.3,83.8
1747229093334,6.2,0.0,10.2,0.0,0.0,0.1,83.5
1747229095345,5.7,0.0,10.3,0.0,0.0,0.1,83.9
1747229097355,5.8,0.0,10.2,0.0,0.0,0.1,83.8
1747229099365,5.9,0.0,9.9,0.0,0.0,0.2,84.0
1747229101376,5.2,0.0,10.6,0.0,0.0,0.1,84.0
1747229103387,5.8,0.0,10.1,0.0,0.0,0.0,84.0
1747229105397,5.7,0.0,10.6,0.0,0.0,0.1,83.6
1747229107408,5.9,0.0,10.7,0.0,0.0,0.0,83.4
1747229109418,5.8,0.0,10.5,0.0,0.0,0.1,83.6
1747229111428,5.4,0.0,10.0,0.0,0.0,0.1,84.6
1747229113437,5.9,0.0,9.9,0.0,0.0,0.1,84.1
1747229115457,6.2,0.0,10.5,0.0,0.0,0.1,83.2
1747229117470,6.2,0.0,10.7,0.0,0.0,0.1,83.0
1747229119487,5.8,0.0,9.8,0.0,0.0,0.1,84.3
1747229121499,5.7,0.0,10.4,0.0,0.0,0.1,83.8
1747229123508,5.8,0.0,9.5,0.0,0.0,0.1,84.7
1747229125519,5.6,0.0,10.3,0.0,0.0,0.3,83.7
1747229127530,5.4,0.0,10.5,0.0,0.0,0.0,84.1
1747229129541,5.6,0.0,10.8,0.0,0.0,0.0,83.5
1747229131551,5.9,0.0,10.3,0.0,0.0,0.2,83.6
1747229133561,6.0,0.0,10.1,0.0,0.0,0.1,83.9
1747229135572,6.0,0.0,10.8,0.0,0.0,0.1,83.0
1747229137583,5.7,0.0,10.7,0.0,0.0,0.1,83.5
1747229139596,6.3,0.0,11.8,0.0,0.0,0.1,81.8
1747229141608,7.0,0.0,11.6,0.0,0.0,0.0,81.3
1747229143619,6.2,0.0,10.6,0.0,0.0,0.2,83.0
1747229145629,5.5,0.0,10.6,0.0,0.0,0.2,83.7
1747229147640,5.5,0.0,10.7,0.0,0.0,0.0,83.7
1747229149650,5.9,0.0,10.1,0.0,0.0,0.1,83.9
1747229151661,5.5,0.0,10.0,0.0,0.0,0.1,84.4
1747229153671,6.0,0.0,10.4,0.0,0.0,0.3,83.3
1747229155681,7.7,0.0,12.1,0.0,0.0,0.4,79.9
1747229157690,8.2,0.0,13.0,0.0,0.0,0.1,78.7
1747229159702,8.7,0.0,12.6,0.0,0.0,0.1,78.6
1747229161713,8.9,0.0,14.0,0.0,0.0,0.1,77.0
1747229163725,0.0,0.0,0.0,0.0,0.0,0.0,0.0
1747229165736,8.2,0.0,12.2,0.0,0.0,0.2,79.3
1747229167748,8.6,0.0,11.8,0.0,0.0,0.1,79.5
1747229169759,8.3,0.0,11.3,0.0,0.0,0.0,80.3
1747229171772,0.0,0.0,0.0,0.0,0.0,0.0,0.0
1747229173784,7.2,0.0,11.5,0.0,0.0,0.1,81.2
1747229175796,7.3,0.0,11.8,0.0,0.0,0.2,80.7
1747229177809,7.7,0.0,11.4,0.0,0.0,0.1,80.9
1747229179821,7.3,0.0,11.5,0.0,0.0,0.0,81.1
1747229181833,6.0,0.0,8.6,0.0,0.0,0.1,85.3
1747229183841,5.3,0.0,9.4,0.0,0.0,0.1,85.1
1747229185850,6.2,0.0,8.6,0.0,0.0,0.1,85.1
1747229187858,5.8,0.0,10.0,0.0,0.0,0.1,84.1
1747229189871,5.7,0.0,9.4,0.0,0.0,0.1,84.8
1747229191881,5.9,0.0,9.9,0.0,0.0,0.2,84.0
1747229193892,5.9,0.0,10.9,0.0,0.0,0.3,82.9
1747229195902,5.9,0.0,10.7,0.0,0.0,0.2,83.2
1747229197913,6.1,0.0,10.9,0.0,0.0,0.1,82.9
1747229199925,6.5,0.0,10.7,0.0,0.0,0.3,82.5
1747229201937,6.4,0.0,11.0,0.0,0.0,0.1,82.5
1747229203949,6.2,0.0,12.0,0.0,0.0,0.2,81.6
1747229205959,7.2,0.0,11.2,0.0,0.0,0.1,81.4
1747229207969,6.4,0.0,12.5,0.0,0.0,0.1,81.0
1747229209979,6.0,0.0,11.7,0.0,0.0,0.1,82.2
1747229211991,6.4,0.0,11.8,0.0,0.0,0.1,81.8
1747229214004,6.7,0.0,11.4,0.0,0.0,0.2,81.7
1747229216016,6.6,0.0,11.1,0.0,0.0,0.0,82.2
1747229218028,6.5,0.0,11.7,0.0,0.0,0.2,81.7
1747229220040,6.5,0.0,12.3,0.0,0.0,0.1,81.1
1747229222052,7.1,0.0,10.8,0.0,0.0,0.1,82.0
1747229224066,6.1,0.0,11.5,0.0,0.0,0.2,82.3
1747229226079,6.2,0.0,11.2,0.0,0.0,0.2,82.4
1747229228093,6.7,0.0,11.3,0.0,0.0,0.3,81.7
1747229230106,6.6,0.0,11.5,0.0,0.0,0.1,81.8
1747229232118,5.8,0.0,13.3,0.0,0.0,0.0,81.0
1747229234130,6.7,0.0,11.2,0.0,0.0,0.1,82.0
1747229236140,6.8,0.0,11.5,0.0,0.0,0.1,81.6
1747229238151,5.9,0.0,11.5,0.0,0.0,0.3,82.1
1747229240160,6.1,0.0,11.3,0.0,0.0,0.2,82.4
1747229242172,6.5,0.0,12.3,0.0,0.0,0.1,81.1
1747229244182,6.4,0.0,11.9,0.0,0.0,0.2,81.5
1747229246194,8.4,0.0,12.0,0.0,0.0,0.2,79.4
1747229248204,6.7,0.0,10.8,0.0,0.0,0.1,82.3
1747229250215,6.4,0.0,10.6,0.0,0.0,0.1,82.8
1747229252231,5.7,0.0,11.6,0.0,0.0,0.1,82.6
1747229254241,6.4,0.0,11.6,0.0,0.0,0.2,81.8
1747229256251,6.1,0.0,10.9,0.0,0.0,0.2,82.7
1747229258261,5.7,0.0,11.3,0.0,0.0,0.1,82.9
1747229260272,5.8,0.0,11.2,0.0,0.0,0.1,82.9
1747229262282,6.3,0.0,10.7,0.0,0.0,0.2,82.8
1747229264294,5.5,0.0,11.2,0.0,0.0,0.2,83.1
1747229266331,6.1,0.0,10.3,0.0,0.0,0.3,83.3
1747229268361,6.1,0.0,11.4,0.0,0.0,0.2,82.3
1747229270372,7.4,0.0,10.3,0.0,0.0,0.2,82.1
1747229272383,9.3,0.0,13.4,0.0,0.0,0.1,77.2
1747229274394,9.2,0.0,13.2,0.0,0.0,0.1,77.5
1747229276405,8.5,0.0,13.8,0.0,0.0,0.2,77.5
1747229278416,0.0,0.0,0.0,0.0,0.0,0.0,0.0
1747229280425,8.7,0.0,13.0,0.0,0.0,0.2,78.1
1747229282436,8.6,0.0,12.9,0.0,0.0,0.0,78.4
1747229284448,8.4,0.0,13.2,0.0,0.0,0.2,78.2
1747229286459,0.0,0.0,0.0,0.0,0.0,0.0,0.0
1747229288470,8.4,0.0,12.4,0.0,0.0,0.1,79.1
1747229290482,8.3,0.0,12.3,0.0,0.0,0.0,79.3
1747229292493,7.8,0.0,12.4,0.0,0.0,0.0,79.8
1747229294505,8.9,0.0,12.6,0.0,0.0,0.2,78.4
1747229296517,5.7,0.0,9.6,0.0,0.0,0.1,84.6
1747229298526,5.9,0.0,9.7,0.0,0.0,0.1,84.3
1747229300537,6.1,0.0,10.1,0.0,0.0,0.2,83.6
1747229302548,6.6,0.0,9.4,0.0,0.0,0.1,83.8
1747229304559,6.0,0.0,11.5,0.0,0.0,0.2,82.2
1747229306570,6.9,0.0,10.9,0.0,0.0,0.1,82.2
1747229308581,6.9,0.0,11.0,0.0,0.0,0.1,82.0
1747229310592,6.0,0.0,11.7,0.0,0.0,0.2,82.1
1747229312603,6.2,0.0,11.6,0.0,0.0,0.1,82.1
1747229314614,6.2,0.0,11.6,0.0,0.0,0.1,82.0
1747229316624,6.8,0.0,11.1,0.0,0.0,0.1,82.0
1747229318633,5.8,0.0,12.0,0.0,0.0,0.1,82.1
1747229320640,6.7,0.0,11.0,0.0,0.0,0.2,82.1
1747229322649,6.2,0.0,10.5,0.0,0.0,0.0,83.3
1747229324658,6.0,0.0,10.4,0.0,0.0,0.2,83.4
1747229326667,6.0,0.0,11.3,0.0,0.0,0.1,82.6
1747229328679,6.6,0.0,10.4,0.0,0.0,0.1,82.9
1747229330691,5.8,0.0,10.6,0.0,0.0,0.2,83.3
1747229332701,5.9,0.0,10.4,0.0,0.0,0.2,83.5
1747229334711,5.9,0.0,11.3,0.0,0.0,0.2,82.6
1747229336722,6.8,0.0,11.5,0.0,0.0,0.1,81.6
1747229338732,6.0,0.0,11.2,0.0,0.0,0.1,82.7
1747229340743,6.3,0.0,11.9,0.0,0.0,0.1,81.7
1747229342755,6.1,0.0,12.9,0.0,0.0,0.1,80.9
1747229344765,8.2,0.0,11.9,0.0,0.0,0.0,79.8
1747229346777,6.5,0.0,11.1,0.0,0.0,0.1,82.4
1747229348789,6.4,0.0,11.2,0.0,0.0,0.1,82.3
1747229350800,5.5,0.0,12.7,0.0,0.0,0.3,81.5
1747229352813,0.0,0.0,0.0,0.0,0.0,0.0,0.0
1747229354824,9.2,0.0,13.5,0.0,0.0,0.1,77.3
1747229356835,8.8,0.0,13.7,0.0,0.0,0.1,77.5
1747229358848,9.8,0.0,12.7,0.0,0.0,0.2,77.4
1747229360861,9.5,0.0,14.2,0.0,0.0,0.2,76.1
1747229362873,8.3,0.0,12.9,0.0,0.0,0.2,78.7
1747229364886,8.4,0.0,13.3,0.0,0.0,0.1,78.2
1747229366897,8.7,0.0,12.4,0.0,0.0,0.2,78.8
1747229368910,8.9,0.0,13.9,0.0,0.0,0.0,77.2
1747229370923,0.2,0.0,0.2,0.0,0.0,0.0,99.6
1747229372939,6.3,0.0,10.0,0.0,0.0,0.1,83.5
1747229374948,6.4,0.0,9.8,0.0,0.0,0.1,83.8
1747229376958,6.7,0.0,9.7,0.0,0.0,0.0,83.5
1747229378966,0.1,0.0,0.2,0.0,0.0,0.0,99.6
1747229380974,6.4,0.0,10.2,0.0,0.0,0.2,83.3
1747229382982,6.4,0.0,10.6,0.0,0.0,0.1,82.9
1747229384991,6.2,0.0,11.1,0.0,0.0,0.1,82.6
1747229386999,7.5,0.0,11.0,0.0,0.0,0.0,81.4
1747229389011,6.1,0.0,11.7,0.0,0.0,0.1,82.2
1747229391021,6.8,0.0,10.9,0.0,0.0,0.3,82.0
1747229393030,6.2,0.0,10.6,0.0,0.0,0.0,83.2
1747229395040,6.4,0.0,11.8,0.0,0.0,0.1,81.8
1747229397048,6.8,0.0,10.4,0.0,0.0,0.1,82.6
1747229399057,6.5,0.0,10.3,0.0,0.0,0.1,83.2
1747229401070,6.0,0.0,11.3,0.0,0.0,0.2,82.4
1747229403079,6.9,0.0,11.0,0.0,0.0,0.1,82.0
1747229405089,5.8,0.0,11.5,0.0,0.0,0.1,82.6
1747229407100,5.9,0.0,11.2,0.0,0.0,0.0,82.9
1747229409112,5.9,0.0,12.3,0.0,0.0,0.1,81.7
1747229411124,7.5,0.0,11.2,0.0,0.0,0.4,80.9
1747229413137,6.7,0.0,11.6,0.0,0.0,0.2,81.5
1747229415149,6.5,0.0,11.3,0.0,0.0,0.1,82.1
1747229417160,6.2,0.0,11.5,0.0,0.0,0.1,82.2
1747229419171,7.0,0.0,12.0,0.0,0.0,0.1,80.8
1747229421182,6.8,0.0,11.9,0.0,0.0,0.2,81.0
1747229423193,6.3,0.0,12.1,0.0,0.0,0.1,81.4
1747229425204,5.8,0.0,12.6,0.0,0.0,0.2,81.4
1747229427215,6.8,0.0,11.8,0.0,0.0,0.4,81.1
1747229429222,6.0,0.0,12.6,0.0,0.0,0.2,81.3
1747229431234,6.0,0.0,12.0,0.0,0.0,0.2,81.8
1747229433245,6.1,0.0,10.7,0.0,0.0,0.0,83.2
1747229435255,7.0,0.0,10.8,0.0,0.0,0.1,82.1
1747229437267,6.5,0.0,10.8,0.0,0.0,0.0,82.7
1747229439277,5.7,0.0,11.4,0.0,0.0,0.0,82.9
1747229441285,6.2,0.0,11.1,0.0,0.0,0.1,82.6
1747229443295,0.0,0.0,0.0,0.0,0.0,0.0,0.0
1747229445305,8.5,0.0,14.3,0.0,0.0,0.1,77.1
1747229447317,9.1,0.0,13.2,0.0,0.0,0.0,77.7
1747229449329,8.6,0.0,12.7,0.0,0.0,0.1,78.6
1747229451345,8.7,0.0,14.1,0.0,0.0,0.2,77.0
1747229453367,8.2,0.0,12.4,0.0,0.0,0.1,79.3
1747229455385,8.2,0.0,13.6,0.0,0.0,0.3,77.9
1747229457401,8.9,0.0,13.3,0.0,0.0,0.1,77.7
1747229459413,9.6,0.0,13.6,0.0,0.0,0.2,76.6
1747229461428,0.0,0.0,0.0,0.0,0.0,0.0,0.0
1747229463445,8.3,0.0,12.5,0.0,0.0,0.1,79.2
1747229465461,9.0,0.0,11.4,0.0,0.0,0.2,79.3
1747229467477,8.3,0.0,12.6,0.0,0.0,0.1,79.0
1747229469491,0.0,0.0,0.0,0.0,0.0,0.0,99.9
1747229471502,6.1,0.0,9.9,0.0,0.0,0.2,83.8
1747229473513,6.2,0.0,10.0,0.0,0.0,0.1,83.6
1747229475523,5.8,0.0,10.3,0.0,0.0,0.1,83.8
1747229477534,0.2,0.0,0.2,0.0,0.0,0.0,99.6
1747229479546,6.1,0.0,10.6,0.0,0.0,0.1,83.2
1747229481557,5.9,0.0,10.8,0.0,0.0,0.1,83.2
1747229483568,6.0,0.0,11.0,0.0,0.0,0.2,82.8
1747229485578,0.2,0.0,0.3,0.0,0.0,0.0,99.5
1747229487589,6.7,0.0,11.2,0.0,0.0,0.0,82.0
1747229489598,6.9,0.0,11.8,0.0,0.0,0.0,81.3
1747229491608,6.3,0.0,11.1,0.0,0.0,0.2,82.4
1747229493617,0.1,0.0,0.2,0.0,0.0,0.0,99.6
1747229495627,6.7,0.0,11.3,0.0,0.0,0.1,81.9
1747229497638,6.5,0.0,11.6,0.0,0.0,0.1,81.9
1747229499648,6.5,0.0,11.9,0.0,0.0,0.0,81.6
1747229501658,6.7,0.0,12.6,0.0,0.0,0.2,80.5
1747229503668,6.8,0.0,11.6,0.0,0.0,0.1,81.6
1747229505678,6.9,0.0,11.7,0.0,0.0,0.2,81.2
1747229507688,6.4,0.0,12.1,0.0,0.0,0.1,81.4
1747229509697,7.5,0.0,11.6,0.0,0.0,0.1,80.8
1747229511707,6.7,0.0,12.3,0.0,0.0,0.1,81.0
1747229513718,7.3,0.0,11.8,0.0,0.0,0.2,80.6
1747229515729,7.6,0.0,12.1,0.0,0.0,0.2,80.1
1747229517741,8.4,0.0,12.0,0.0,0.0,0.0,79.7
1747229519753,6.9,0.0,11.5,0.0,0.0,0.1,81.5
1747229521763,6.3,0.0,11.3,0.0,0.0,0.2,82.1
1747229523773,6.5,0.0,11.5,0.0,0.0,0.1,81.9
1747229525783,7.5,0.0,12.0,0.0,0.0,0.3,80.1
1747229527792,6.9,0.0,12.5,0.0,0.0,0.0,80.6
1747229529802,6.3,0.0,14.0,0.0,0.0,0.0,79.7
1747229531812,6.8,0.0,11.9,0.0,0.0,0.0,81.2
1747229533822,7.2,0.0,11.9,0.0,0.0,0.1,80.8
1747229535843,6.2,0.0,11.5,0.0,0.0,0.3,82.0
1747229537857,6.8,0.0,11.5,0.0,0.0,0.0,81.6
1747229539872,6.8,0.0,11.8,0.0,0.0,0.1,81.2
1747229541888,8.6,0.0,12.2,0.0,0.0,0.0,79.1
1747229543899,7.2,0.0,11.4,0.0,0.0,0.1,81.3
1747229545911,7.7,0.0,11.2,0.0,0.0,0.2,80.9
1747229547921,6.8,0.0,12.1,0.0,0.0,0.1,81.0
1747229549933,7.3,0.0,12.2,0.0,0.0,0.0,80.5
1747229551945,6.4,0.0,12.0,0.0,0.0,0.0,81.6
1747229553956,5.8,0.0,12.4,0.0,0.0,0.1,81.7
1747229555968,6.2,0.0,12.4,0.0,0.0,0.2,81.2
1747229557980,7.6,0.0,11.6,0.0,0.0,0.1,80.7
1747229559991,7.0,0.0,11.3,0.0,0.0,0.1,81.6
1747229562001,6.2,0.0,13.2,0.0,0.0,0.1,80.5
1747229564012,7.6,0.0,12.2,0.0,0.0,0.0,80.1
1747229566023,8.9,0.0,12.2,0.0,0.0,0.2,78.6
1747229568033,7.3,0.0,12.1,0.0,0.0,0.1,80.5
1747229570042,6.5,0.0,11.1,0.0,0.0,0.1,82.3
1747229572053,6.7,0.0,11.2,0.0,0.0,0.1,82.0
1747229574063,7.7,0.0,11.5,0.0,0.0,0.1,80.7
1747229576072,6.5,0.0,11.8,0.0,0.0,0.2,81.4
1747229578081,6.2,0.0,10.2,0.0,0.0,0.1,83.5
1747229580090,5.9,0.0,11.7,0.0,0.0,0.1,82.3
1747229582100,7.4,0.0,11.9,0.0,0.0,0.1,80.7
1747229584111,6.1,0.0,11.6,0.0,0.0,0.1,82.2
1747229586122,7.1,0.0,12.1,0.0,0.0,0.2,80.7
1747229588133,6.8,0.0,12.4,0.0,0.0,0.0,80.7
1747229590145,8.1,0.0,12.8,0.0,0.0,0.1,79.1
1747229592156,7.2,0.0,11.7,0.0,0.0,0.1,81.0
1747229594166,6.6,0.0,11.3,0.0,0.0,0.1,81.9
1747229596177,6.6,0.0,12.1,0.0,0.0,0.2,81.0
1747229598188,0.0,0.0,0.0,0.0,0.0,0.0,0.0
1747229600207,8.3,0.0,13.8,0.0,0.0,0.1,77.8
1747229602226,9.1,0.0,14.7,0.0,0.0,0.1,76.2
1747229604240,9.3,0.0,13.7,0.0,0.0,0.1,76.9
1747229606256,9.6,0.0,14.4,0.0,0.0,0.2,75.8
1747229608269,7.8,0.0,12.9,0.0,0.0,0.1,79.2
1747229610280,8.5,0.0,14.1,0.0,0.0,0.1,77.2
1747229612294,9.4,0.0,13.7,0.0,0.0,0.1,76.8
1747229614306,9.2,0.0,15.7,0.0,0.0,0.1,75.0
1747229616316,7.2,0.0,11.1,0.0,0.0,0.1,81.7
1747229618326,8.6,0.0,13.8,0.0,0.0,0.1,77.5
1747229620337,9.3,0.0,12.8,0.0,0.0,0.1,77.8
1747229622348,9.8,0.0,13.4,0.0,0.0,0.1,76.5
1747229624360,7.8,0.0,10.5,0.0,0.0,0.1,81.6
1747229626372,6.5,0.0,10.9,0.0,0.0,0.0,82.5
1747229628382,7.0,0.0,10.5,0.0,0.0,0.1,82.4
1747229630393,7.0,0.0,11.1,0.0,0.0,0.1,81.9
1747229632404,0.1,0.0,0.2,0.0,0.0,0.0,99.7
1747229634415,6.5,0.0,11.1,0.0,0.0,0.2,82.2
1747229636425,7.3,0.0,12.0,0.0,0.0,0.1,80.6
1747229638436,6.8,0.0,11.9,0.0,0.0,0.1,81.2
1747229640448,0.2,0.0,0.3,0.0,0.0,0.0,99.5
1747229642458,7.4,0.0,11.4,0.0,0.0,0.1,81.1
1747229644468,6.9,0.0,12.2,0.0,0.0,0.2,80.8
1747229646478,6.4,0.0,11.9,0.0,0.0,0.1,81.6
1747229648488,8.0,0.0,11.3,0.0,0.0,0.1,80.6
1747229650498,7.0,0.0,11.4,0.0,0.0,0.0,81.5
1747229652508,6.6,0.0,11.7,0.0,0.0,0.2,81.5
1747229654518,6.5,0.0,12.2,0.0,0.0,0.1,81.2
1747229656529,8.2,0.0,11.8,0.0,0.0,0.1,79.8
1747229658540,6.5,0.0,11.8,0.0,0.0,0.0,81.7
1747229660551,6.0,0.0,11.8,0.0,0.0,0.0,82.1
1747229662561,6.7,0.0,11.4,0.0,0.0,0.1,81.8
1747229664572,7.9,0.0,10.9,0.0,0.0,0.1,81.2
1747229666582,7.3,0.0,12.5,0.0,0.0,0.0,80.1
1747229668591,7.1,0.0,11.5,0.0,0.0,0.1,81.3
1747229670600,6.9,0.0,11.9,0.0,0.0,0.0,81.2
1747229672611,7.4,0.0,10.8,0.0,0.0,0.0,81.8
1747229674620,6.4,0.0,11.8,0.0,0.0,0.2,81.6
1747229676630,6.4,0.0,10.9,0.0,0.0,0.0,82.7
1747229678645,5.9,0.0,11.8,0.0,0.0,0.0,82.3
1747229680680,6.7,0.0,11.9,0.0,0.0,0.0,81.3
1747229682691,6.8,0.0,11.5,0.0,0.0,0.0,81.6
1747229684702,6.5,0.0,11.3,0.0,0.0,0.1,82.1
1747229686711,7.0,0.0,11.1,0.0,0.0,0.0,81.9
1747229688720,8.0,0.0,11.7,0.0,0.0,0.1,80.3
1747229690732,7.0,0.0,11.9,0.0,0.0,0.1,81.0
1747229692743,7.3,0.0,11.5,0.0,0.0,0.1,81.1
1747229694753,7.3,0.0,12.6,0.0,0.0,0.2,80.0
1747229696765,7.6,0.0,12.5,0.0,0.0,0.1,79.7
1747229698776,7.4,0.0,11.7,0.0,0.0,0.1,80.8
1747229700788,6.9,0.0,12.4,0.0,0.0,0.0,80.6
1747229702797,6.9,0.0,12.4,0.0,0.0,0.0,80.8
1747229704808,7.9,0.0,11.9,0.0,0.0,0.1,80.1
1747229706817,6.5,0.0,11.8,0.0,0.0,0.0,81.7
1747229708828,7.0,0.0,12.0,0.0,0.0,0.1,80.9
1747229710838,7.0,0.0,12.7,0.0,0.0,0.1,80.2
1747229712849,7.7,0.0,12.3,0.0,0.0,0.0,80.0
1747229714860,6.0,0.0,13.4,0.0,0.0,0.1,80.5
1747229716872,7.1,0.0,13.5,0.0,0.0,0.0,79.4
1747229718882,8.4,0.0,13.2,0.0,0.0,0.0,78.4
1747229720894,8.2,0.0,11.8,0.0,0.0,0.2,79.9
1747229722903,6.7,0.0,12.3,0.0,0.0,0.0,80.9
1747229724913,6.6,0.0,12.9,0.0,0.0,0.1,80.3
1747229726923,6.4,0.0,12.3,0.0,0.0,0.0,81.2
1747229728934,8.5,0.0,12.0,0.0,0.0,0.0,79.5
1747229730945,6.7,0.0,12.0,0.0,0.0,0.1,81.1
1747229732954,6.7,0.0,11.6,0.0,0.0,0.0,81.7
1747229734962,6.9,0.0,11.5,0.0,0.0,0.0,81.5
1747229736972,7.2,0.0,11.8,0.0,0.0,0.1,80.9
1747229738983,7.0,0.0,11.3,0.0,0.0,0.0,81.7
1747229740997,7.2,0.0,11.7,0.0,0.0,0.0,81.0
1747229743006,7.4,0.0,12.1,0.0,0.0,0.1,80.4
1747229745020,7.5,0.0,11.7,0.0,0.0,0.0,80.7
1747229747034,7.4,0.0,12.5,0.0,0.0,0.0,80.1
1747229749044,6.5,0.0,11.3,0.0,0.0,0.0,82.2
1747229751057,6.7,0.0,11.6,0.0,0.0,0.3,81.5
1747229753075,7.2,0.0,11.9,0.0,0.0,0.0,80.9
1747229755092,6.6,0.0,12.9,0.0,0.0,0.0,80.5
1747229757103,7.0,0.0,12.0,0.0,0.0,0.1,80.8
1747229759112,7.2,0.0,12.4,0.0,0.0,0.0,80.3
1747229761122,7.4,0.0,12.6,0.0,0.0,0.1,79.8
1747229763131,7.2,0.0,12.0,0.0,0.0,0.1,80.8
1747229765141,6.9,0.0,12.4,0.0,0.0,0.1,80.7
1747229767151,7.6,0.0,13.4,0.0,0.0,0.0,78.9
1747229769160,7.2,0.0,12.0,0.0,0.0,0.1,80.7
1747229771171,6.8,0.0,12.0,0.0,0.0,0.2,81.0
1747229773185,6.7,0.0,11.8,0.0,0.0,0.1,81.3
1747229775196,6.5,0.0,12.9,0.0,0.0,0.0,80.5
1747229777207,7.1,0.0,11.6,0.0,0.0,0.0,81.3
1747229779218,10.1,0.0,14.4,0.0,0.0,0.1,75.4
1747229781229,10.2,0.0,15.6,0.0,0.0,0.4,73.9
1747229783240,10.9,0.0,15.7,0.0,0.0,0.1,73.3
1747229785251,11.1,0.0,16.9,0.0,0.0,0.1,71.8
1747229787263,0.0,0.0,0.0,0.0,0.0,0.0,0.0
1747229789275,10.0,0.0,14.7,0.0,0.0,0.0,75.3
1747229791288,9.8,0.0,15.5,0.0,0.0,0.1,74.6
1747229793299,9.7,0.0,14.9,0.0,0.0,0.0,75.3
1747229795312,0.0,0.0,0.0,0.0,0.0,0.0,0.0
1747229797325,8.9,0.0,13.3,0.0,0.0,0.1,77.7
1747229799341,8.4,0.0,13.3,0.0,0.0,0.1,78.2
1747229801353,9.1,0.0,13.4,0.0,0.0,0.2,77.2
1747229803367,0.2,0.0,0.3,0.0,0.0,0.0,99.5
1747229805378,6.7,0.0,10.7,0.0,0.0,0.1,82.4
1747229807387,6.9,0.0,10.9,0.0,0.0,0.1,82.1
1747229809397,6.6,0.0,11.3,0.0,0.0,0.1,82.0
1747229811408,6.5,0.0,11.2,0.0,0.0,0.2,82.0
1747229813419,6.5,0.0,11.9,0.0,0.0,0.1,81.5
1747229815428,6.6,0.0,12.1,0.0,0.0,0.1,81.3
1747229817438,6.7,0.0,11.6,0.0,0.0,0.1,81.5
1747229819450,6.8,0.0,12.0,0.0,0.0,0.0,81.2
1747229821459,7.0,0.0,11.5,0.0,0.0,0.3,81.1
1747229823468,7.2,0.0,12.0,0.0,0.0,0.1,80.7
1747229825479,6.9,0.0,12.3,0.0,0.0,0.1,80.7
1747229827489,7.1,0.0,11.9,0.0,0.0,0.1,80.9
1747229829501,7.1,0.0,12.0,0.0,0.0,0.1,80.8
1747229831512,6.9,0.0,12.8,0.0,0.0,0.1,80.2
1747229833523,6.8,0.0,12.0,0.0,0.0,0.1,81.2
1747229835534,6.6,0.0,12.7,0.0,0.0,0.1,80.6
1747229837545,7.0,0.0,12.1,0.0,0.0,0.1,80.8
1747229839557,6.6,0.0,12.0,0.0,0.0,0.0,81.4
1747229841568,7.1,0.0,12.2,0.0,0.0,0.2,80.6
1747229843580,7.2,0.0,11.5,0.0,0.0,0.1,81.2
1747229845592,10.4,0.0,15.3,0.0,0.0,0.1,74.1
1747229847603,10.3,0.0,14.3,0.0,0.0,0.1,75.2
1747229849613,9.8,0.0,14.7,0.0,0.0,0.1,75.3
1747229851624,10.4,0.0,14.6,0.0,0.0,0.2,74.8
1747229853635,0.0,0.0,0.0,0.0,0.0,0.0,0.0
1747229855646,9.7,0.0,13.9,0.0,0.0,0.1,76.2
1747229857659,9.4,0.0,14.3,0.0,0.0,0.1,76.2
1747229859679,9.3,0.0,13.8,0.0,0.0,0.1,76.7
1747229861697,0.0,0.0,0.0,0.0,0.0,0.0,0.0
1747229863709,8.9,0.0,13.9,0.0,0.0,0.1,77.1
1747229865721,8.7,0.0,14.3,0.0,0.0,0.1,76.9
1747229867734,9.2,0.0,13.4,0.0,0.0,0.1,77.4
1747229869747,9.1,0.0,14.1,0.0,0.0,0.2,76.6
1747229871758,6.8,0.0,10.3,0.0,0.0,0.2,82.7
1747229873766,6.5,0.0,11.1,0.0,0.0,0.1,82.3
1747229875775,6.5,0.0,11.8,0.0,0.0,0.0,81.7
1747229877786,6.7,0.0,11.3,0.0,0.0,0.0,82.0
1747229879796,7.0,0.0,11.9,0.0,0.0,0.1,81.0
1747229881805,6.6,0.0,11.7,0.0,0.0,0.1,81.6
1747229883818,6.7,0.0,12.7,0.0,0.0,0.1,80.5
1747229885829,7.4,0.0,11.8,0.0,0.0,0.1,80.7
1747229887840,7.3,0.0,12.6,0.0,0.0,0.0,80.1
1747229889849,7.0,0.0,11.7,0.0,0.0,0.1,81.2
1747229891857,6.6,0.0,11.7,0.0,0.0,0.2,81.6
1747229893867,7.3,0.0,13.2,0.0,0.0,0.0,79.5
1747229895877,8.3,0.0,12.4,0.0,0.0,0.1,79.1
1747229897888,7.7,0.0,13.4,0.0,0.0,0.1,78.8
1747229899899,7.8,0.0,13.2,0.0,0.0,0.0,79.0
1747229901910,7.3,0.0,13.6,0.0,0.0,0.2,78.9
1747229903921,8.0,0.0,12.9,0.0,0.0,0.2,79.0
1747229905932,7.7,0.0,13.1,0.0,0.0,0.1,79.1
1747229907944,7.3,0.0,13.4,0.0,0.0,0.1,79.2
1747229909955,7.5,0.0,13.2,0.0,0.0,0.0,79.3
1747229911965,10.2,0.0,13.8,0.0,0.0,0.2,75.8
1747229913977,11.0,0.0,15.8,0.0,0.0,0.1,73.1
1747229915991,10.0,0.0,15.6,0.0,0.0,0.2,74.2
1747229918007,10.3,0.0,15.3,0.0,0.0,0.1,74.3
1747229920020,0.0,0.0,0.0,0.0,0.0,0.0,0.0
1747229922033,9.2,0.0,14.7,0.0,0.0,0.2,75.9
1747229924045,9.4,0.0,14.5,0.0,0.0,0.2,75.8
1747229926057,9.6,0.0,14.2,0.0,0.0,0.2,76.0
1747229928069,0.0,0.0,0.0,0.0,0.0,0.0,0.0
1747229930080,9.4,0.0,13.5,0.0,0.0,0.1,76.9
1747229932092,9.4,0.0,14.7,0.0,0.0,0.1,75.7
1747229934104,9.8,0.0,14.0,0.0,0.0,0.1,76.1
1747229936115,9.7,0.0,14.5,0.0,0.0,0.2,75.6
1747229938128,6.8,0.0,11.8,0.0,0.0,0.2,81.2
1747229940138,7.3,0.0,12.4,0.0,0.0,0.1,80.2
1747229942146,7.0,0.0,11.3,0.0,0.0,0.2,81.5
1747229944154,7.0,0.0,12.2,0.0,0.0,0.1,80.7
1747229946163,7.2,0.0,12.9,0.0,0.0,0.2,79.7
1747229948174,7.0,0.0,13.5,0.0,0.0,0.0,79.5
1747229950185,7.6,0.0,13.6,0.0,0.0,0.1,78.7
1747229952202,7.0,0.0,12.7,0.0,0.0,0.2,80.1
1747229954218,7.4,0.0,12.6,0.0,0.0,0.2,79.9
1747229956228,7.1,0.0,13.1,0.0,0.0,0.3,79.6
1747229958240,7.9,0.0,12.5,0.0,0.0,0.1,79.5
1747229960252,8.1,0.0,14.0,0.0,0.0,0.1,77.8
1747229962264,7.6,0.0,13.3,0.0,0.0,0.1,79.0
1747229964275,7.5,0.0,12.7,0.0,0.0,0.0,79.8
1747229966286,7.7,0.0,13.9,0.0,0.0,0.2,78.2
1747229968297,7.7,0.0,13.6,0.0,0.0,0.1,78.6
1747229970308,9.5,0.0,14.4,0.0,0.0,0.1,75.9
1747229972319,11.0,0.0,16.5,0.0,0.0,0.1,72.4
1747229974331,10.7,0.0,17.1,0.0,0.0,0.2,72.0
1747229976342,10.3,0.0,17.1,0.0,0.0,0.1,72.4
1747229978353,0.0,0.0,0.0,0.0,0.0,0.0,0.0
1747229980365,10.0,0.0,16.1,0.0,0.0,0.1,73.7
1747229982377,10.3,0.0,15.4,0.0,0.0,0.1,74.2
1747229984392,10.7,0.0,14.4,0.0,0.0,0.2,74.7
1747229986405,10.0,0.0,14.4,0.0,0.0,0.0,75.6
1747229988417,9.6,0.0,13.2,0.0,0.0,0.0,77.2
1747229990438,9.2,0.0,14.2,0.0,0.0,0.0,76.6
1747229992454,9.9,0.0,14.4,0.0,0.0,0.0,75.7
1747229994466,9.8,0.0,15.0,0.0,0.0,0.1,75.1
1747229996478,6.6,0.0,11.3,0.0,0.0,0.2,81.9
1747229998487,6.9,0.0,11.5,0.0,0.0,0.1,81.4
1747230000498,7.1,0.0,12.0,0.0,0.0,0.1,80.8
1747230002509,6.7,0.0,12.9,0.0,0.0,0.2,80.2
1747230004519,7.4,0.0,13.7,0.0,0.0,0.0,78.8
1747230006529,7.4,0.0,14.3,0.0,0.0,0.1,78.2
1747230008538,8.5,0.0,14.6,0.0,0.0,0.1,76.7
1747230010548,7.4,0.0,13.2,0.0,0.0,0.1,79.3
1747230012555,6.8,0.0,13.0,0.0,0.0,0.3,79.9
1747230014565,6.9,0.0,12.2,0.0,0.0,0.1,80.8
1747230016575,6.6,0.0,12.6,0.0,0.0,0.2,80.7
1747230018585,7.3,0.0,13.0,0.0,0.0,0.0,79.7
1747230020595,6.9,0.0,12.0,0.0,0.0,0.1,81.0
1747230022606,7.0,0.0,14.4,0.0,0.0,0.1,78.6
1747230024617,7.2,0.0,12.8,0.0,0.0,0.1,80.0
1747230026628,7.7,0.0,12.9,0.0,0.0,0.2,79.2
1747230028640,7.5,0.0,14.1,0.0,0.0,0.1,78.4
1747230030650,6.9,0.0,13.6,0.0,0.0,0.1,79.4
1747230032659,7.5,0.0,13.7,0.0,0.0,0.1,78.8
1747230034669,7.9,0.0,12.4,0.0,0.0,0.1,79.6
1747230036679,6.5,0.0,12.7,0.0,0.0,0.1,80.8
1747230038691,6.7,0.0,12.6,0.0,0.0,0.0,80.7
1747230040713,6.1,0.0,12.0,0.0,0.0,0.1,81.8
1747230042724,6.3,0.0,12.5,0.0,0.0,0.1,81.0
1747230044733,8.1,0.0,11.9,0.0,0.0,0.1,79.9
1747230046744,10.8,0.0,15.4,0.0,0.0,0.2,73.6
1747230048756,10.2,0.0,15.6,0.0,0.0,0.0,74.2
1747230050769,10.2,0.0,15.7,0.0,0.0,0.1,74.0
1747230052781,0.0,0.0,0.0,0.0,0.0,0.0,0.0
1747230054791,10.0,0.0,14.9,0.0,0.0,0.1,75.0
1747230056802,9.8,0.0,14.9,0.1,0.0,0.2,75.0
1747230058813,10.2,0.0,14.3,0.0,0.0,0.1,75.4
1747230060825,9.5,0.0,15.3,0.0,0.0,0.2,75.0
1747230062841,9.3,0.0,14.5,0.0,0.0,0.1,76.1
1747230064854,8.7,0.0,14.1,0.0,0.0,0.1,77.1
1747230066866,9.3,0.0,14.0,0.0,0.0,0.0,76.7
1747230068878,9.6,0.0,14.9,0.0,0.0,0.0,75.5
1747230070890,8.5,0.0,12.7,0.0,0.0,0.1,78.7
1747230072906,8.6,0.0,13.5,0.0,0.0,0.0,77.9
1747230074923,9.0,0.0,14.1,0.0,0.0,0.1,76.8
1747230076935,9.6,0.0,14.5,0.0,0.0,0.1,75.8
1747230078948,0.0,0.0,0.0,0.0,0.0,0.0,100.0
1747230080960,6.5,0.0,11.5,0.0,0.0,0.1,81.9
1747230082969,6.6,0.0,12.2,0.0,0.0,0.1,81.1
1747230084980,6.8,0.0,12.1,0.0,0.0,0.1,81.1
1747230086992,0.0,0.0,0.0,0.0,0.0,0.0,100.0
1747230089003,6.8,0.0,12.2,0.0,0.0,0.1,80.9
1747230091012,6.8,0.0,12.4,0.0,0.0,0.1,80.7
1747230093021,6.8,0.0,11.7,0.0,0.0,0.0,81.5
1747230095028,0.2,0.0,0.3,0.0,0.0,0.0,99.5
1747230097037,6.8,0.0,11.9,0.0,0.0,0.2,81.1
1747230099048,6.0,0.0,11.5,0.0,0.0,0.0,82.5
1747230101065,6.1,0.0,12.4,0.0,0.0,0.1,81.4
1747230103077,0.2,0.0,0.3,0.0,0.0,0.0,99.6
1747230105087,7.1,0.0,12.2,0.0,0.0,0.0,80.6
1747230107097,6.8,0.0,12.2,0.0,0.0,0.1,80.9
1747230109107,7.1,0.0,11.8,0.0,0.0,0.1,80.9
1747230111118,0.2,0.0,0.3,0.0,0.0,0.0,99.5
1747230113129,7.1,0.0,12.6,0.0,0.0,0.2,80.2
1747230115141,7.4,0.0,13.1,0.0,0.0,0.1,79.4
1747230117152,7.5,0.0,13.6,0.0,0.0,0.1,78.8
1747230119162,8.0,0.0,13.2,0.0,0.0,0.1,78.6
1747230121172,8.1,0.0,14.0,0.0,0.0,0.1,77.8
1747230123182,8.1,0.0,13.1,0.0,0.0,0.2,78.5
1747230125191,7.5,0.0,13.7,0.0,0.0,0.1,78.7
1747230127202,7.8,0.0,13.3,0.0,0.0,0.1,78.7
1747230129213,7.5,0.0,12.9,0.1,0.0,0.2,79.4
1747230131224,7.5,0.0,13.4,0.0,0.0,0.1,78.9
1747230133233,7.5,0.0,12.7,0.0,0.0,0.1,79.7
1747230135243,7.7,0.0,13.5,0.0,0.0,0.1,78.7
1747230137253,7.3,0.0,13.3,0.0,0.0,0.1,79.3
1747230139267,8.0,0.0,13.3,0.0,0.0,0.1,78.6
1747230141275,8.1,0.0,13.3,0.0,0.0,0.2,78.4
1747230143286,8.1,0.0,13.0,0.0,0.0,0.1,78.8
1747230145297,7.4,0.0,14.2,0.0,0.0,0.1,78.3
1747230147308,8.1,0.0,13.5,0.0,0.0,0.1,78.3
1747230149318,7.3,0.0,13.9,0.1,0.0,0.1,78.6
1747230151326,7.8,0.0,13.1,0.0,0.0,0.1,79.0
1747230153334,7.3,0.0,13.1,0.0,0.0,0.1,79.5
1747230155344,7.4,0.0,13.1,0.1,0.0,0.1,79.3
1747230157355,7.4,0.0,13.0,0.0,0.0,0.1,79.5
1747230159364,7.2,0.0,13.2,0.0,0.0,0.1,79.4
1747230161372,7.5,0.0,13.5,0.0,0.0,0.1,78.9
1747230163393,7.0,0.0,13.7,0.0,0.0,0.1,79.3
1747230165405,8.2,0.0,13.8,0.1,0.0,0.1,78.0
1747230167417,7.8,0.0,14.6,0.0,0.0,0.1,77.6
1747230169428,8.3,0.0,13.1,0.0,0.0,0.1,78.5
1747230171438,7.8,0.0,13.9,0.0,0.0,0.1,78.2
1747230173449,7.8,0.0,14.4,0.0,0.0,0.1,77.7
1747230175459,8.1,0.0,13.9,0.0,0.0,0.1,77.8
1747230177469,8.3,0.0,13.1,0.0,0.0,0.1,78.5
1747230179480,7.7,0.0,14.3,0.0,0.0,0.1,78.0
1747230181490,7.7,0.0,15.6,0.1,0.0,0.1,76.7
1747230183500,7.9,0.0,13.9,0.0,0.0,0.1,78.1
1747230185511,7.9,0.0,13.5,0.0,0.0,0.2,78.4
1747230187522,6.9,0.0,15.1,0.0,0.0,0.1,77.9
1747230189533,8.6,0.0,13.5,0.0,0.0,0.1,77.8
1747230191545,8.5,0.0,14.9,0.0,0.0,0.1,76.5
1747230193556,8.0,0.0,14.1,0.0,0.0,0.1,77.8
1747230195567,7.8,0.0,14.0,0.0,0.0,0.1,78.0
1747230197577,7.9,0.0,14.4,0.0,0.0,0.1,77.6
1747230199587,8.6,0.0,14.1,0.0,0.0,0.1,77.2
1747230201598,7.5,0.0,15.0,0.0,0.0,0.1,77.4
1747230203608,7.9,0.0,14.3,0.0,0.0,0.1,77.7
1747230205618,8.0,0.0,13.3,0.0,0.0,0.1,78.7
1747230207629,7.9,0.0,13.7,0.0,0.0,0.1,78.3
1747230209644,7.6,0.0,13.3,0.0,0.0,0.1,79.0
1747230211658,7.0,0.0,14.3,0.0,0.0,0.1,78.6
1747230213673,7.4,0.0,14.0,0.0,0.0,0.1,78.5
1747230215683,0.0,0.0,0.0,0.0,0.0,0.0,0.0
1747230217694,12.1,0.0,17.5,0.0,0.0,0.0,70.3
1747230219705,11.6,0.0,18.4,0.0,0.0,0.0,70.0
1747230221716,12.1,0.0,17.4,0.0,0.0,0.2,70.2
1747230223728,12.2,0.0,17.7,0.0,0.0,0.0,70.1
1747230225739,10.5,0.0,13.1,0.0,0.0,0.1,76.3
1747230227749,10.4,0.0,17.2,0.0,0.0,0.1,72.3
1747230229763,11.4,0.0,15.8,0.0,0.0,0.0,72.7
1747230231777,11.6,0.0,17.5,0.0,0.0,0.0,70.9
1747230233794,10.0,0.0,13.1,0.0,0.0,0.0,76.9
1747230235806,10.4,0.0,16.4,0.0,0.0,0.1,73.1
1747230237818,10.7,0.0,16.0,0.0,0.0,0.1,73.2
1747230239830,11.7,0.0,16.1,0.0,0.0,0.0,72.2
1747230241843,0.2,0.0,0.2,0.0,0.0,0.0,99.6
1747230243855,7.5,0.0,13.3,0.0,0.0,0.1,79.2
1747230245867,7.6,0.0,13.2,0.0,0.0,0.0,79.2
1747230247880,7.3,0.0,13.2,0.0,0.0,0.1,79.4
1747230249891,9.1,0.0,12.8,0.0,0.0,0.2,78.0
1747230251902,7.0,0.0,13.1,0.0,0.0,0.2,79.5
1747230253913,7.3,0.0,13.7,0.0,0.0,0.0,78.9
1747230255925,7.3,0.0,13.7,0.0,0.0,0.1,79.0
1747230257936,8.5,0.0,13.4,0.0,0.0,0.1,78.0
1747230259945,7.2,0.0,13.5,0.0,0.0,0.0,79.3
1747230261955,6.9,0.0,13.9,0.0,0.0,0.2,79.0
1747230263963,7.1,0.0,13.0,0.0,0.0,0.1,79.8
1747230265980,8.0,0.0,12.4,0.0,0.0,0.2,79.5
1747230267994,7.5,0.0,12.0,0.0,0.0,0.2,80.4
1747230270007,6.2,0.0,13.6,0.0,0.0,0.0,80.1
1747230272021,7.2,0.0,13.9,0.0,0.0,0.0,78.8
1747230274033,7.3,0.0,14.6,0.0,0.0,0.1,77.9
1747230276045,7.4,0.0,13.7,0.0,0.0,0.0,78.9
1747230278057,6.6,0.0,13.1,0.0,0.0,0.1,80.2
1747230280070,7.2,0.0,12.9,0.0,0.0,0.1,79.8
1747230282082,8.3,0.0,12.7,0.0,0.0,0.1,78.9
1747230284093,7.7,0.0,13.1,0.0,0.0,0.1,79.1
1747230286105,7.6,0.0,13.1,0.0,0.0,0.1,79.2
1747230288115,7.9,0.0,14.0,0.0,0.0,0.1,77.9
1747230290126,7.1,0.0,13.1,0.0,0.0,0.1,79.8
1747230292136,7.0,0.0,12.9,0.0,0.0,0.2,79.9
1747230294144,7.1,0.0,11.8,0.0,0.0,0.0,81.1
1747230296153,7.3,0.0,12.3,0.0,0.0,0.1,80.3
1747230298162,7.0,0.0,12.3,0.0,0.0,0.0,80.7
1747230300173,7.2,0.0,12.2,0.0,0.0,0.1,80.5
1747230302182,7.4,0.0,11.8,0.0,0.0,0.1,80.7
1747230304198,7.2,0.0,12.2,0.0,0.0,0.1,80.5
1747230306209,7.5,0.0,13.2,0.0,0.0,0.0,79.2
1747230308220,8.1,0.0,12.2,0.0,0.0,0.0,79.7
1747230310230,7.5,0.0,13.6,0.0,0.0,0.0,78.9
1747230312241,8.1,0.0,14.0,0.0,0.0,0.1,77.9
1747230314250,7.8,0.0,12.9,0.0,0.0,0.1,79.2
1747230316261,7.4,0.0,12.8,0.0,0.0,0.1,79.7
1747230318271,7.5,0.0,12.6,0.0,0.0,0.0,79.9
1747230320281,7.6,0.0,12.2,0.0,0.0,0.1,80.2
1747230322290,7.8,0.0,12.2,0.0,0.0,0.2,79.8
1747230324297,7.2,0.0,14.1,0.0,0.0,0.0,78.6
1747230326310,6.8,0.0,12.8,0.0,0.0,0.1,80.3
1747230328322,6.4,0.0,12.3,0.0,0.0,0.1,81.2
1747230330340,6.7,0.0,12.8,0.0,0.0,0.1,80.4
1747230332352,7.1,0.0,12.4,0.0,0.0,0.2,80.3
1747230334365,7.9,0.0,13.9,0.0,0.0,0.1,78.1
1747230336376,8.1,0.0,13.4,0.0,0.0,0.0,78.4
1747230338386,7.8,0.0,13.2,0.0,0.0,0.1,78.8
1747230340396,8.3,0.0,13.4,0.0,0.0,0.0,78.3
1747230342407,7.3,0.0,13.8,0.0,0.0,0.1,78.9
1747230344418,7.5,0.0,14.2,0.0,0.0,0.0,78.2
1747230346429,7.5,0.0,14.3,0.0,0.0,0.1,78.1
1747230348440,7.5,0.0,13.6,0.0,0.0,0.1,78.8
1747230350452,7.0,0.0,13.4,0.0,0.0,0.1,79.5
1747230352462,7.5,0.0,13.3,0.0,0.0,0.1,79.0
1747230354473,7.7,0.0,13.6,0.0,0.0,0.0,78.7
1747230356482,8.4,0.0,12.9,0.0,0.0,0.1,78.5
1747230358492,8.0,0.0,12.5,0.0,0.0,0.0,79.5
1747230360502,7.2,0.0,12.3,0.0,0.0,0.1,80.4
1747230362512,7.2,0.0,12.8,0.0,0.0,0.2,79.8
1747230364522,7.6,0.0,12.7,0.0,0.0,0.0,79.6
1747230366532,6.9,0.0,13.8,0.0,0.0,0.0,79.2
1747230368540,6.5,0.0,13.3,0.0,0.0,0.0,80.1
1747230370553,7.2,0.0,13.0,0.0,0.0,0.0,79.8
1747230372564,7.2,0.0,12.3,0.0,0.0,0.1,80.4
1747230374573,7.3,0.0,12.7,0.0,0.0,0.0,80.0
1747230376580,7.2,0.0,13.4,0.0,0.0,0.1,79.3
1747230378588,8.3,0.0,13.2,0.0,0.0,0.0,78.5
1747230380598,8.6,0.0,13.6,0.0,0.0,0.1,77.6
1747230382607,7.1,0.0,12.8,0.0,0.0,0.1,79.9
1747230384614,6.9,0.0,12.7,0.0,0.0,0.1,80.3
1747230386623,7.0,0.0,12.3,0.0,0.0,0.2,80.5
1747230388633,7.0,0.0,12.1,0.0,0.0,0.1,80.8
1747230390641,7.3,0.0,12.4,0.0,0.0,0.1,80.2
1747230392651,7.5,0.0,12.5,0.0,0.0,0.1,79.9
1747230394663,8.1,0.0,13.5,0.0,0.0,0.0,78.4
1747230396677,8.2,0.0,12.3,0.0,0.0,0.2,79.3
1747230398686,7.7,0.0,13.0,0.0,0.0,0.1,79.2
1747230400696,7.3,0.0,13.4,0.0,0.0,0.1,79.2
1747230402706,7.8,0.0,13.1,0.0,0.0,0.0,79.0
1747230404717,7.5,0.0,13.2,0.0,0.0,0.1,79.2
1747230406726,8.0,0.0,13.3,0.0,0.0,0.2,78.5
1747230408737,7.7,0.0,13.7,0.0,0.0,0.0,78.5
1747230410747,8.7,0.0,14.2,0.0,0.0,0.0,77.0
1747230412759,7.2,0.0,13.5,0.0,0.0,0.2,79.1
1747230414769,6.9,0.0,14.1,0.0,0.0,0.1,79.0
1747230416780,7.2,0.0,13.5,0.0,0.0,0.2,79.0
1747230418791,8.6,0.0,14.2,0.0,0.0,0.1,77.1
1747230420801,7.4,0.0,13.2,0.0,0.0,0.2,79.2
1747230422812,7.8,0.0,12.9,0.0,0.0,0.1,79.3
1747230424821,7.6,0.0,13.4,0.0,0.0,0.2,78.8
1747230426831,7.7,0.0,12.9,0.0,0.0,0.2,79.2
1747230428843,7.2,0.0,12.9,0.0,0.0,0.1,79.7
1747230430854,7.6,0.0,13.3,0.0,0.0,0.1,79.0
1747230432865,7.8,0.0,13.3,0.0,0.0,0.1,78.8
1747230434875,7.6,0.0,13.7,0.0,0.0,0.1,78.7
1747230436884,7.3,0.0,12.4,0.0,0.0,0.2,80.1
1747230438893,7.3,0.0,12.9,0.0,0.0,0.1,79.7
1747230440902,7.2,0.0,13.4,0.0,0.0,0.1,79.3
1747230442918,7.7,0.0,12.8,0.0,0.0,0.0,79.5
1747230444934,7.5,0.0,12.7,0.0,0.0,0.1,79.8
1747230446943,7.3,0.0,13.0,0.0,0.0,0.1,79.5
1747230448955,7.6,0.0,12.8,0.0,0.0,0.1,79.5
1747230450965,7.4,0.0,13.8,0.0,0.0,0.0,78.8
1747230452976,7.7,0.0,14.2,0.0,0.0,0.0,78.0
1747230454987,7.8,0.0,13.8,0.0,0.0,0.1,78.3
1747230456996,7.5,0.0,13.2,0.0,0.0,0.1,79.2
1747230459014,7.8,0.0,13.3,0.0,0.0,0.1,78.8
1747230461028,8.5,0.0,12.5,0.0,0.0,0.0,78.9
1747230463046,7.4,0.0,12.9,0.0,0.0,0.1,79.6
1747230465054,7.7,0.0,12.6,0.0,0.0,0.1,79.7
1747230467064,8.2,0.0,13.6,0.0,0.0,0.2,78.1
1747230469073,8.2,0.0,13.4,0.0,0.0,0.1,78.3
1747230471085,7.9,0.0,13.3,0.0,0.0,0.1,78.7
1747230473096,7.4,0.0,13.2,0.0,0.0,0.1,79.2
1747230475107,8.5,0.0,13.6,0.0,0.0,0.2,77.7
1747230477117,8.8,0.0,13.1,0.0,0.0,0.1,78.0
1747230479127,8.0,0.0,12.8,0.0,0.0,0.1,79.2
1747230481138,7.7,0.0,14.3,0.0,0.0,0.2,77.8
1747230483149,8.4,0.0,13.6,0.0,0.0,0.1,77.9
1747230485158,9.1,0.0,13.1,0.0,0.0,0.1,77.8
1747230487167,7.5,0.0,13.7,0.0,0.0,0.1,78.7
1747230489177,7.2,0.0,13.9,0.0,0.0,0.0,78.8
1747230491188,7.6,0.0,13.7,0.0,0.0,0.1,78.6
1747230493198,9.8,0.0,13.6,0.0,0.0,0.2,76.5
1747230495208,7.4,0.0,14.1,0.0,0.0,0.1,78.4
1747230497218,7.2,0.0,14.0,0.0,0.0,0.1,78.7
1747230499228,8.1,0.0,13.8,0.0,0.0,0.0,78.2
1747230501238,9.0,0.0,13.6,0.0,0.0,0.1,77.3
1747230503247,7.2,0.0,14.3,0.0,0.0,0.0,78.5
1747230505256,7.8,0.0,13.8,0.0,0.0,0.0,78.4
1747230507267,7.8,0.0,13.5,0.0,0.0,0.1,78.6
