timestamp_ms,usr%,nice%,sys%,iowait%,irq%,soft%,steal%,idle%
1747228568402,7.5,0.0,10.1,0.0,0.0,0.2,82.2
1747228570412,5.5,0.0,9.3,0.0,0.0,0.3,85.0
1747228572421,5.4,0.0,9.7,0.0,0.0,0.2,84.6
1747228574434,4.8,0.0,10.1,0.0,0.0,0.1,85.0
1747228576444,6.0,0.0,9.6,0.0,0.0,0.2,84.3
1747228578455,4.7,0.0,9.6,0.0,0.0,0.2,85.4
1747228580466,5.2,0.0,9.9,0.0,0.0,0.2,84.7
1747228582476,5.8,0.0,10.3,0.0,0.0,0.2,83.8
1747228584486,6.7,0.0,9.7,0.0,0.0,0.2,83.4
1747228586496,5.6,0.0,9.2,0.0,0.0,0.2,85.0
1747228588505,5.7,0.0,9.5,0.0,0.0,0.1,84.7
1747228590515,6.6,0.0,10.0,0.0,0.0,0.1,83.3
1747228592526,7.4,0.0,10.2,0.0,0.0,0.4,82.0
1747228594550,5.2,0.0,9.1,0.0,0.0,0.1,85.6
1747228596563,4.8,0.0,9.4,0.0,0.0,0.0,85.8
1747228598576,5.2,0.0,8.5,0.0,0.0,0.0,86.2
1747228600585,6.0,0.0,8.6,0.0,0.0,0.1,85.3
1747228602608,5.0,0.0,8.7,0.0,0.0,0.0,86.2
1747228604618,4.7,0.0,10.0,0.0,0.0,0.2,85.1
1747228606629,5.1,0.0,9.5,0.0,0.0,0.1,85.3
1747228608642,6.4,0.0,9.6,0.0,0.0,0.1,83.9
1747228610654,5.5,0.0,9.3,0.0,0.0,0.1,85.1
1747228612666,5.2,0.0,9.3,0.0,0.0,0.0,85.5
1747228614677,5.4,0.0,9.2,0.0,0.0,0.1,85.3
1747228616689,7.6,0.0,10.9,0.0,0.0,0.2,81.3
1747228618700,5.1,0.0,9.6,0.0,0.0,0.0,85.3
1747228620711,5.5,0.0,9.5,0.0,0.0,0.1,84.9
1747228622722,5.2,0.0,9.4,0.0,0.0,0.1,85.2
1747228624734,5.7,0.0,10.1,0.0,0.0,0.2,84.0
1747228626745,5.2,0.0,8.9,0.0,0.0,0.1,85.7
1747228628757,5.2,0.0,9.3,0.0,0.0,0.1,85.4
1747228630768,5.6,0.0,8.8,0.0,0.0,0.1,85.6
1747228632780,5.8,0.0,9.3,0.0,0.0,0.2,84.7
1747228634791,4.8,0.0,10.1,0.0,0.0,0.1,85.0
1747228636803,5.1,0.0,9.7,0.0,0.0,0.1,85.1
1747228638814,5.2,0.0,9.3,0.0,0.0,0.0,85.5
1747228640826,6.0,0.0,10.1,0.0,0.0,0.1,83.8
1747228642837,5.7,0.0,9.9,0.0,0.0,0.1,84.2
1747228644848,6.0,0.0,9.9,0.0,0.0,0.1,83.9
1747228646859,5.9,0.0,10.0,0.0,0.0,0.0,84.0
1747228648873,6.0,0.0,9.7,0.0,0.0,0.1,84.2
1747228650885,5.8,0.0,10.3,0.0,0.0,0.1,83.8
1747228652897,5.6,0.0,8.8,0.0,0.0,0.1,85.6
1747228654910,5.5,0.0,9.1,0.0,0.0,0.0,85.3
1747228656923,6.7,0.0,8.9,0.0,0.0,0.0,84.4
1747228658936,5.0,0.0,9.4,0.0,0.0,0.0,85.6
1747228660947,5.5,0.0,9.1,0.0,0.0,0.0,85.4
1747228662958,5.2,0.0,9.2,0.0,0.0,0.2,85.3
1747228664969,6.3,0.0,9.1,0.0,0.0,0.5,84.1
1747228666980,5.9,0.0,9.4,0.0,0.0,0.1,84.7
1747228668991,5.4,0.0,9.6,0.0,0.0,0.1,84.9
1747228671002,5.5,0.0,10.7,0.0,0.0,0.1,83.8
1747228673019,6.9,0.0,10.5,0.0,0.0,0.1,82.5
1747228675034,5.2,0.0,9.2,0.0,0.0,0.3,85.3
1747228677046,5.8,0.0,8.8,0.0,0.0,0.1,85.3
1747228679058,5.3,0.0,9.1,0.0,0.0,0.0,85.5
1747228681071,5.8,0.0,9.6,0.0,0.0,0.2,84.5
1747228683082,4.9,0.0,10.1,0.0,0.0,0.0,85.0
1747228685092,5.1,0.0,10.0,0.0,0.0,0.2,84.7
1747228687103,4.8,0.0,10.1,0.0,0.0,0.1,85.0
1747228689114,6.5,0.0,9.7,0.0,0.0,0.1,83.7
1747228691125,5.4,0.0,10.1,0.0,0.0,0.1,84.4
1747228693135,5.3,0.0,10.6,0.0,0.0,0.1,84.0
1747228695145,6.0,0.0,9.7,0.0,0.0,0.2,84.1
1747228697156,8.0,0.0,11.3,0.0,0.0,0.1,80.7
1747228699167,5.8,0.0,10.1,0.0,0.0,0.1,84.1
1747228701179,6.0,0.0,9.1,0.0,0.0,0.1,84.9
1747228703189,5.5,0.0,9.7,0.0,0.0,0.1,84.7
1747228705201,6.3,0.0,10.1,0.0,0.0,0.2,83.4
1747228707212,5.7,0.0,9.6,0.0,0.0,0.1,84.6
1747228709223,5.7,0.0,10.2,0.0,0.0,0.0,84.1
1747228711235,5.5,0.0,9.8,0.0,0.0,0.1,84.7
1747228713246,6.4,0.0,9.3,0.0,0.0,0.1,84.2
1747228715258,5.2,0.0,10.2,0.0,0.0,0.3,84.4
1747228717268,5.2,0.0,10.3,0.0,0.0,0.2,84.4
1747228719278,5.3,0.0,9.7,0.0,0.0,0.0,85.0
1747228721289,6.1,0.0,10.1,0.0,0.0,0.1,83.7
1747228723298,5.2,0.0,10.6,0.0,0.0,0.1,84.1
1747228725307,6.0,0.0,10.2,0.0,0.0,0.2,83.7
1747228727317,5.3,0.0,10.9,0.0,0.0,0.3,83.5
1747228729328,6.1,0.0,9.9,0.0,0.0,0.1,83.9
1747228731337,5.7,0.0,9.7,0.0,0.0,0.1,84.5
1747228733348,5.1,0.0,9.9,0.0,0.0,0.1,84.8
1747228735359,4.8,0.0,10.3,0.0,0.0,0.4,84.5
1747228737370,6.8,0.0,9.6,0.0,0.0,0.2,83.5
1747228739381,5.4,0.0,10.3,0.0,0.0,0.1,84.2
1747228741391,4.6,0.0,10.8,0.0,0.0,0.1,84.5
1747228743402,5.1,0.0,11.0,0.0,0.0,0.1,83.8
1747228745411,6.4,0.0,10.4,0.0,0.0,0.2,83.0
1747228747419,5.4,0.0,10.2,0.0,0.0,0.0,84.3
1747228749427,5.0,0.0,10.6,0.0,0.0,0.2,84.1
1747228751439,6.0,0.0,9.4,0.0,0.0,0.1,84.5
1747228753453,6.3,0.0,10.2,0.0,0.0,0.3,83.2
1747228755475,5.8,0.0,10.0,0.0,0.0,0.1,84.1
1747228757488,5.6,0.0,8.9,0.0,0.0,0.0,85.5
1747228759503,5.4,0.0,9.2,0.0,0.0,0.1,85.3
1747228761511,6.1,0.0,9.5,0.0,0.0,0.1,84.3
1747228763522,5.3,0.0,9.5,0.0,0.0,0.2,85.0
1747228765534,5.1,0.0,10.0,0.0,0.0,0.1,84.7
1747228767544,5.4,0.0,9.9,0.0,0.0,0.0,84.6
1747228769556,5.9,0.0,11.1,0.0,0.0,0.1,82.9
1747228771567,5.5,0.0,9.8,0.0,0.0,0.1,84.6
1747228773578,5.0,0.0,10.0,0.0,0.0,0.3,84.7
1747228775589,5.1,0.0,10.4,0.0,0.0,0.2,84.3
1747228777600,6.4,0.0,9.9,0.0,0.0,0.3,83.3
1747228779611,6.1,0.0,9.8,0.0,0.0,0.2,83.9
1747228781622,6.5,0.0,10.8,0.0,0.0,0.0,82.7
1747228783633,5.5,0.0,10.3,0.0,0.0,0.2,84.0
1747228785644,7.0,0.0,9.1,0.0,0.0,0.2,83.7
1747228787655,5.7,0.0,9.8,0.0,0.0,0.0,84.3
1747228789666,5.3,0.0,9.7,0.0,0.0,0.2,84.8
1747228791677,5.5,0.0,10.1,0.0,0.0,0.2,84.3
1747228793688,7.3,0.0,9.8,0.0,0.0,0.3,82.5
1747228795699,5.7,0.0,10.2,0.0,0.0,0.3,83.9
1747228797710,4.8,0.0,10.5,0.0,0.0,0.4,84.3
1747228799721,5.4,0.0,10.1,0.0,0.0,0.0,84.5
1747228801733,6.6,0.0,9.9,0.0,0.0,0.2,83.3
1747228803744,5.4,0.0,11.0,0.0,0.0,0.1,83.5
1747228805754,6.2,0.0,10.5,0.0,0.0,0.1,83.2
1747228807766,6.5,0.0,11.6,0.0,0.0,0.1,81.9
1747228809776,0.0,0.0,0.0,0.0,0.0,0.0,0.0
1747228811785,7.6,0.0,12.8,0.0,0.0,0.0,79.5
1747228813797,7.8,0.0,11.6,0.0,0.0,0.2,80.4
1747228815809,8.3,0.0,11.1,0.0,0.0,0.2,80.4
1747228817821,7.9,0.0,12.5,0.0,0.0,0.1,79.5
1747228819832,6.7,0.0,9.6,0.0,0.0,0.2,83.5
1747228821842,6.9,0.0,11.1,0.0,0.0,0.1,81.9
1747228823860,7.2,0.0,11.5,0.0,0.0,0.1,81.1
1747228825875,8.2,0.0,12.1,0.0,0.0,0.2,79.5
1747228827886,6.6,0.0,9.8,0.0,0.0,0.2,83.3
1747228829896,7.2,0.0,11.0,0.0,0.0,0.1,81.7
1747228831907,7.4,0.0,10.9,0.0,0.0,0.1,81.5
1747228833919,7.9,0.0,11.7,0.0,0.0,0.2,80.2
1747228835931,0.1,0.0,0.2,0.0,0.0,0.0,99.7
1747228837942,6.5,0.0,8.9,0.0,0.0,0.2,84.5
1747228839951,5.5,0.0,10.1,0.0,0.0,0.2,84.2
1747228841962,5.3,0.0,10.6,0.0,0.0,0.1,84.1
1747228843972,0.2,0.0,0.3,0.0,0.0,0.0,99.5
1747228845983,5.8,0.0,9.6,0.0,0.0,0.2,84.3
1747228847995,5.3,0.0,9.8,0.0,0.0,0.1,84.8
1747228850006,5.9,0.0,9.5,0.0,0.0,0.3,84.3
1747228852016,0.1,0.0,0.2,0.0,0.0,0.0,99.6
1747228854027,5.7,0.0,10.3,0.0,0.0,0.1,83.9
1747228856038,5.8,0.0,10.2,0.0,0.0,0.1,83.9
1747228858049,5.3,0.0,10.8,0.0,0.0,0.0,83.9
1747228860060,0.0,0.0,0.0,0.0,0.0,0.0,0.0
1747228862070,8.1,0.0,12.3,0.0,0.0,0.1,79.4
1747228864081,8.0,0.0,12.1,0.0,0.0,0.2,79.7
1747228866092,7.9,0.0,12.2,0.0,0.0,0.1,79.8
1747228868104,8.6,0.0,13.2,0.0,0.0,0.0,78.2
1747228870113,6.1,0.0,10.1,0.0,0.0,0.2,83.6
1747228872122,7.8,0.0,11.6,0.0,0.0,0.1,80.5
1747228874134,7.8,0.0,11.4,0.0,0.0,0.1,80.7
1747228876146,8.5,0.0,12.1,0.0,0.0,0.1,79.3
1747228878158,0.0,0.0,0.0,0.0,0.0,0.0,0.0
1747228880169,7.2,0.0,11.2,0.0,0.0,0.2,81.4
1747228882181,7.4,0.0,11.6,0.0,0.0,0.3,80.7
1747228884193,7.1,0.0,11.5,0.0,0.0,0.1,81.2
1747228886205,0.1,0.0,0.1,0.0,0.0,0.0,99.8
1747228888215,5.4,0.0,9.0,0.0,0.0,0.1,85.5
1747228890223,5.2,0.0,8.6,0.0,0.0,0.3,86.0
1747228892231,5.5,0.0,9.1,0.0,0.0,0.1,85.4
1747228894240,0.1,0.0,0.2,0.0,0.0,0.0,99.7
1747228896248,5.5,0.0,10.4,0.0,0.0,0.1,84.1
1747228898257,4.8,0.0,9.5,0.0,0.0,0.0,85.7
1747228900278,5.2,0.0,9.8,0.0,0.0,0.0,85.0
1747228902289,0.0,0.0,0.0,0.0,0.0,0.0,0.0
1747228904299,7.7,0.0,11.4,0.0,0.0,0.0,80.9
1747228906310,7.6,0.0,12.0,0.0,0.0,0.1,80.3
1747228908321,7.5,0.0,11.9,0.0,0.0,0.0,80.6
1747228910333,8.3,0.0,12.5,0.0,0.0,0.1,79.1
1747228912343,5.9,0.0,9.3,0.0,0.0,0.1,84.7
1747228914351,7.8,0.0,11.0,0.0,0.0,0.1,81.1
1747228916363,7.0,0.0,11.7,0.0,0.0,0.1,81.1
1747228918375,7.2,0.0,12.7,0.0,0.0,0.1,80.0
1747228920386,6.6,0.0,9.4,0.0,0.0,0.2,83.8
1747228922395,5.5,0.0,9.8,0.0,0.0,0.0,84.6
1747228924404,5.9,0.0,9.7,0.0,0.0,0.1,84.3
1747228926414,5.6,0.0,10.4,0.0,0.0,0.1,83.9
1747228928423,0.1,0.0,0.2,0.0,0.0,0.0,99.6
1747228930435,6.0,0.0,10.5,0.0,0.0,0.2,83.2
1747228932445,5.5,0.0,10.0,0.0,0.0,0.1,84.5
1747228934455,6.0,0.0,9.8,0.0,0.0,0.1,84.1
1747228936467,6.3,0.0,10.2,0.0,0.0,0.2,83.3
1747228938476,5.3,0.0,10.2,0.0,0.0,0.1,84.4
1747228940487,5.7,0.0,9.8,4.1,0.0,0.2,80.2
1747228942498,5.7,0.0,9.7,0.0,0.0,0.0,84.6
1747228944508,7.3,0.0,9.5,0.0,0.0,0.1,83.2
1747228946518,5.6,0.0,10.1,3.8,0.0,0.1,80.5
1747228948528,5.6,0.0,9.9,0.0,0.0,0.1,84.4
1747228950538,5.5,0.0,10.1,0.0,0.0,0.2,84.1
1747228952548,6.6,0.0,9.6,0.0,0.0,0.1,83.7
1747228954559,5.4,0.0,10.6,0.0,0.0,0.0,84.0
1747228956569,5.9,0.0,10.9,0.0,0.0,0.2,83.0
1747228958577,6.6,0.0,10.4,0.0,0.0,0.1,82.8
1747228960586,6.3,0.0,9.3,0.0,0.0,0.3,84.1
1747228962598,5.5,0.0,9.2,0.0,0.0,0.2,85.1
1747228964606,5.0,0.0,9.5,0.0,0.0,0.1,85.4
1747228966615,5.2,0.0,9.1,0.0,0.0,0.0,85.6
1747228968626,5.9,0.0,10.0,0.0,0.0,0.2,83.9
1747228970642,5.7,0.0,8.7,0.0,0.0,0.2,85.4
1747228972654,5.2,0.0,9.7,0.0,0.0,0.1,85.0
1747228974665,5.6,0.0,9.6,0.0,0.0,0.1,84.6
1747228976676,6.8,0.0,9.3,0.0,0.0,0.2,83.7
1747228978687,5.4,0.0,9.5,0.0,0.0,0.1,84.9
1747228980699,5.1,0.0,10.3,0.0,0.0,0.2,84.4
1747228982711,5.6,0.0,10.0,0.0,0.0,0.2,84.1
1747228984722,6.7,0.0,10.1,0.0,0.0,0.3,82.9
1747228986734,5.7,0.0,10.0,0.0,0.0,0.1,84.2
1747228988747,5.8,0.0,10.5,0.0,0.0,0.1,83.6
1747228990759,5.8,0.0,9.6,0.0,0.0,0.2,84.4
1747228992770,6.2,0.0,10.2,0.0,0.0,0.1,83.4
1747228994781,5.7,0.0,10.2,0.0,0.0,0.2,83.9
1747228996792,4.9,0.0,10.8,0.0,0.0,0.2,84.1
1747228998804,5.5,0.0,10.1,0.0,0.0,0.1,84.3
1747229000816,6.7,0.0,9.6,0.0,0.0,0.2,83.5
1747229002829,5.5,0.0,9.7,0.0,0.0,0.1,84.7
1747229004841,5.5,0.0,10.0,0.0,0.0,0.1,84.3
1747229006851,5.4,0.0,10.6,0.0,0.0,0.2,83.9
1747229008862,6.9,0.0,10.9,0.0,0.0,0.2,82.0
1747229010874,6.0,0.0,11.0,0.0,0.0,0.2,82.8
1747229012887,6.7,0.0,11.4,0.0,0.0,0.1,81.7
1747229014898,5.0,0.0,12.1,0.0,0.0,0.1,82.8
1747229016910,7.0,0.0,9.7,0.0,0.0,0.2,83.1
1747229018922,5.9,0.0,9.8,0.0,0.0,0.1,84.2
1747229020935,5.8,0.0,9.8,0.0,0.0,0.3,84.1
1747229022947,5.7,0.0,10.0,0.0,0.0,0.1,84.2
1747229024959,6.2,0.0,10.2,0.0,0.0,0.1,83.4
1747229026971,5.4,0.0,10.1,0.0,0.0,0.2,84.3
1747229028984,5.6,0.0,9.8,0.0,0.0,0.2,84.4
1747229030995,5.5,0.0,9.9,0.0,0.0,0.2,84.3
1747229033006,6.7,0.0,9.7,0.0,0.0,0.1,83.5
1747229035014,5.7,0.0,10.0,0.0,0.0,0.1,84.1
1747229037022,6.1,0.0,9.9,0.0,0.0,0.2,83.8
1747229039032,6.3,0.0,10.1,0.0,0.0,0.2,83.4
1747229041042,6.2,0.0,10.1,0.0,0.0,0.2,83.4
1747229043053,6.0,0.0,10.2,0.0,0.0,0.1,83.8
1747229045062,5.1,0.0,9.4,0.0,0.0,0.1,85.4
1747229047071,5.4,0.0,10.1,0.0,0.0,0.2,84.3
1747229049079,5.9,0.0,10.2,0.0,0.0,0.2,83.8
1747229051093,5.2,0.0,9.7,0.0,0.0,0.3,84.8
1747229053108,5.5,0.0,10.3,0.0,0.0,0.2,83.9
1747229055118,5.6,0.0,9.4,0.0,0.0,0.1,84.9
1747229057128,6.3,0.0,10.1,0.0,0.0,0.1,83.5
1747229059140,5.8,0.0,10.3,0.0,0.0,0.2,83.7
1747229061151,5.6,0.0,10.5,0.0,0.0,0.3,83.7
1747229063161,6.2,0.0,9.7,0.0,0.0,0.1,84.0
1747229065173,5.9,0.0,11.0,0.0,0.0,0.2,82.9
1747229067184,6.6,0.0,10.6,0.0,0.0,0.0,82.7
1747229069194,6.2,0.0,10.9,0.0,0.0,0.2,82.8
1747229071203,5.8,0.0,10.1,0.0,0.0,0.5,83.6
1747229073213,5.9,0.0,10.1,0.0,0.0,0.2,83.8
1747229075222,5.7,0.0,10.5,0.0,0.0,0.0,83.8
1747229077234,5.6,0.0,10.8,0.0,0.0,0.1,83.5
1747229079245,5.7,0.0,10.3,0.0,0.0,0.0,83.9
1747229081254,5.5,0.0,10.8,0.0,0.0,0.2,83.5
1747229083266,5.4,0.0,10.7,0.0,0.0,0.1,83.8
1747229085277,5.8,0.0,10.3,0.0,0.0,0.0,83.9
1747229087287,5.9,0.0,10.1,0.0,0.0,0.1,83.9
1747229089298,6.3,0.0,10.7,0.0,0.0,0.1,82.9
1747229091309,5.8,0.0,10.2,0.0,0.0,0.3,83.7
1747229093320,6.2,0.0,10.2,0.0,0.0,0.1,83.5
1747229095330,5.6,0.0,10.2,0.0,0.0,0.1,84.0
1747229097340,5.7,0.0,10.2,0.0,0.0,0.1,84.0
1747229099350,6.0,0.0,10.1,0.0,0.0,0.2,83.8
1747229101361,5.2,0.0,10.7,0.0,0.0,0.1,83.9
1747229103371,5.9,0.0,10.2,0.0,0.0,0.0,83.9
1747229105382,5.7,0.0,10.6,0.0,0.0,0.1,83.6
1747229107390,5.9,0.0,10.6,0.0,0.0,0.0,83.5
1747229109402,5.8,0.0,10.6,0.0,0.0,0.1,83.5
1747229111414,5.3,0.0,9.5,0.0,0.0,0.1,85.2
1747229113429,6.0,0.0,9.9,0.0,0.0,0.1,84.1
1747229115445,6.2,0.0,10.6,0.0,0.0,0.1,83.1
1747229117461,6.3,0.0,10.6,0.0,0.0,0.1,83.0
1747229119473,5.7,0.0,9.9,0.0,0.0,0.1,84.4
1747229121482,5.9,0.0,10.5,0.0,0.0,0.1,83.5
1747229123494,5.9,0.0,9.8,0.0,0.0,0.1,84.3
1747229125505,5.6,0.0,10.3,0.0,0.0,0.3,83.7
1747229127516,5.4,0.0,10.4,0.0,0.0,0.0,84.1
1747229129527,5.7,0.0,10.9,0.0,0.0,0.0,83.4
1747229131537,5.9,0.0,10.2,0.0,0.0,0.2,83.7
1747229133549,6.0,0.0,9.9,0.0,0.0,0.1,84.0
1747229135560,6.1,0.0,10.8,0.0,0.0,0.1,83.0
1747229137571,5.9,0.0,10.7,0.0,0.0,0.1,83.3
1747229139583,6.4,0.0,11.9,0.0,0.0,0.1,81.7
1747229141594,7.0,0.0,11.6,0.0,0.0,0.0,81.2
1747229143605,6.2,0.0,10.6,0.0,0.0,0.2,83.0
1747229145615,5.5,0.0,10.6,0.0,0.0,0.2,83.8
1747229147626,5.5,0.0,10.8,0.0,0.0,0.0,83.7
1747229149637,5.9,0.0,10.1,0.0,0.0,0.1,83.9
1747229151647,5.5,0.0,10.1,0.0,0.0,0.1,84.3
1747229153658,5.9,0.0,10.2,0.0,0.0,0.3,83.5
1747229155667,7.7,0.0,12.0,0.0,0.0,0.4,80.0
1747229157678,8.3,0.0,13.0,0.0,0.0,0.1,78.7
1747229159689,8.8,0.0,12.7,0.0,0.0,0.1,78.5
1747229161700,9.0,0.0,14.0,0.0,0.0,0.1,77.0
1747229163711,0.0,0.0,0.0,0.0,0.0,0.0,0.0
1747229165724,8.2,0.0,12.4,0.0,0.0,0.2,79.2
1747229167735,8.5,0.0,11.8,0.0,0.0,0.1,79.6
1747229169746,8.4,0.0,11.3,0.0,0.0,0.0,80.3
1747229171758,0.0,0.0,0.0,0.0,0.0,0.0,0.0
1747229173770,7.2,0.0,11.6,0.0,0.0,0.1,81.0
1747229175785,7.3,0.0,12.0,0.0,0.0,0.2,80.5
1747229177797,7.6,0.0,11.4,0.0,0.0,0.1,80.9
1747229179809,7.3,0.0,11.5,0.0,0.0,0.0,81.2
1747229181826,6.1,0.0,8.7,0.0,0.0,0.1,85.2
1747229183836,5.2,0.0,9.4,0.0,0.0,0.1,85.2
1747229185844,6.2,0.0,8.6,0.0,0.0,0.1,85.0
1747229187854,5.8,0.0,9.8,0.0,0.0,0.1,84.3
1747229189867,5.6,0.0,9.3,0.0,0.0,0.1,85.0
1747229191879,5.9,0.0,9.9,0.0,0.0,0.2,84.0
1747229193890,5.9,0.0,10.8,0.0,0.0,0.3,82.9
1747229195900,6.0,0.0,10.7,0.0,0.0,0.2,83.1
1747229197911,6.0,0.0,11.0,0.0,0.0,0.1,82.9
1747229199922,6.5,0.0,10.7,0.0,0.0,0.3,82.5
1747229201934,6.3,0.0,11.1,0.0,0.0,0.1,82.5
1747229203947,6.2,0.0,12.0,0.0,0.0,0.2,81.6
1747229205957,7.2,0.0,11.2,0.0,0.0,0.1,81.4
1747229207967,6.4,0.0,12.5,0.0,0.0,0.1,81.0
1747229209976,6.0,0.0,11.5,0.0,0.0,0.1,82.4
1747229211989,6.4,0.0,11.8,0.0,0.0,0.1,81.8
1747229214001,6.7,0.0,11.4,0.0,0.0,0.2,81.7
1747229216014,6.6,0.0,11.1,0.0,0.0,0.0,82.2
1747229218027,6.5,0.0,11.7,0.0,0.0,0.2,81.7
1747229220039,6.5,0.0,12.3,0.0,0.0,0.1,81.1
1747229222052,7.1,0.0,10.8,0.0,0.0,0.1,82.0
1747229224065,6.1,0.0,11.5,0.0,0.0,0.2,82.3
1747229226077,6.2,0.0,11.3,0.0,0.0,0.2,82.3
1747229228088,6.8,0.0,11.5,0.0,0.0,0.3,81.4
1747229230099,6.7,0.0,11.6,0.0,0.0,0.1,81.6
1747229232108,5.8,0.0,13.4,0.0,0.0,0.0,80.8
1747229234118,6.7,0.0,11.2,0.0,0.0,0.1,82.0
1747229236128,6.7,0.0,11.4,0.0,0.0,0.2,81.7
1747229238140,5.9,0.0,11.6,0.0,0.0,0.3,82.1
1747229240151,6.2,0.0,11.5,0.0,0.0,0.2,82.1
1747229242162,6.5,0.0,12.5,0.0,0.0,0.1,80.9
1747229244173,6.5,0.0,12.1,0.0,0.0,0.2,81.3
1747229246184,8.5,0.0,12.1,0.0,0.0,0.2,79.2
1747229248194,6.7,0.0,10.8,0.0,0.0,0.1,82.3
1747229250203,6.4,0.0,10.6,0.0,0.0,0.1,82.9
1747229252216,5.8,0.0,11.7,0.0,0.0,0.1,82.4
1747229254227,6.5,0.0,11.6,0.0,0.0,0.2,81.7
1747229256237,6.2,0.0,11.1,0.0,0.0,0.2,82.5
1747229258245,5.4,0.0,11.2,0.0,0.0,0.1,83.2
1747229260253,5.8,0.0,11.1,0.0,0.0,0.1,83.0
1747229262263,6.1,0.0,10.6,0.0,0.0,0.2,83.1
1747229264290,5.5,0.0,11.3,0.0,0.0,0.2,83.1
1747229266319,6.1,0.0,10.3,0.0,0.0,0.3,83.4
1747229268359,6.3,0.0,11.2,0.0,0.0,0.2,82.3
1747229270382,7.2,0.0,10.2,0.0,0.0,0.2,82.4
1747229272392,9.3,0.0,13.2,0.0,0.0,0.1,77.4
1747229274405,9.2,0.0,13.1,0.0,0.0,0.1,77.5
1747229276416,8.5,0.0,13.8,0.0,0.0,0.2,77.6
1747229278427,0.0,0.0,0.0,0.0,0.0,0.0,0.0
1747229280438,8.7,0.0,12.7,0.0,0.0,0.2,78.4
1747229282450,8.6,0.0,12.9,0.0,0.0,0.0,78.5
1747229284462,8.4,0.0,13.2,0.0,0.0,0.2,78.2
1747229286474,0.0,0.0,0.0,0.0,0.0,0.0,0.0
1747229288487,8.4,0.0,12.4,0.0,0.0,0.1,79.1
1747229290499,8.2,0.0,12.2,0.0,0.0,0.0,79.6
1747229292511,7.8,0.0,12.4,0.0,0.0,0.0,79.7
1747229294523,8.9,0.0,12.4,0.0,0.0,0.2,78.5
1747229296536,5.7,0.0,9.6,0.0,0.0,0.1,84.6
1747229298548,5.8,0.0,9.6,0.0,0.0,0.1,84.6
1747229300559,6.0,0.0,10.1,0.0,0.0,0.1,83.8
1747229302570,6.8,0.0,9.4,0.0,0.0,0.1,83.7
1747229304581,6.0,0.0,11.4,0.0,0.0,0.2,82.4
1747229306592,6.8,0.0,10.9,0.0,0.0,0.1,82.2
1747229308603,6.9,0.0,10.9,0.0,0.0,0.1,82.1
1747229310614,6.0,0.0,11.6,0.0,0.0,0.2,82.1
1747229312625,6.0,0.0,11.5,0.0,0.0,0.1,82.3
1747229314635,6.3,0.0,11.4,0.0,0.0,0.1,82.2
1747229316645,6.8,0.0,10.9,0.0,0.0,0.2,82.1
1747229318656,5.8,0.0,12.1,0.0,0.0,0.1,82.0
1747229320665,6.7,0.0,11.2,0.0,0.0,0.2,81.9
1747229322674,5.9,0.0,10.3,0.0,0.0,0.0,83.8
1747229324694,6.1,0.0,10.2,0.0,0.0,0.2,83.5
1747229326707,6.3,0.0,11.7,0.0,0.0,0.1,81.9
1747229328716,6.7,0.0,10.4,0.0,0.0,0.1,82.8
1747229330726,5.4,0.0,10.4,0.0,0.0,0.2,83.9
1747229332746,5.8,0.0,10.6,0.0,0.0,0.1,83.4
1747229334758,5.8,0.0,11.2,0.0,0.0,0.2,82.9
1747229336769,6.6,0.0,11.1,0.0,0.0,0.1,82.2
1747229338779,6.1,0.0,10.9,0.0,0.0,0.1,82.9
1747229340789,6.2,0.0,11.9,0.0,0.0,0.1,81.8
1747229342798,6.2,0.0,13.0,0.0,0.0,0.1,80.7
1747229344807,8.2,0.0,11.6,0.0,0.0,0.0,80.1
1747229346818,6.3,0.0,10.9,0.0,0.0,0.1,82.7
1747229348830,6.3,0.0,11.4,0.0,0.0,0.1,82.2
1747229350838,5.5,0.0,12.6,0.0,0.0,0.3,81.6
1747229352847,0.0,0.0,0.0,0.0,0.0,0.0,0.0
1747229354857,9.1,0.0,13.3,0.0,0.0,0.1,77.5
1747229356868,8.9,0.0,13.4,0.0,0.0,0.1,77.6
1747229358880,9.8,0.0,12.7,0.0,0.0,0.2,77.3
1747229360893,9.5,0.0,14.0,0.0,0.0,0.2,76.3
1747229362905,8.2,0.0,12.8,0.0,0.0,0.2,78.8
1747229364916,8.3,0.0,13.2,0.0,0.0,0.1,78.5
1747229366928,8.6,0.0,12.3,0.0,0.0,0.2,79.0
1747229368940,8.9,0.0,13.7,0.0,0.0,0.0,77.3
1747229370951,0.2,0.0,0.2,0.0,0.0,0.0,99.6
1747229372960,6.2,0.0,10.0,0.0,0.0,0.1,83.7
1747229374971,6.3,0.0,9.8,0.0,0.0,0.1,83.8
1747229376981,6.6,0.0,9.7,0.0,0.0,0.0,83.6
1747229378991,0.1,0.0,0.2,0.0,0.0,0.0,99.6
1747229380999,6.5,0.0,10.2,0.0,0.0,0.2,83.1
1747229383006,6.4,0.0,10.3,0.0,0.0,0.1,83.2
1747229385015,6.2,0.0,10.9,0.0,0.0,0.1,82.8
1747229387024,7.5,0.0,11.0,0.0,0.0,0.0,81.4
1747229389033,6.0,0.0,11.4,0.0,0.0,0.1,82.6
1747229391043,6.9,0.0,10.8,0.0,0.0,0.3,82.1
1747229393052,6.5,0.0,10.9,0.0,0.0,0.0,82.6
1747229395061,6.0,0.0,11.4,0.0,0.0,0.1,82.5
1747229397072,6.8,0.0,10.2,0.0,0.0,0.1,82.7
1747229399081,6.5,0.0,10.7,0.0,0.0,0.1,82.7
1747229401091,5.8,0.0,11.0,0.0,0.0,0.2,83.0
1747229403101,7.0,0.0,11.0,0.0,0.0,0.1,81.9
1747229405110,6.0,0.0,11.7,0.0,0.0,0.1,82.1
1747229407119,5.9,0.0,11.3,0.0,0.0,0.0,82.7
1747229409139,5.5,0.0,11.8,0.0,0.0,0.1,82.7
1747229411155,7.4,0.0,10.9,0.0,0.0,0.4,81.3
1747229413167,6.6,0.0,11.6,0.0,0.0,0.2,81.7
1747229415180,6.4,0.0,11.2,0.0,0.0,0.1,82.2
1747229417192,6.2,0.0,11.4,0.0,0.0,0.1,82.3
1747229419204,7.0,0.0,11.9,0.0,0.0,0.1,81.0
1747229421217,6.8,0.0,11.9,0.0,0.0,0.2,81.0
1747229423228,6.4,0.0,12.2,0.0,0.0,0.0,81.4
1747229425240,5.7,0.0,12.6,0.0,0.0,0.2,81.5
1747229427251,6.9,0.0,11.8,0.0,0.0,0.4,81.0
1747229429263,6.0,0.0,12.6,0.0,0.0,0.1,81.3
1747229431273,6.0,0.0,12.3,0.0,0.0,0.2,81.4
1747229433284,6.1,0.0,10.9,0.0,0.0,0.0,82.9
1747229435295,7.0,0.0,10.8,0.0,0.0,0.1,82.0
1747229437305,6.5,0.0,10.7,0.0,0.0,0.0,82.9
1747229439314,5.7,0.0,11.6,0.0,0.0,0.0,82.7
1747229441322,6.1,0.0,10.9,0.0,0.0,0.1,82.9
1747229443335,0.0,0.0,0.0,0.0,0.0,0.0,0.0
1747229445347,8.6,0.0,14.3,0.0,0.0,0.1,77.0
1747229447359,9.1,0.0,13.0,0.0,0.0,0.0,77.9
1747229449371,8.8,0.0,12.9,0.0,0.0,0.1,78.2
1747229451382,8.9,0.0,14.4,0.0,0.0,0.2,76.5
1747229453403,8.1,0.0,12.2,0.0,0.0,0.1,79.6
1747229455425,8.2,0.0,13.2,0.0,0.0,0.3,78.4
1747229457448,8.6,0.0,13.1,0.0,0.0,0.1,78.2
1747229459463,9.4,0.0,13.8,0.0,0.0,0.2,76.6
1747229461474,6.3,0.0,8.2,0.0,0.0,0.2,85.3
1747229463488,8.3,0.0,12.5,0.0,0.0,0.2,79.0
1747229465502,8.8,0.0,11.8,0.0,0.0,0.2,79.1
1747229467517,8.4,0.0,12.5,0.0,0.0,0.1,79.0
1747229469536,0.0,0.0,0.0,0.0,0.0,0.0,100.0
1747229471547,6.0,0.0,9.8,0.0,0.0,0.2,83.9
1747229473558,6.1,0.0,10.0,0.0,0.0,0.1,83.7
1747229475567,5.8,0.0,10.3,0.0,0.0,0.1,83.8
1747229477579,0.2,0.0,0.2,0.0,0.0,0.0,99.6
1747229479588,6.2,0.0,10.7,0.0,0.0,0.1,83.1
1747229481599,5.8,0.0,10.7,0.0,0.0,0.1,83.4
1747229483611,5.9,0.0,11.1,0.0,0.0,0.2,82.9
1747229485621,0.2,0.0,0.3,0.0,0.0,0.0,99.5
1747229487631,6.8,0.0,11.3,0.0,0.0,0.0,81.8
1747229489641,6.8,0.0,11.4,0.0,0.0,0.0,81.8
1747229491651,6.2,0.0,10.9,0.0,0.0,0.2,82.7
1747229493663,0.1,0.0,0.2,0.0,0.0,0.0,99.6
1747229495674,6.7,0.0,11.2,0.0,0.0,0.1,82.0
1747229497685,6.4,0.0,11.6,0.0,0.0,0.1,81.8
1747229499696,6.6,0.0,12.0,0.0,0.0,0.0,81.5
1747229501707,6.8,0.0,12.5,0.0,0.0,0.1,80.5
1747229503718,6.5,0.0,11.4,0.0,0.0,0.1,82.0
1747229505730,6.8,0.0,11.7,0.0,0.0,0.2,81.3
1747229507742,6.4,0.0,11.9,0.0,0.0,0.1,81.6
1747229509754,7.5,0.0,11.7,0.0,0.0,0.1,80.7
1747229511764,6.7,0.0,11.9,0.0,0.0,0.1,81.3
1747229513775,7.2,0.0,12.0,0.0,0.0,0.2,80.6
1747229515787,7.5,0.0,12.0,0.0,0.0,0.2,80.3
1747229517798,8.2,0.0,12.0,0.0,0.0,0.0,79.8
1747229519810,6.9,0.0,11.5,0.0,0.0,0.1,81.5
1747229521822,6.3,0.0,11.8,0.0,0.0,0.2,81.7
1747229523832,6.4,0.0,11.6,0.0,0.0,0.1,82.0
1747229525841,7.3,0.0,11.6,0.0,0.0,0.3,80.8
1747229527851,6.9,0.0,12.1,0.0,0.0,0.1,80.9
1747229529861,6.1,0.0,13.7,0.0,0.0,0.0,80.1
1747229531871,6.9,0.0,12.1,0.0,0.0,0.0,81.0
1747229533879,7.5,0.0,11.9,0.0,0.0,0.1,80.5
1747229535892,6.1,0.0,11.6,0.0,0.0,0.3,82.1
1747229537900,6.7,0.0,11.8,0.0,0.0,0.0,81.4
1747229539909,7.0,0.0,12.0,0.0,0.0,0.1,80.8
1747229541921,8.4,0.0,12.1,0.0,0.0,0.0,79.6
1747229543941,6.9,0.0,11.5,0.0,0.0,0.1,81.5
1747229545952,7.1,0.0,10.9,0.0,0.0,0.2,81.8
1747229547963,6.7,0.0,11.9,0.0,0.0,0.1,81.3
1747229549974,7.3,0.0,12.1,0.0,0.0,0.0,80.6
1747229551985,6.5,0.0,11.8,0.0,0.0,0.0,81.7
1747229553997,5.8,0.0,12.2,0.0,0.0,0.1,81.8
1747229556010,6.2,0.0,12.5,0.0,0.0,0.2,81.0
1747229558021,7.6,0.0,11.5,0.0,0.0,0.1,80.8
1747229560033,6.9,0.0,11.3,0.0,0.0,0.1,81.7
1747229562043,6.2,0.0,13.1,0.0,0.0,0.1,80.6
1747229564054,7.7,0.0,12.1,0.0,0.0,0.0,80.2
1747229566065,8.9,0.0,12.3,0.0,0.0,0.2,78.6
1747229568076,7.2,0.0,12.0,0.0,0.0,0.1,80.7
1747229570087,6.6,0.0,11.1,0.0,0.0,0.1,82.2
1747229572098,6.6,0.0,11.0,0.0,0.0,0.1,82.3
1747229574109,7.7,0.0,11.5,0.0,0.0,0.1,80.7
1747229576120,6.4,0.0,11.7,0.0,0.0,0.2,81.6
1747229578130,6.7,0.0,10.5,0.0,0.0,0.1,82.7
1747229580140,6.1,0.0,11.7,0.0,0.0,0.1,82.2
1747229582150,7.3,0.0,11.8,0.0,0.0,0.1,80.8
1747229584160,6.1,0.0,11.6,0.0,0.0,0.1,82.1
1747229586170,7.1,0.0,12.1,0.0,0.0,0.2,80.6
1747229588181,6.8,0.0,12.3,0.0,0.0,0.0,80.8
1747229590191,8.1,0.0,12.7,0.0,0.0,0.1,79.2
1747229592202,7.2,0.0,11.7,0.0,0.0,0.0,81.1
1747229594213,6.6,0.0,11.4,0.0,0.0,0.1,81.8
1747229596224,6.5,0.0,11.9,0.0,0.0,0.2,81.3
1747229598234,0.0,0.0,0.0,0.0,0.0,0.0,0.0
1747229600243,9.2,0.0,14.7,0.0,0.0,0.1,76.0
1747229602267,9.0,0.0,14.8,0.0,0.0,0.1,76.1
1747229604287,9.6,0.0,13.9,0.0,0.0,0.1,76.3
1747229606305,9.5,0.0,13.8,0.0,0.0,0.2,76.5
1747229608321,8.3,0.0,12.9,0.0,0.0,0.1,78.8
1747229610333,8.3,0.0,14.0,0.0,0.0,0.1,77.5
1747229612346,9.3,0.0,13.5,0.0,0.0,0.0,77.2
1747229614360,8.8,0.0,15.2,0.0,0.0,0.1,76.0
1747229616372,7.2,0.0,11.1,0.0,0.0,0.1,81.6
1747229618380,8.6,0.0,13.7,0.0,0.0,0.1,77.6
1747229620392,9.4,0.0,12.7,0.0,0.0,0.1,77.8
1747229622403,9.8,0.0,13.4,0.0,0.0,0.1,76.7
1747229624415,7.6,0.0,10.4,0.0,0.0,0.1,81.9
1747229626427,6.4,0.0,10.9,0.0,0.0,0.0,82.7
1747229628439,7.0,0.0,10.3,0.0,0.0,0.1,82.5
1747229630451,7.0,0.0,11.1,0.0,0.0,0.1,81.8
1747229632462,0.1,0.0,0.2,0.0,0.0,0.0,99.7
1747229634473,7.0,0.0,11.3,0.0,0.0,0.2,81.6
1747229636484,7.1,0.0,11.8,0.0,0.0,0.1,81.0
1747229638493,6.5,0.0,11.7,0.0,0.0,0.1,81.7
1747229640503,0.2,0.0,0.3,0.0,0.0,0.0,99.5
1747229642515,7.4,0.0,11.4,0.0,0.0,0.1,81.2
1747229644526,7.0,0.0,12.3,0.0,0.0,0.1,80.6
1747229646537,6.5,0.0,11.8,0.0,0.0,0.1,81.6
1747229648548,8.0,0.0,11.1,0.0,0.0,0.1,80.7
1747229650558,6.9,0.0,11.2,0.0,0.0,0.0,81.8
1747229652569,6.6,0.0,11.6,0.0,0.0,0.1,81.7
1747229654580,6.4,0.0,12.2,0.0,0.0,0.1,81.3
1747229656591,8.2,0.0,11.8,0.0,0.0,0.1,79.8
1747229658602,6.6,0.0,11.7,0.0,0.0,0.0,81.7
1747229660614,6.0,0.0,11.8,0.0,0.0,0.0,82.1
1747229662625,6.6,0.0,11.3,0.0,0.0,0.1,81.9
1747229664635,7.8,0.0,10.8,0.0,0.0,0.1,81.2
1747229666646,7.2,0.0,12.5,0.0,0.0,0.0,80.2
1747229668657,7.5,0.0,11.8,0.0,0.0,0.2,80.6
1747229670668,7.3,0.0,12.2,0.0,0.0,0.0,80.5
1747229672678,7.5,0.0,11.6,0.0,0.0,0.0,80.9
1747229674686,6.7,0.0,11.9,0.0,0.0,0.2,81.2
1747229676694,6.9,0.0,11.1,0.0,0.0,0.0,81.9
1747229678711,6.0,0.0,11.5,0.0,0.0,0.0,82.4
1747229680730,6.8,0.0,11.8,0.0,0.0,0.0,81.4
1747229682756,6.6,0.0,10.8,0.0,0.0,0.0,82.5
1747229684772,6.2,0.0,11.1,0.0,0.0,0.1,82.6
1747229686781,6.6,0.0,10.8,0.0,0.0,0.0,82.6
1747229688791,7.9,0.0,11.7,0.0,0.0,0.1,80.3
1747229690801,6.9,0.0,11.8,0.0,0.0,0.0,81.2
1747229692810,7.2,0.0,11.4,0.0,0.0,0.1,81.3
1747229694820,7.2,0.0,12.2,0.0,0.0,0.1,80.5
1747229696833,7.7,0.0,12.4,0.0,0.0,0.1,79.8
1747229698845,7.3,0.0,11.7,0.0,0.0,0.1,80.9
1747229700856,6.8,0.0,12.4,0.0,0.0,0.1,80.7
1747229702868,6.9,0.0,12.2,0.0,0.0,0.0,80.9
1747229704879,8.0,0.0,12.0,0.0,0.0,0.1,80.0
1747229706891,7.0,0.0,12.1,0.0,0.0,0.1,80.8
1747229708900,6.8,0.0,12.2,0.0,0.0,0.1,80.9
1747229710909,6.5,0.0,11.8,0.0,0.0,0.1,81.5
1747229712920,7.6,0.0,12.3,0.0,0.0,0.0,80.1
1747229714931,6.1,0.0,13.2,0.0,0.0,0.1,80.5
1747229716942,7.1,0.0,13.6,0.0,0.0,0.0,79.3
1747229718953,8.3,0.0,13.2,0.0,0.0,0.0,78.5
1747229720963,8.1,0.0,11.6,0.0,0.0,0.2,80.2
1747229722973,6.9,0.0,12.2,0.0,0.0,0.0,80.9
1747229724984,6.7,0.0,12.8,0.0,0.0,0.1,80.5
1747229726994,6.3,0.0,12.2,0.0,0.0,0.0,81.5
1747229729002,8.4,0.0,11.9,0.0,0.0,0.0,79.6
1747229731013,6.7,0.0,11.9,0.0,0.0,0.2,81.2
1747229733024,6.7,0.0,11.7,0.0,0.0,0.1,81.5
1747229735034,6.9,0.0,11.6,0.0,0.0,0.0,81.5
1747229737043,7.5,0.0,11.9,0.0,0.0,0.1,80.5
1747229739054,7.4,0.0,11.7,0.0,0.0,0.0,80.9
1747229741064,7.4,0.0,11.9,0.0,0.0,0.1,80.7
1747229743073,7.1,0.0,12.3,0.0,0.0,0.1,80.6
1747229745089,7.4,0.0,11.9,0.0,0.0,0.0,80.6
1747229747099,7.1,0.0,11.9,0.0,0.0,0.0,80.9
1747229749109,6.7,0.0,11.7,0.0,0.0,0.0,81.7
1747229751117,6.8,0.0,11.2,0.0,0.0,0.3,81.7
1747229753131,7.3,0.0,11.9,0.0,0.0,0.0,80.7
1747229755144,6.1,0.0,12.2,0.0,0.0,0.0,81.6
1747229757155,6.8,0.0,11.9,0.0,0.0,0.1,81.2
1747229759165,7.2,0.0,12.1,0.0,0.0,0.1,80.6
1747229761175,7.5,0.0,12.4,0.0,0.0,0.1,80.0
1747229763186,7.1,0.0,11.9,0.0,0.0,0.1,80.9
1747229765198,7.0,0.0,12.3,0.0,0.0,0.1,80.7
1747229767209,7.6,0.0,13.4,0.0,0.0,0.0,78.9
1747229769220,7.3,0.0,12.1,0.0,0.0,0.1,80.4
1747229771230,7.1,0.0,11.9,0.0,0.0,0.2,80.8
1747229773239,6.3,0.0,11.4,0.0,0.0,0.1,82.2
1747229775248,6.4,0.0,12.7,0.0,0.0,0.0,80.8
1747229777258,7.0,0.0,11.6,0.0,0.0,0.0,81.4
1747229779267,9.9,0.0,14.5,0.0,0.0,0.1,75.5
1747229781277,10.1,0.0,15.7,0.0,0.0,0.4,73.9
1747229783288,11.0,0.0,15.6,0.0,0.0,0.1,73.3
1747229785299,11.1,0.0,16.9,0.0,0.0,0.1,71.9
1747229787311,0.0,0.0,0.0,0.0,0.0,0.0,0.0
1747229789323,10.0,0.0,15.0,0.0,0.0,0.0,75.0
1747229791334,9.9,0.0,15.5,0.0,0.0,0.1,74.6
1747229793346,9.8,0.0,15.1,0.0,0.0,0.0,75.1
1747229795358,0.0,0.0,0.0,0.0,0.0,0.0,0.0
1747229797369,9.2,0.0,13.3,0.0,0.0,0.1,77.4
1747229799384,8.6,0.0,13.3,0.0,0.0,0.1,78.0
1747229801400,9.0,0.0,13.4,0.0,0.0,0.2,77.4
1747229803414,0.2,0.0,0.3,0.0,0.0,0.0,99.5
1747229805425,6.6,0.0,10.6,0.0,0.0,0.1,82.7
1747229807433,7.0,0.0,10.8,0.0,0.0,0.1,82.1
1747229809443,6.7,0.0,11.2,0.0,0.0,0.1,82.0
1747229811454,6.3,0.0,11.0,0.0,0.0,0.2,82.5
1747229813463,6.4,0.0,12.0,0.0,0.0,0.1,81.5
1747229815471,6.7,0.0,11.8,0.0,0.0,0.1,81.3
1747229817479,6.8,0.0,11.8,0.0,0.0,0.1,81.3
1747229819489,6.2,0.0,11.8,0.0,0.0,0.0,82.0
1747229821505,7.1,0.0,11.4,0.0,0.0,0.3,81.2
1747229823514,7.4,0.0,12.1,0.0,0.0,0.1,80.5
1747229825523,6.8,0.0,12.2,0.0,0.0,0.1,80.9
1747229827532,7.2,0.0,11.9,0.0,0.0,0.0,80.9
1747229829543,6.8,0.0,11.8,0.0,0.0,0.1,81.3
1747229831552,6.7,0.0,12.6,0.0,0.0,0.1,80.6
1747229833563,6.6,0.0,11.9,0.0,0.0,0.1,81.3
1747229835574,6.5,0.0,12.5,0.0,0.0,0.1,80.9
1747229837585,7.0,0.0,12.2,0.0,0.0,0.1,80.7
1747229839595,6.5,0.0,12.0,0.0,0.0,0.0,81.4
1747229841604,7.0,0.0,12.2,0.0,0.0,0.2,80.6
1747229843615,7.1,0.0,11.5,0.0,0.0,0.1,81.3
1747229845626,10.4,0.0,15.3,0.0,0.0,0.1,74.2
1747229847637,10.3,0.0,14.3,0.0,0.0,0.1,75.2
1747229849647,9.8,0.0,14.6,0.0,0.0,0.1,75.5
1747229851657,10.4,0.0,14.7,0.0,0.0,0.2,74.7
1747229853668,0.0,0.0,0.0,0.0,0.0,0.0,0.0
1747229855679,9.9,0.0,14.0,0.0,0.0,0.1,76.0
1747229857691,9.3,0.0,14.5,0.0,0.0,0.1,76.1
1747229859706,9.5,0.0,13.8,0.0,0.0,0.1,76.5
1747229861722,0.0,0.0,0.0,0.0,0.0,0.0,0.0
1747229863734,8.9,0.0,13.9,0.0,0.0,0.1,77.2
1747229865747,8.7,0.0,14.2,0.0,0.0,0.0,77.0
1747229867759,9.2,0.0,13.6,0.0,0.0,0.1,77.2
1747229869772,9.0,0.0,13.8,0.0,0.0,0.2,77.1
1747229871785,7.0,0.0,10.6,0.0,0.0,0.2,82.2
1747229873794,6.5,0.0,11.1,0.0,0.0,0.1,82.2
1747229875804,6.4,0.0,11.6,0.0,0.0,0.0,82.0
1747229877812,6.6,0.0,11.2,0.0,0.0,0.0,82.2
1747229879821,7.1,0.0,11.9,0.0,0.0,0.1,80.9
1747229881831,6.8,0.0,11.3,0.0,0.0,0.1,81.8
1747229883844,6.7,0.0,12.5,0.0,0.0,0.1,80.8
1747229885854,7.3,0.0,11.8,0.0,0.0,0.1,80.8
1747229887865,7.3,0.0,12.5,0.0,0.0,0.0,80.2
1747229889877,7.2,0.0,12.0,0.0,0.0,0.1,80.8
1747229891886,6.8,0.0,12.1,0.0,0.0,0.2,81.0
1747229893894,7.0,0.0,12.8,0.0,0.0,0.0,80.2
1747229895907,8.1,0.0,12.5,0.0,0.0,0.1,79.3
1747229897917,7.7,0.0,13.4,0.0,0.0,0.1,78.8
1747229899927,7.7,0.0,13.2,0.0,0.0,0.0,79.0
1747229901937,7.2,0.0,13.5,0.0,0.0,0.2,79.1
1747229903949,7.9,0.0,12.8,0.0,0.0,0.2,79.1
1747229905960,7.6,0.0,12.9,0.0,0.0,0.1,79.4
1747229907972,7.3,0.0,13.3,0.0,0.0,0.1,79.3
1747229909983,7.4,0.0,13.1,0.0,0.0,0.0,79.4
1747229911994,10.2,0.0,13.7,0.0,0.0,0.2,75.9
1747229914006,11.3,0.0,16.1,0.0,0.0,0.1,72.5
1747229916019,10.0,0.0,15.6,0.0,0.0,0.2,74.2
1747229918036,10.3,0.0,15.5,0.0,0.0,0.1,74.1
1747229920049,0.0,0.0,0.0,0.0,0.0,0.0,0.0
1747229922062,9.4,0.0,14.7,0.0,0.0,0.2,75.7
1747229924075,9.3,0.0,14.7,0.0,0.0,0.2,75.8
1747229926088,9.7,0.0,14.1,0.0,0.0,0.2,76.0
1747229928102,0.0,0.0,0.0,0.0,0.0,0.0,0.0
1747229930113,9.3,0.0,13.4,0.0,0.0,0.1,77.2
1747229932125,9.4,0.0,14.6,0.0,0.0,0.1,75.8
1747229934137,9.9,0.0,13.9,0.0,0.0,0.1,76.0
1747229936149,9.6,0.0,14.4,0.0,0.0,0.2,75.8
1747229938161,7.0,0.0,11.7,0.0,0.0,0.2,81.2
1747229940170,7.3,0.0,12.5,0.0,0.0,0.1,80.1
1747229942181,7.0,0.0,11.3,0.0,0.0,0.2,81.5
1747229944190,7.1,0.0,12.7,0.0,0.0,0.1,80.1
1747229946199,6.8,0.0,12.6,0.0,0.0,0.2,80.5
1747229948206,7.0,0.0,13.8,0.0,0.0,0.0,79.1
1747229950216,7.4,0.0,13.3,0.0,0.0,0.1,79.1
1747229952227,7.3,0.0,13.4,0.0,0.0,0.1,79.2
1747229954238,7.2,0.0,12.7,0.0,0.0,0.2,79.9
1747229956248,6.8,0.0,13.1,0.0,0.0,0.3,79.8
1747229958257,7.7,0.0,12.3,0.0,0.0,0.1,79.8
1747229960267,8.0,0.0,14.0,0.0,0.0,0.1,77.8
1747229962278,7.4,0.0,13.3,0.0,0.0,0.1,79.2
1747229964290,7.5,0.0,12.6,0.0,0.0,0.0,79.9
1747229966301,7.8,0.0,13.8,0.0,0.0,0.2,78.2
1747229968312,7.7,0.0,13.6,0.0,0.0,0.1,78.5
1747229970322,9.4,0.0,14.4,0.0,0.0,0.1,76.0
1747229972332,10.9,0.0,16.5,0.0,0.0,0.1,72.5
1747229974344,10.7,0.0,17.0,0.0,0.0,0.1,72.1
1747229976355,10.3,0.0,17.2,0.0,0.0,0.1,72.4
1747229978367,0.0,0.0,0.0,0.0,0.0,0.0,0.0
1747229980377,10.0,0.0,16.0,0.0,0.0,0.1,73.8
1747229982388,10.3,0.0,15.6,0.0,0.0,0.1,73.9
1747229984401,10.7,0.0,14.4,0.0,0.0,0.2,74.7
1747229986415,10.0,0.0,14.3,0.0,0.0,0.0,75.7
1747229988429,9.6,0.0,13.3,0.0,0.0,0.0,77.1
1747229990438,9.3,0.0,14.3,0.0,0.0,0.0,76.4
1747229992453,9.9,0.0,14.3,0.0,0.0,0.0,75.7
1747229994467,9.8,0.0,15.0,0.0,0.0,0.1,75.1
1747229996479,6.6,0.0,11.3,0.0,0.0,0.2,81.9
1747229998488,6.9,0.0,11.5,0.0,0.0,0.1,81.4
1747230000498,7.1,0.0,12.0,0.0,0.0,0.1,80.8
1747230002507,6.7,0.0,12.9,0.0,0.0,0.2,80.2
1747230004517,7.4,0.0,13.7,0.0,0.0,0.0,78.8
1747230006526,7.4,0.0,14.3,0.0,0.0,0.1,78.1
1747230008536,8.5,0.0,14.6,0.0,0.0,0.1,76.7
1747230010545,7.4,0.0,13.1,0.0,0.0,0.1,79.3
1747230012554,6.9,0.0,13.0,0.0,0.0,0.3,79.8
1747230014562,6.9,0.0,12.2,0.0,0.0,0.1,80.8
1747230016574,6.5,0.0,12.7,0.0,0.0,0.2,80.7
1747230018588,7.3,0.0,13.0,0.0,0.0,0.0,79.7
1747230020596,6.9,0.0,12.0,0.0,0.0,0.1,81.0
1747230022606,7.0,0.0,14.3,0.0,0.0,0.1,78.6
1747230024617,7.2,0.0,12.8,0.0,0.0,0.1,80.0
1747230026627,7.7,0.0,12.9,0.0,0.0,0.2,79.2
1747230028637,7.4,0.0,14.1,0.0,0.0,0.1,78.4
1747230030646,6.9,0.0,13.6,0.0,0.0,0.1,79.4
1747230032656,7.5,0.0,13.6,0.0,0.0,0.1,78.8
1747230034666,7.9,0.0,12.4,0.0,0.0,0.1,79.6
1747230036675,6.4,0.0,12.5,0.0,0.0,0.1,81.1
1747230038685,6.7,0.0,12.7,0.0,0.0,0.0,80.7
1747230040694,6.2,0.0,11.8,0.0,0.0,0.1,81.9
1747230042711,6.3,0.0,12.8,0.0,0.0,0.1,80.8
1747230044723,8.1,0.0,11.9,0.0,0.0,0.1,79.8
1747230046733,10.9,0.0,15.4,0.0,0.0,0.2,73.5
1747230048745,10.3,0.0,15.7,0.0,0.0,0.0,74.0
1747230050756,10.2,0.0,15.8,0.0,0.0,0.1,73.8
1747230052767,0.0,0.0,0.0,0.0,0.0,0.0,0.0
1747230054776,9.9,0.0,14.8,0.0,0.0,0.1,75.2
1747230056787,9.7,0.0,14.8,0.1,0.0,0.2,75.2
1747230058799,10.1,0.0,14.4,0.0,0.0,0.1,75.4
1747230060810,9.5,0.0,15.4,0.0,0.0,0.2,74.9
1747230062823,9.0,0.0,14.3,0.0,0.0,0.1,76.6
1747230064835,8.7,0.0,14.3,0.0,0.0,0.1,76.9
1747230066852,9.3,0.0,14.1,0.0,0.0,0.0,76.5
1747230068868,9.6,0.0,14.8,0.0,0.0,0.0,75.6
1747230070882,8.5,0.0,12.5,0.0,0.0,0.1,78.8
1747230072906,8.5,0.0,13.6,0.0,0.0,0.0,77.9
1747230074920,9.1,0.0,14.0,0.0,0.0,0.1,76.8
1747230076933,9.6,0.0,14.5,0.0,0.0,0.1,75.8
1747230078946,0.0,0.0,0.0,0.0,0.0,0.0,100.0
1747230080957,6.6,0.0,11.5,0.0,0.0,0.1,81.8
1747230082969,6.6,0.0,12.2,0.0,0.0,0.1,81.1
1747230084980,6.8,0.0,12.1,0.0,0.0,0.1,81.1
1747230086991,0.0,0.0,0.0,0.0,0.0,0.0,100.0
1747230089002,6.8,0.0,12.2,0.0,0.0,0.1,80.9
1747230091011,6.8,0.0,12.4,0.0,0.0,0.1,80.7
1747230093019,6.7,0.0,11.8,0.0,0.0,0.0,81.5
1747230095026,0.2,0.0,0.3,0.0,0.0,0.0,99.5
1747230097033,6.7,0.0,11.8,0.0,0.0,0.2,81.3
1747230099042,6.0,0.0,11.5,0.0,0.0,0.0,82.5
1747230101073,6.0,0.0,12.1,0.0,0.0,0.1,81.9
1747230103085,0.2,0.0,0.2,0.0,0.0,0.0,99.6
1747230105094,7.1,0.0,12.2,0.0,0.0,0.0,80.7
1747230107104,6.8,0.0,12.2,0.0,0.0,0.1,81.0
1747230109114,7.1,0.0,11.9,0.0,0.0,0.1,80.8
1747230111124,0.2,0.0,0.3,0.0,0.0,0.0,99.5
1747230113135,7.1,0.0,12.4,0.0,0.0,0.2,80.3
1747230115146,7.3,0.0,13.2,0.0,0.0,0.1,79.3
1747230117157,7.4,0.0,13.6,0.0,0.0,0.1,78.9
1747230119168,8.0,0.0,13.2,0.0,0.0,0.1,78.7
1747230121178,8.1,0.0,14.0,0.0,0.0,0.1,77.8
1747230123187,8.1,0.0,13.1,0.0,0.0,0.2,78.5
1747230125196,7.6,0.0,13.8,0.0,0.0,0.1,78.5
1747230127205,7.8,0.0,13.3,0.0,0.0,0.1,78.7
1747230129216,7.5,0.0,12.7,0.1,0.0,0.2,79.5
1747230131224,7.5,0.0,13.4,0.0,0.0,0.1,78.9
1747230133234,7.5,0.0,12.7,0.0,0.0,0.1,79.7
1747230135246,7.7,0.0,13.5,0.0,0.0,0.1,78.7
1747230137258,7.3,0.0,13.3,0.0,0.0,0.1,79.3
1747230139269,8.0,0.0,13.4,0.0,0.0,0.1,78.6
1747230141278,8.1,0.0,13.3,0.0,0.0,0.2,78.4
1747230143288,8.1,0.0,12.9,0.0,0.0,0.1,79.0
1747230145299,7.4,0.0,14.2,0.0,0.0,0.1,78.3
1747230147310,8.1,0.0,13.6,0.0,0.0,0.1,78.2
1747230149320,7.4,0.0,13.8,0.1,0.0,0.1,78.7
1747230151329,7.8,0.0,13.1,0.0,0.0,0.1,79.1
1747230153337,7.4,0.0,13.2,0.0,0.0,0.1,79.3
1747230155346,7.4,0.0,13.2,0.1,0.0,0.1,79.2
1747230157356,7.4,0.0,13.0,0.0,0.0,0.1,79.6
1747230159368,7.2,0.0,13.1,0.0,0.0,0.1,79.5
1747230161379,7.6,0.0,13.5,0.0,0.0,0.1,78.8
1747230163391,7.0,0.0,13.7,0.0,0.0,0.1,79.3
1747230165404,8.2,0.0,13.8,0.1,0.0,0.1,78.0
1747230167416,7.8,0.0,14.6,0.0,0.0,0.1,77.6
1747230169428,8.3,0.0,13.1,0.0,0.0,0.1,78.5
1747230171439,7.8,0.0,13.8,0.0,0.0,0.1,78.3
1747230173451,7.8,0.0,14.4,0.0,0.0,0.1,77.7
1747230175462,8.1,0.0,13.9,0.0,0.0,0.1,77.9
1747230177472,8.3,0.0,13.0,0.0,0.0,0.1,78.6
1747230179482,7.7,0.0,14.2,0.0,0.0,0.1,78.0
1747230181493,7.7,0.0,15.6,0.1,0.0,0.1,76.7
1747230183504,7.9,0.0,13.9,0.0,0.0,0.1,78.0
1747230185514,7.9,0.0,13.5,0.0,0.0,0.2,78.4
1747230187524,6.9,0.0,15.0,0.0,0.0,0.1,78.0
1747230189534,8.5,0.0,13.4,0.0,0.0,0.1,78.0
1747230191547,8.4,0.0,15.0,0.0,0.0,0.2,76.4
1747230193557,8.0,0.0,14.1,0.0,0.0,0.1,77.8
1747230195567,7.8,0.0,14.0,0.0,0.0,0.1,78.0
1747230197578,7.9,0.0,14.4,0.0,0.0,0.1,77.5
1747230199588,8.6,0.0,14.1,0.0,0.0,0.1,77.2
1747230201599,7.4,0.0,15.0,0.0,0.0,0.1,77.5
1747230203609,7.9,0.0,14.3,0.0,0.0,0.1,77.7
1747230205618,8.0,0.0,13.3,0.0,0.0,0.1,78.7
1747230207629,7.9,0.0,13.6,0.0,0.0,0.1,78.3
1747230209647,7.7,0.0,13.3,0.0,0.0,0.1,79.0
1747230211665,7.0,0.0,14.3,0.0,0.0,0.1,78.5
1747230213676,7.4,0.0,13.8,0.0,0.0,0.1,78.8
1747230215688,0.0,0.0,0.0,0.0,0.0,0.0,0.0
1747230217701,12.1,0.0,17.4,0.0,0.0,0.0,70.5
1747230219712,11.6,0.0,18.4,0.0,0.0,0.0,70.1
1747230221724,12.2,0.0,17.3,0.0,0.0,0.2,70.2
1747230223736,12.3,0.0,17.9,0.0,0.0,0.0,69.8
1747230225748,10.6,0.0,13.1,0.0,0.0,0.1,76.3
1747230227757,10.5,0.0,17.1,0.0,0.0,0.1,72.4
1747230229769,11.4,0.0,15.8,0.0,0.0,0.0,72.7
1747230231783,11.6,0.0,17.5,0.0,0.0,0.0,70.9
1747230233797,10.0,0.0,13.1,0.0,0.0,0.0,76.9
1747230235809,10.5,0.0,16.5,0.0,0.0,0.1,73.0
1747230237821,10.7,0.0,16.0,0.0,0.0,0.1,73.2
1747230239833,11.7,0.0,16.2,0.0,0.0,0.0,72.1
1747230241845,0.2,0.0,0.2,0.0,0.0,0.0,99.6
1747230243857,7.5,0.0,13.3,0.0,0.0,0.1,79.1
1747230245868,7.6,0.0,13.2,0.0,0.0,0.0,79.2
1747230247880,7.3,0.0,13.2,0.0,0.0,0.1,79.4
1747230249892,9.1,0.0,12.8,0.0,0.0,0.2,78.0
1747230251904,7.0,0.0,13.1,0.0,0.0,0.2,79.5
1747230253915,7.3,0.0,13.7,0.0,0.0,0.0,78.9
1747230255927,7.3,0.0,13.7,0.0,0.0,0.1,78.9
1747230257938,8.5,0.0,13.4,0.0,0.0,0.1,78.0
1747230259949,7.1,0.0,13.5,0.0,0.0,0.0,79.4
1747230261959,7.2,0.0,13.8,0.0,0.0,0.2,78.8
1747230263970,7.1,0.0,13.1,0.0,0.0,0.1,79.7
1747230265984,8.0,0.0,12.2,0.0,0.0,0.2,79.6
1747230267993,7.4,0.0,12.0,0.0,0.0,0.2,80.4
1747230270005,6.2,0.0,13.7,0.0,0.0,0.0,80.0
1747230272015,7.2,0.0,13.9,0.0,0.0,0.0,78.8
1747230274027,7.4,0.0,14.7,0.0,0.0,0.1,77.8
1747230276039,7.5,0.0,13.8,0.0,0.0,0.0,78.7
1747230278050,6.6,0.0,13.1,0.0,0.0,0.1,80.2
1747230280061,7.2,0.0,13.1,0.0,0.0,0.1,79.6
1747230282073,8.3,0.0,12.8,0.0,0.0,0.1,78.8
1747230284083,7.7,0.0,13.3,0.0,0.0,0.0,78.9
1747230286094,7.7,0.0,13.2,0.0,0.0,0.1,79.1
1747230288105,7.9,0.0,14.1,0.0,0.0,0.1,77.8
1747230290115,7.0,0.0,13.1,0.0,0.0,0.1,79.7
1747230292123,6.8,0.0,12.6,0.0,0.0,0.2,80.4
1747230294131,7.3,0.0,11.9,0.0,0.0,0.0,80.7
1747230296141,7.2,0.0,12.1,0.0,0.0,0.1,80.6
1747230298150,7.1,0.0,12.2,0.0,0.0,0.0,80.7
1747230300159,7.2,0.0,12.2,0.0,0.0,0.1,80.5
1747230302169,7.4,0.0,12.1,0.0,0.0,0.1,80.4
1747230304178,7.5,0.0,12.4,0.0,0.0,0.1,80.0
1747230306189,7.4,0.0,13.4,0.0,0.0,0.0,79.2
1747230308198,7.9,0.0,12.1,0.0,0.0,0.0,80.0
1747230310207,7.5,0.0,13.6,0.0,0.0,0.0,78.9
1747230312216,8.0,0.0,14.0,0.0,0.0,0.1,77.9
1747230314225,7.8,0.0,13.0,0.0,0.0,0.2,79.1
1747230316234,7.3,0.0,12.7,0.0,0.0,0.1,79.9
1747230318243,7.4,0.0,12.4,0.0,0.0,0.0,80.2
1747230320254,7.5,0.0,11.9,0.0,0.0,0.1,80.5
1747230322264,7.8,0.0,12.3,0.0,0.0,0.2,79.7
1747230324272,7.1,0.0,13.9,0.0,0.0,0.0,79.0
1747230326279,6.5,0.0,13.0,0.0,0.0,0.1,80.4
1747230328292,6.7,0.0,12.2,0.0,0.0,0.1,81.0
1747230330305,6.6,0.0,12.9,0.0,0.0,0.1,80.3
1747230332315,7.5,0.0,13.1,0.0,0.0,0.2,79.2
1747230334327,8.0,0.0,13.8,0.0,0.0,0.1,78.1
1747230336338,8.2,0.0,13.5,0.0,0.0,0.0,78.3
1747230338350,7.8,0.0,13.2,0.0,0.0,0.0,79.0
1747230340360,8.3,0.0,13.4,0.0,0.0,0.0,78.2
1747230342370,7.3,0.0,13.8,0.0,0.0,0.2,78.7
1747230344380,7.7,0.0,14.3,0.0,0.0,0.0,77.9
1747230346390,7.5,0.0,14.5,0.0,0.0,0.1,77.8
1747230348401,7.4,0.0,13.6,0.0,0.0,0.1,78.9
1747230350409,7.0,0.0,13.6,0.0,0.0,0.2,79.3
1747230352418,7.6,0.0,13.4,0.0,0.0,0.2,78.8
1747230354427,7.9,0.0,13.8,0.0,0.0,0.1,78.2
1747230356438,8.5,0.0,12.9,0.0,0.0,0.1,78.5
1747230358449,8.0,0.0,12.5,0.0,0.0,0.0,79.5
1747230360458,7.3,0.0,12.2,0.0,0.0,0.1,80.4
1747230362466,7.3,0.0,12.8,0.0,0.0,0.2,79.6
1747230364475,7.2,0.0,12.3,0.0,0.0,0.0,80.4
1747230366488,6.6,0.0,13.4,0.0,0.0,0.0,79.9
1747230368500,6.6,0.0,13.7,0.0,0.0,0.0,79.8
1747230370508,7.4,0.0,13.0,0.0,0.0,0.0,79.5
1747230372516,7.3,0.0,12.1,0.0,0.0,0.1,80.5
1747230374525,7.4,0.0,12.8,0.0,0.0,0.0,79.8
1747230376533,7.4,0.0,13.8,0.0,0.0,0.1,78.7
1747230378542,8.5,0.0,13.5,0.0,0.0,0.0,78.0
1747230380553,8.3,0.0,13.3,0.0,0.0,0.1,78.3
1747230382566,7.1,0.0,12.5,0.0,0.0,0.1,80.3
1747230384577,6.8,0.0,12.7,0.0,0.0,0.1,80.3
1747230386586,7.0,0.0,12.1,0.0,0.0,0.2,80.7
1747230388596,7.1,0.0,12.1,0.0,0.0,0.1,80.7
1747230390608,7.2,0.0,12.4,0.0,0.0,0.1,80.3
1747230392617,7.6,0.0,12.8,0.0,0.0,0.1,79.4
1747230394627,8.1,0.0,13.9,0.0,0.0,0.0,78.0
1747230396638,8.3,0.0,12.1,0.0,0.0,0.2,79.4
1747230398648,7.8,0.0,12.9,0.0,0.0,0.1,79.2
