timestamp_ms,usr%,nice%,sys%,iowait%,irq%,soft%,steal%,idle%
1747228531541,5.3,0.0,10.2,0.0,0.0,0.1,84.4
1747228533552,5.4,0.0,9.6,0.0,0.0,0.2,84.9
1747228535562,6.6,0.0,10.4,0.0,0.0,0.2,82.8
1747228537571,5.5,0.0,9.7,0.0,0.0,0.1,84.7
1747228539581,5.7,0.0,10.0,0.0,0.0,0.1,84.2
1747228541593,6.1,0.0,9.7,0.0,0.0,0.1,84.1
1747228543603,6.1,0.0,9.8,0.0,0.0,0.0,84.1
1747228545613,5.1,0.0,10.0,0.0,0.0,0.1,84.8
1747228547621,5.6,0.0,9.9,0.0,0.0,0.2,84.3
1747228549630,4.9,0.0,9.2,0.0,0.0,0.1,85.8
1747228551645,6.0,0.0,10.1,0.0,0.0,0.2,83.8
1747228553657,4.8,0.0,9.2,0.0,0.0,0.2,85.9
1747228555672,4.7,0.0,8.8,0.0,0.0,0.2,86.3
1747228557688,5.0,0.0,8.5,0.0,0.0,0.3,86.1
1747228559700,5.6,0.0,10.3,0.0,0.0,0.1,84.0
1747228561710,5.0,0.0,9.4,0.0,0.0,0.1,85.6
1747228563722,5.4,0.0,9.2,0.0,0.0,0.2,85.3
1747228565734,5.7,0.0,9.8,0.0,0.0,0.2,84.2
1747228567745,7.5,0.0,10.6,0.0,0.0,0.2,81.7
1747228569756,5.3,0.0,9.7,0.0,0.0,0.2,84.7
1747228571767,5.0,0.0,9.7,0.0,0.0,0.2,85.1
1747228573778,5.2,0.0,9.4,0.0,0.0,0.1,85.4
1747228575789,6.0,0.0,9.4,0.0,0.0,0.1,84.5
1747228577799,4.7,0.0,9.6,0.0,0.0,0.3,85.4
1747228579810,5.1,0.0,9.6,0.0,0.0,0.3,85.0
1747228581821,4.7,0.0,11.2,0.0,0.0,0.2,83.9
1747228583832,6.4,0.0,10.3,0.0,0.0,0.2,83.1
1747228585842,5.2,0.0,10.4,0.0,0.0,0.2,84.2
1747228587854,5.4,0.0,9.6,0.0,0.0,0.2,84.8
1747228589865,5.5,0.0,9.5,0.0,0.0,0.3,84.7
1747228591876,6.5,0.0,10.4,0.0,0.0,0.2,82.9
1747228593887,5.4,0.0,10.0,0.0,0.0,0.1,84.5
1747228595897,5.5,0.0,9.4,0.0,0.0,0.0,85.1
1747228597907,5.2,0.0,9.5,0.0,0.0,0.1,85.2
1747228599918,5.8,0.0,9.6,0.0,0.0,0.0,84.5
1747228601927,4.8,0.0,10.2,0.0,0.0,0.1,85.0
1747228603938,4.9,0.0,10.5,0.0,0.0,0.1,84.5
1747228605950,5.3,0.0,10.1,0.0,0.0,0.1,84.5
1747228607962,5.8,0.0,10.1,0.0,0.0,0.0,84.0
1747228609972,5.4,0.0,9.9,0.0,0.0,0.3,84.3
1747228611983,5.3,0.0,10.0,0.0,0.0,0.0,84.7
1747228613993,6.0,0.0,9.3,0.0,0.0,0.1,84.6
1747228616004,6.0,0.0,11.2,0.0,0.0,0.0,82.7
1747228618015,5.2,0.0,9.8,0.0,0.0,0.0,84.9
1747228620029,4.9,0.0,9.9,0.0,0.0,0.2,85.0
1747228622038,4.7,0.0,9.6,0.0,0.0,0.0,85.7
1747228624049,5.0,0.0,10.4,0.0,0.0,0.1,84.6
1747228626058,5.2,0.0,9.3,0.0,0.0,0.1,85.3
1747228628074,4.7,0.0,9.3,0.0,0.0,0.2,85.8
1747228630085,5.1,0.0,10.2,0.0,0.0,0.2,84.6
1747228632097,5.6,0.0,9.7,0.0,0.0,0.1,84.6
1747228634109,5.6,0.0,10.0,0.0,0.0,0.1,84.3
1747228636121,5.3,0.0,9.9,0.0,0.0,0.1,84.7
1747228638131,5.3,0.0,9.7,0.0,0.0,0.2,84.8
1747228640142,5.5,0.0,10.3,0.0,0.0,0.1,84.1
1747228642153,6.0,0.0,9.9,0.0,0.0,0.0,84.1
1747228644165,6.5,0.0,10.0,0.0,0.0,0.1,83.3
1747228646176,6.2,0.0,11.4,0.0,0.0,0.1,82.3
1747228648187,5.5,0.0,10.1,0.0,0.0,0.0,84.3
1747228650197,5.4,0.0,10.9,0.0,0.0,0.1,83.6
1747228652208,5.8,0.0,10.0,0.0,0.0,0.2,84.0
1747228654220,5.1,0.0,10.1,0.0,0.0,0.0,84.7
1747228656231,5.6,0.0,9.9,0.0,0.0,0.1,84.4
1747228658240,5.3,0.0,10.0,0.0,0.0,0.1,84.5
1747228660251,5.5,0.0,9.5,0.0,0.0,0.1,84.8
1747228662262,5.4,0.0,10.0,0.0,0.0,0.1,84.5
1747228664271,5.9,0.0,9.4,0.0,0.0,0.2,84.5
1747228666281,5.3,0.0,9.9,0.0,0.0,0.0,84.7
1747228668291,5.3,0.0,9.8,0.0,0.0,0.3,84.6
1747228670302,5.6,0.0,10.5,0.0,0.0,0.1,83.9
1747228672312,5.8,0.0,9.9,0.0,0.0,0.0,84.3
1747228674322,5.5,0.0,9.6,0.0,0.0,0.1,84.8
1747228676334,5.4,0.0,9.7,0.0,0.0,0.0,84.8
1747228678345,5.2,0.0,9.8,0.0,0.0,0.1,84.9
1747228680357,5.5,0.0,9.6,0.0,0.0,0.3,84.6
1747228682367,5.0,0.0,10.4,0.0,0.0,0.1,84.5
1747228684377,5.0,0.0,10.0,0.0,0.0,0.1,84.9
1747228686386,5.1,0.0,10.3,0.0,0.0,0.0,84.6
1747228688396,5.5,0.0,9.9,0.0,0.0,0.1,84.5
1747228690404,5.5,0.0,9.9,0.0,0.0,0.2,84.3
1747228692414,5.2,0.0,10.3,0.0,0.0,0.0,84.4
1747228694423,5.0,0.0,9.8,0.0,0.0,0.1,85.2
1747228696436,5.2,0.0,10.3,0.0,0.0,0.1,84.5
1747228698453,5.8,0.0,9.4,0.0,0.0,0.1,84.7
1747228700463,5.3,0.0,9.5,0.0,0.0,0.1,85.0
1747228702474,5.0,0.0,9.1,0.0,0.0,0.1,85.8
1747228704484,4.9,0.0,9.3,0.0,0.0,0.1,85.7
1747228706495,5.5,0.0,9.6,0.0,0.0,0.1,84.8
1747228708507,5.4,0.0,9.6,0.0,0.0,0.1,84.9
1747228710518,5.3,0.0,9.6,0.0,0.0,0.1,84.9
1747228712529,5.7,0.0,9.2,0.0,0.0,0.1,85.0
1747228714539,5.9,0.0,9.6,0.0,0.0,0.3,84.3
1747228716551,5.0,0.0,10.5,0.0,0.0,0.1,84.3
1747228718563,5.5,0.0,9.8,0.0,0.0,0.0,84.7
1747228720574,5.8,0.0,9.7,0.0,0.0,0.1,84.3
1747228722585,5.5,0.0,9.9,0.0,0.0,0.0,84.5
1747228724596,5.4,0.0,10.9,0.0,0.0,0.3,83.5
1747228726607,5.9,0.0,11.2,0.0,0.0,0.2,82.7
1747228728617,5.5,0.0,10.0,0.0,0.0,0.1,84.3
1747228730628,5.8,0.0,10.1,0.0,0.0,0.2,84.0
1747228732639,5.8,0.0,9.8,0.0,0.0,0.0,84.4
1747228734650,5.9,0.0,9.7,0.0,0.0,0.3,84.2
1747228736661,5.7,0.0,9.8,0.0,0.0,0.2,84.2
1747228738672,5.0,0.0,11.7,0.0,0.0,0.2,83.0
1747228740682,5.4,0.0,10.3,0.0,0.0,0.1,84.2
1747228742694,5.2,0.0,10.9,0.0,0.0,0.1,83.9
1747228744703,5.3,0.0,10.7,0.0,0.0,0.1,83.8
1747228746713,5.8,0.0,10.5,0.0,0.0,0.1,83.7
1747228748724,5.2,0.0,10.7,0.0,0.0,0.2,83.8
1747228750735,6.4,0.0,10.6,0.0,0.0,0.2,82.8
1747228752747,6.1,0.0,10.0,0.0,0.0,0.1,83.8
1747228754757,6.2,0.0,10.1,0.0,0.0,0.1,83.7
1747228756768,6.0,0.0,10.0,0.0,0.0,0.0,83.9
1747228758777,5.5,0.0,10.1,0.0,0.0,0.1,84.3
1747228760788,5.7,0.0,9.9,0.0,0.0,0.3,84.1
1747228762797,5.5,0.0,10.5,0.0,0.0,0.1,83.9
1747228764807,5.5,0.0,10.0,0.0,0.0,0.2,84.4
1747228766818,5.9,0.0,9.5,0.0,0.0,0.1,84.5
1747228768828,5.4,0.0,11.2,0.0,0.0,0.0,83.4
1747228770837,5.7,0.0,10.0,0.0,0.0,0.2,84.1
1747228772846,5.3,0.0,9.3,0.0,0.0,0.1,85.3
1747228774855,5.3,0.0,10.0,0.0,0.0,0.1,84.6
1747228776868,5.6,0.0,9.4,0.0,0.0,0.1,84.8
1747228778883,5.5,0.0,9.5,0.0,0.0,0.0,84.9
1747228780898,5.3,0.0,10.2,0.0,0.0,0.3,84.2
1747228782910,5.7,0.0,9.8,0.0,0.0,0.1,84.4
1747228784922,6.4,0.0,9.7,0.0,0.0,0.2,83.8
1747228786931,5.8,0.0,9.5,0.0,0.0,0.1,84.6
1747228788945,5.2,0.0,10.6,0.0,0.0,0.1,84.1
1747228790957,5.4,0.0,10.6,0.0,0.0,0.2,83.8
1747228792969,5.8,0.0,10.5,0.0,0.0,0.3,83.4
1747228794981,6.4,0.0,9.8,0.0,0.0,0.1,83.7
1747228796993,5.0,0.0,10.5,0.0,0.0,0.4,84.0
1747228799006,5.4,0.0,10.4,0.0,0.0,0.0,84.2
1747228801018,6.0,0.0,10.3,0.0,0.0,0.3,83.5
1747228803031,5.3,0.0,11.2,0.0,0.0,0.2,83.3
1747228805043,6.4,0.0,11.2,0.0,0.0,0.0,82.4
1747228807054,6.5,0.0,11.7,0.0,0.0,0.1,81.7
1747228809066,6.1,0.0,11.3,0.0,0.0,0.0,82.6
1747228811077,9.0,0.0,12.1,0.0,0.0,0.0,78.9
1747228813090,8.0,0.0,12.5,0.0,0.0,0.2,79.2
1747228815101,7.7,0.0,12.6,0.0,0.0,0.2,79.5
1747228817112,8.3,0.0,12.9,0.0,0.0,0.1,78.7
1747228819124,0.0,0.0,0.0,0.0,0.0,0.0,0.0
1747228821136,7.8,0.0,11.6,0.0,0.0,0.1,80.5
1747228823148,7.6,0.0,11.9,0.0,0.0,0.1,80.4
1747228825160,7.9,0.0,12.6,0.0,0.0,0.3,79.2
1747228827172,0.0,0.0,0.0,0.0,0.0,0.0,0.0
1747228829183,7.6,0.0,11.6,0.0,0.0,0.1,80.7
1747228831195,7.9,0.0,11.2,0.0,0.0,0.2,80.7
1747228833207,7.3,0.0,11.4,0.0,0.0,0.2,81.0
1747228835220,0.1,0.0,0.2,0.0,0.0,0.0,99.7
1747228837231,5.7,0.0,8.7,0.0,0.0,0.2,85.4
1747228839240,5.1,0.0,10.1,0.0,0.0,0.2,84.6
1747228841248,5.0,0.0,10.3,0.0,0.0,0.0,84.6
1747228843258,5.4,0.0,9.1,0.0,0.0,0.2,85.3
1747228845267,5.4,0.0,9.6,0.0,0.0,0.2,84.8
1747228847276,5.0,0.0,10.2,0.0,0.0,0.1,84.6
1747228849286,6.0,0.0,9.5,0.0,0.0,0.2,84.3
1747228851294,5.2,0.0,10.6,0.0,0.0,0.1,84.1
1747228853303,5.9,0.0,9.5,0.0,0.0,0.1,84.4
1747228855313,5.7,0.0,10.4,0.0,0.0,0.2,83.7
1747228857324,5.6,0.0,10.5,0.0,0.0,0.0,83.8
1747228859336,6.6,0.0,10.6,0.0,0.0,0.1,82.7
1747228861348,9.2,0.0,12.3,0.0,0.0,0.1,78.3
1747228863358,8.3,0.0,13.3,0.0,0.0,0.0,78.4
1747228865369,7.9,0.0,13.6,0.0,0.0,0.5,78.0
1747228867381,8.2,0.0,13.0,0.0,0.0,0.1,78.6
1747228869393,0.0,0.0,0.0,0.0,0.0,0.0,0.0
1747228871404,8.6,0.0,11.9,0.0,0.0,0.1,79.5
1747228873416,8.1,0.0,12.0,0.0,0.0,0.1,79.9
1747228875428,7.9,0.0,12.6,0.0,0.0,0.1,79.4
1747228877441,0.0,0.0,0.0,0.0,0.0,0.0,0.0
1747228879452,7.8,0.0,11.7,0.0,0.0,0.1,80.3
1747228881464,7.2,0.0,12.4,0.0,0.0,0.3,80.1
1747228883477,7.4,0.0,11.8,0.0,0.0,0.1,80.7
1747228885489,7.8,0.0,11.6,0.0,0.0,0.2,80.5
1747228887501,5.3,0.0,9.3,0.0,0.0,0.2,85.2
1747228889513,5.3,0.0,9.4,0.0,0.0,0.2,85.0
1747228891525,5.8,0.0,9.2,0.0,0.0,0.2,84.9
1747228893536,5.7,0.0,9.5,0.0,0.0,0.2,84.6
1747228895546,5.2,0.0,10.2,0.0,0.0,0.2,84.3
1747228897557,5.5,0.0,10.2,0.0,0.0,0.3,84.0
1747228899568,6.0,0.0,10.3,0.0,0.0,0.0,83.7
1747228901579,5.1,0.0,11.1,0.0,0.0,0.0,83.8
1747228903590,8.6,0.0,11.2,0.0,0.0,0.1,80.1
1747228905602,7.8,0.0,12.4,0.0,0.0,0.2,79.5
1747228907618,7.1,0.0,12.4,0.0,0.0,0.2,80.4
1747228909638,8.1,0.0,12.6,0.0,0.0,0.1,79.2
1747228911651,0.0,0.0,0.0,0.0,0.0,0.0,0.0
1747228913665,7.2,0.0,11.8,0.0,0.0,0.1,80.9
1747228915680,7.4,0.0,11.7,0.0,0.0,0.2,80.7
1747228917694,7.0,0.0,12.0,0.0,0.0,0.1,80.9
1747228919710,0.2,0.0,0.3,0.0,0.0,0.0,99.5
1747228921724,6.0,0.0,9.1,0.0,0.0,0.0,84.9
1747228923734,5.5,0.0,9.5,0.0,0.0,0.1,84.9
1747228925743,5.4,0.0,9.5,0.0,0.0,0.0,85.0
1747228927754,0.1,0.0,0.2,0.0,0.0,0.0,99.7
1747228929763,5.7,0.0,10.2,0.0,0.0,0.1,84.0
1747228931774,5.9,0.0,10.1,0.0,0.0,0.0,84.0
1747228933785,5.7,0.0,9.9,0.0,0.0,0.1,84.3
1747228935797,5.0,0.0,10.9,0.0,0.0,0.1,83.9
1747228937808,5.9,0.0,10.2,0.0,0.0,0.1,83.9
1747228939819,5.7,0.0,10.4,2.8,0.0,0.1,81.0
1747228941831,5.5,0.0,10.7,0.0,0.0,0.0,83.8
1747228943842,6.2,0.0,9.6,0.0,0.0,0.2,84.0
1747228945852,5.3,0.0,10.3,1.1,0.0,0.2,83.1
1747228947862,5.8,0.0,10.1,0.8,0.0,0.1,83.1
1747228949872,5.3,0.0,10.3,0.0,0.0,0.1,84.3
1747228951884,6.0,0.0,10.2,0.0,0.0,0.1,83.7
1747228953896,5.8,0.0,10.6,0.0,0.0,0.2,83.5
1747228955909,5.6,0.0,11.0,0.0,0.0,0.2,83.2
1747228957920,6.6,0.0,11.4,0.0,0.0,0.1,81.9
1747228959931,5.6,0.0,9.5,0.0,0.0,0.1,84.8
1747228961942,5.5,0.0,9.8,0.0,0.0,0.2,84.5
1747228963953,5.3,0.0,10.1,0.0,0.0,0.2,84.4
1747228965965,5.9,0.0,9.4,0.0,0.0,0.2,84.4
1747228967975,5.5,0.0,10.1,0.0,0.0,0.1,84.3
1747228969986,5.9,0.0,9.7,0.0,0.0,0.2,84.2
1747228971996,5.7,0.0,10.4,0.0,0.0,0.2,83.7
1747228974008,5.7,0.0,10.2,0.0,0.0,0.1,84.1
1747228976019,6.2,0.0,9.6,0.0,0.0,0.2,84.0
1747228978030,5.7,0.0,9.9,0.0,0.0,0.1,84.3
1747228980041,5.0,0.0,10.5,0.0,0.0,0.2,84.3
1747228982053,5.9,0.0,10.1,0.0,0.0,0.1,83.8
1747228984063,6.1,0.0,10.5,0.0,0.0,0.2,83.2
1747228986073,6.1,0.0,10.1,0.0,0.0,0.2,83.7
1747228988081,5.9,0.0,10.7,0.0,0.0,0.2,83.2
1747228990090,5.8,0.0,9.4,0.0,0.0,0.1,84.7
1747228992098,5.5,0.0,10.1,0.0,0.0,0.1,84.3
1747228994106,5.8,0.0,10.2,0.0,0.0,0.2,83.9
1747228996118,5.0,0.0,9.9,0.0,0.0,0.1,85.0
1747228998138,5.2,0.0,10.4,0.0,0.0,0.1,84.3
1747229000156,5.3,0.0,10.4,0.0,0.0,0.1,84.2
1747229002170,5.3,0.0,10.0,0.0,0.0,0.1,84.7
1747229004180,5.7,0.0,10.2,0.0,0.0,0.1,84.1
1747229006192,5.7,0.0,10.2,0.0,0.0,0.2,84.0
1747229008203,5.8,0.0,10.1,0.0,0.0,0.2,83.8
1747229010215,6.3,0.0,10.6,0.0,0.0,0.2,82.8
1747229012228,7.1,0.0,12.0,0.0,0.0,0.2,80.8
1747229014239,5.6,0.0,10.6,0.0,0.0,0.2,83.6
1747229016250,5.5,0.0,11.1,0.0,0.0,0.2,83.1
1747229018262,5.7,0.0,10.0,0.0,0.0,0.2,84.2
1747229020273,6.0,0.0,10.0,0.0,0.0,0.2,83.8
1747229022285,5.4,0.0,10.3,0.0,0.0,0.0,84.3
1747229024297,5.8,0.0,10.9,0.0,0.0,0.1,83.2
1747229026308,5.5,0.0,10.8,0.0,0.0,0.1,83.6
1747229028318,6.0,0.0,9.3,0.0,0.0,0.1,84.6
1747229030329,5.8,0.0,9.9,0.0,0.0,0.2,84.1
1747229032341,5.9,0.0,10.2,0.0,0.0,0.0,83.8
1747229034352,5.5,0.0,10.1,0.0,0.0,0.1,84.2
1747229036363,6.2,0.0,9.9,0.0,0.0,0.1,83.8
1747229038375,5.7,0.0,10.3,0.0,0.0,0.1,83.9
1747229040386,7.2,0.0,11.5,0.0,0.0,0.1,81.2
1747229042396,6.4,0.0,10.9,0.0,0.0,0.1,82.6
1747229044408,5.5,0.0,9.9,0.0,0.0,0.1,84.5
1747229046419,5.8,0.0,10.3,0.0,0.0,0.2,83.6
1747229048430,5.7,0.0,11.0,0.0,0.0,0.3,83.0
1747229050443,5.8,0.0,10.4,0.0,0.0,0.2,83.6
1747229052453,5.7,0.0,10.3,0.0,0.0,0.1,83.8
1747229054462,6.1,0.0,9.6,0.0,0.0,0.1,84.2
1747229056472,5.7,0.0,10.8,0.0,0.0,0.2,83.3
1747229058485,6.0,0.0,9.9,0.0,0.0,0.1,84.0
1747229060496,5.4,0.0,10.7,0.0,0.0,0.2,83.7
1747229062505,6.1,0.0,10.0,0.0,0.0,0.1,83.8
1747229064516,5.7,0.0,11.3,0.0,0.0,0.2,82.7
1747229066525,6.5,0.0,10.6,0.0,0.0,0.0,82.9
1747229068541,6.3,0.0,10.2,0.0,0.0,0.1,83.4
1747229070558,5.1,0.0,10.0,0.0,0.0,0.4,84.4
1747229072568,5.6,0.0,10.2,0.0,0.0,0.1,84.1
1747229074575,4.8,0.0,10.3,0.0,0.0,0.1,84.8
1747229076590,5.2,0.0,9.7,0.0,0.0,0.1,85.0
1747229078607,5.1,0.0,10.5,0.0,0.0,0.1,84.4
1747229080618,5.7,0.0,11.4,0.0,0.0,0.3,82.6
1747229082631,5.8,0.0,10.0,0.0,0.0,0.1,84.1
1747229084643,5.4,0.0,10.1,0.0,0.0,0.2,84.3
1747229086654,5.6,0.0,10.4,0.0,0.0,0.0,84.0
1747229088666,5.9,0.0,11.2,0.0,0.0,0.2,82.7
1747229090678,6.2,0.0,11.6,0.0,0.0,0.3,81.9
1747229092689,6.2,0.0,10.6,0.0,0.0,0.0,83.1
1747229094700,6.4,0.0,10.3,0.0,0.0,0.0,83.3
1747229096712,6.3,0.0,10.5,0.0,0.0,0.2,82.9
1747229098723,5.5,0.0,10.4,0.0,0.0,0.1,84.1
1747229100734,5.3,0.0,10.8,0.1,0.0,0.2,83.6
1747229102746,5.7,0.0,10.5,0.0,0.0,0.0,83.8
1747229104757,5.8,0.0,10.7,0.0,0.0,0.1,83.4
1747229106768,5.4,0.0,11.2,0.0,0.0,0.1,83.3
1747229108778,5.5,0.0,10.9,0.0,0.0,0.0,83.6
1747229110788,5.5,0.0,11.2,0.0,0.0,0.1,83.1
1747229112797,6.1,0.0,10.3,0.0,0.0,0.1,83.5
1747229114808,7.2,0.0,11.2,0.0,0.0,0.1,81.5
1747229116819,7.1,0.0,10.8,0.0,0.0,0.1,82.0
1747229118830,5.6,0.0,9.9,0.0,0.0,0.0,84.4
1747229120841,6.0,0.0,10.8,0.0,0.0,0.2,82.9
1747229122852,6.4,0.0,9.9,0.0,0.0,0.2,83.5
1747229124863,6.0,0.0,9.8,0.0,0.0,0.2,84.0
1747229126874,5.6,0.0,10.1,0.0,0.0,0.3,84.0
1747229128884,5.8,0.0,10.6,0.0,0.0,0.0,83.5
1747229130894,6.6,0.0,10.4,0.0,0.0,0.2,82.8
1747229132906,5.7,0.0,10.4,0.0,0.0,0.0,83.9
1747229134917,5.8,0.0,11.1,0.0,0.0,0.0,83.0
1747229136928,5.7,0.0,11.1,0.0,0.0,0.1,83.1
1747229138938,6.5,0.0,11.0,0.0,0.0,0.1,82.4
1747229140974,6.2,0.0,11.2,0.0,0.0,0.1,82.4
1747229142998,5.9,0.0,10.1,0.0,0.0,0.1,83.9
1747229145008,5.5,0.0,10.3,0.0,0.0,0.1,84.0
1747229147020,6.2,0.0,9.7,0.0,0.0,0.0,84.0
1747229149029,5.3,0.0,10.5,0.0,0.0,0.1,84.0
1747229151038,5.4,0.0,9.9,0.0,0.0,0.4,84.3
1747229153048,5.8,0.0,10.7,0.0,0.0,0.2,83.2
1747229155060,5.6,0.0,9.5,0.0,0.0,0.3,84.6
1747229157071,8.9,0.0,13.8,0.0,0.0,0.1,77.2
1747229159083,8.4,0.0,13.4,0.0,0.0,0.0,78.1
1747229161095,8.8,0.0,12.8,0.0,0.0,0.2,78.2
1747229163106,0.0,0.0,0.0,0.0,0.0,0.0,0.0
1747229165118,8.2,0.0,12.8,0.0,0.0,0.2,78.8
1747229167129,8.0,0.0,12.5,0.0,0.0,0.1,79.4
1747229169141,8.2,0.0,12.3,0.0,0.0,0.0,79.5
1747229171153,8.3,0.0,12.5,0.0,0.0,0.2,78.9
1747229173165,8.1,0.0,11.4,0.0,0.0,0.2,80.2
1747229175176,8.0,0.0,12.1,0.0,0.0,0.1,79.8
1747229177187,7.8,0.0,11.7,0.0,0.0,0.1,80.4
1747229179198,8.0,0.0,13.2,0.0,0.0,0.0,78.8
1747229181210,6.7,0.0,9.1,0.0,0.0,0.3,83.9
1747229183221,5.5,0.0,9.4,0.0,0.0,0.1,85.0
1747229185233,6.4,0.0,9.1,0.0,0.0,0.1,84.3
1747229187245,5.8,0.0,10.5,0.0,0.0,0.1,83.6
1747229189256,0.2,0.0,0.3,0.0,0.0,0.0,99.5
1747229191268,6.1,0.0,10.0,0.0,0.0,0.2,83.7
1747229193280,5.9,0.0,11.0,0.0,0.0,0.4,82.6
1747229195291,6.0,0.0,10.6,0.0,0.0,0.3,83.1
1747229197302,0.1,0.0,0.2,0.0,0.0,0.0,99.6
1747229199313,6.4,0.0,10.9,0.0,0.0,0.1,82.7
1747229201321,5.8,0.0,10.5,0.0,0.0,0.2,83.6
1747229203331,6.0,0.0,10.9,0.0,0.0,0.2,82.8
1747229205340,0.2,0.0,0.3,0.0,0.0,0.0,99.5
1747229207349,5.9,0.0,11.8,0.0,0.0,0.1,82.2
1747229209358,5.7,0.0,11.3,0.0,0.0,0.2,82.8
1747229211367,5.6,0.0,10.6,0.0,0.0,0.3,83.5
1747229213374,7.1,0.0,10.9,0.0,0.0,0.1,81.8
1747229215382,6.2,0.0,10.5,0.0,0.0,0.1,83.2
1747229217390,6.1,0.0,10.6,0.0,0.0,0.1,83.1
1747229219399,6.8,0.0,10.6,0.0,0.0,0.1,82.5
1747229221408,7.9,0.0,10.6,0.0,0.0,0.3,81.2
1747229223420,6.3,0.0,11.3,0.0,0.0,0.2,82.2
1747229225430,6.7,0.0,11.3,0.0,0.0,0.1,81.9
1747229227441,6.7,0.0,10.5,0.0,0.0,0.0,82.8
1747229229452,7.3,0.0,11.0,0.0,0.0,0.1,81.6
1747229231463,6.2,0.0,11.6,0.0,0.0,0.2,82.0
1747229233474,6.4,0.0,11.2,0.0,0.0,0.1,82.3
1747229235485,6.7,0.0,10.6,0.0,0.0,0.2,82.5
1747229237496,7.1,0.0,11.2,0.0,0.0,0.2,81.5
1747229239507,6.2,0.0,11.2,0.0,0.0,0.2,82.5
1747229241517,6.3,0.0,11.6,0.0,0.0,0.2,81.9
1747229243526,7.4,0.0,10.4,0.0,0.0,0.2,82.1
1747229245537,8.0,0.0,11.9,0.0,0.0,0.1,80.0
1747229247547,6.9,0.0,10.3,0.0,0.0,0.2,82.6
1747229249558,6.7,0.0,10.6,0.0,0.0,0.1,82.6
1747229251569,5.8,0.0,10.8,0.0,0.0,0.1,83.2
1747229253581,6.5,0.0,11.8,0.0,0.0,0.3,81.4
1747229255591,6.1,0.0,10.7,0.0,0.0,0.1,83.1
1747229257602,5.7,0.0,11.6,0.0,0.0,0.1,82.6
1747229259612,6.0,0.0,11.3,0.0,0.0,0.0,82.7
1747229261622,6.8,0.0,11.1,0.0,0.0,0.3,81.7
1747229263632,5.7,0.0,11.8,0.0,0.0,0.1,82.4
1747229265644,6.5,0.0,11.6,0.0,0.0,0.3,81.7
1747229267656,6.6,0.0,12.5,0.0,0.0,0.3,80.7
1747229269667,0.0,0.0,0.0,0.0,0.0,0.0,0.0
1747229271678,9.1,0.0,12.7,0.0,0.0,0.2,78.0
1747229273693,8.9,0.0,12.6,0.0,0.0,0.1,78.4
1747229275709,8.4,0.0,13.7,0.0,0.0,0.2,77.8
1747229277723,9.3,0.0,13.5,0.0,0.0,0.0,77.1
1747229279737,7.9,0.0,11.5,0.0,0.0,0.0,80.5
1747229281749,8.5,0.0,13.1,0.0,0.0,0.1,78.4
1747229283764,8.0,0.0,13.1,0.0,0.0,0.2,78.7
1747229285779,8.5,0.0,14.8,0.0,0.0,0.2,76.6
1747229287800,8.2,0.0,12.4,0.0,0.0,0.1,79.3
1747229289812,8.8,0.0,12.6,0.0,0.0,0.0,78.6
1747229291825,8.6,0.0,12.9,0.0,0.0,0.1,78.4
1747229293837,9.1,0.0,13.7,0.0,0.0,0.1,77.0
1747229295849,0.1,0.0,0.1,0.0,0.0,0.0,99.8
1747229297861,6.1,0.0,9.9,0.0,0.0,0.1,83.9
1747229299873,6.1,0.0,9.9,0.0,0.0,0.1,83.8
1747229301884,6.0,0.0,10.1,0.0,0.0,0.1,83.8
1747229303894,0.1,0.0,0.2,0.0,0.0,0.0,99.7
1747229305905,6.6,0.0,10.7,0.0,0.0,0.2,82.4
1747229307915,6.4,0.0,11.7,0.0,0.0,0.1,81.8
1747229309925,6.3,0.0,12.3,0.0,0.0,0.2,81.1
1747229311936,7.2,0.0,11.5,0.0,0.0,0.0,81.3
1747229313947,6.0,0.0,11.4,0.0,0.0,0.2,82.4
1747229315959,7.2,0.0,11.3,0.0,0.0,0.2,81.3
1747229317970,6.3,0.0,11.1,0.0,0.0,0.2,82.3
1747229319981,7.9,0.0,11.2,0.0,0.0,0.1,80.8
1747229321993,6.2,0.0,10.2,0.0,0.0,0.0,83.6
1747229324004,6.1,0.0,10.3,0.0,0.0,0.2,83.5
1747229326014,5.7,0.0,10.9,0.0,0.0,0.2,83.2
1747229328023,7.0,0.0,10.9,0.0,0.0,0.1,82.0
1747229330034,6.2,0.0,11.1,0.0,0.0,0.1,82.6
1747229332045,5.8,0.0,11.2,0.0,0.0,0.2,82.8
1747229334055,6.4,0.0,10.6,0.0,0.0,0.2,82.9
1747229336068,6.8,0.0,11.3,0.0,0.0,0.1,81.7
1747229338079,6.2,0.0,10.8,0.0,0.0,0.1,82.8
1747229340090,6.0,0.0,11.7,0.0,0.0,0.0,82.3
1747229342101,6.1,0.0,12.3,0.0,0.0,0.0,81.6
1747229344110,7.5,0.0,11.5,0.0,0.0,0.2,80.9
1747229346119,6.5,0.0,11.2,0.0,0.0,0.1,82.3
1747229348128,5.9,0.0,11.4,0.0,0.0,0.1,82.6
1747229350136,4.9,0.0,11.8,0.0,0.0,0.2,83.0
1747229352156,5.8,0.0,10.4,0.0,0.0,0.0,83.7
1747229354174,9.3,0.0,12.3,0.0,0.0,0.1,78.4
1747229356191,8.0,0.0,13.3,0.0,0.0,0.2,78.5
1747229358204,8.7,0.0,12.7,0.0,0.0,0.2,78.4
1747229360217,8.9,0.0,14.1,0.0,0.0,0.1,76.9
1747229362229,0.0,0.0,0.0,0.0,0.0,0.0,0.0
1747229364241,8.7,0.0,12.7,0.0,0.0,0.0,78.6
1747229366252,8.5,0.0,12.5,0.0,0.0,0.1,78.9
1747229368263,8.7,0.0,12.4,0.0,0.0,0.1,78.9
1747229370274,0.2,0.0,0.3,0.0,0.0,0.0,99.5
1747229372285,6.7,0.0,9.3,0.0,0.0,0.1,83.9
1747229374296,5.7,0.0,10.3,0.0,0.0,0.2,83.8
1747229376305,6.4,0.0,9.5,0.0,0.0,0.1,83.9
1747229378316,0.1,0.0,0.2,0.0,0.0,0.0,99.7
1747229380328,6.3,0.0,10.4,0.0,0.0,0.1,83.3
1747229382340,6.3,0.0,10.9,0.0,0.0,0.1,82.7
1747229384352,6.2,0.0,10.7,0.0,0.0,0.2,82.9
1747229386362,6.8,0.0,10.8,0.0,0.0,0.1,82.3
1747229388373,6.7,0.0,10.5,0.0,0.0,0.1,82.7
1747229390385,6.4,0.0,11.3,0.0,0.0,0.1,82.2
1747229392396,6.5,0.0,10.9,0.0,0.0,0.1,82.5
1747229394406,6.1,0.0,12.1,0.0,0.0,0.1,81.8
1747229396416,6.8,0.0,9.9,0.0,0.0,0.0,83.2
1747229398427,6.7,0.0,10.8,0.0,0.0,0.2,82.4
1747229400440,6.5,0.0,11.7,0.0,0.0,0.1,81.7
1747229402450,6.4,0.0,11.2,0.0,0.0,0.0,82.3
1747229404460,6.4,0.0,11.7,0.0,0.0,0.1,81.8
1747229406471,6.7,0.0,11.7,0.0,0.0,0.1,81.5
1747229408480,6.5,0.0,12.0,0.0,0.0,0.1,81.5
1747229410489,6.5,0.0,11.9,0.0,0.0,0.0,81.5
1747229412500,5.9,0.0,11.6,0.0,0.0,0.1,82.4
1747229414510,6.2,0.0,11.7,0.0,0.0,0.2,82.0
1747229416518,5.6,0.0,12.2,0.0,0.0,0.2,82.1
1747229418529,6.3,0.0,12.1,0.0,0.0,0.1,81.5
1747229420540,6.5,0.0,12.7,0.0,0.0,0.2,80.6
1747229422548,6.6,0.0,11.9,0.0,0.0,0.1,81.3
1747229424561,5.7,0.0,11.6,0.0,0.0,0.1,82.5
1747229426577,5.6,0.0,12.8,0.0,0.0,0.1,81.5
1747229428592,5.9,0.0,11.7,0.0,0.0,0.1,82.2
1747229430608,6.7,0.0,11.2,0.0,0.0,0.1,82.1
1747229432621,5.9,0.0,12.0,0.0,0.0,0.1,81.9
1747229434631,6.9,0.0,11.1,0.0,0.0,0.1,82.0
1747229436642,7.1,0.0,10.4,0.0,0.0,0.0,82.4
1747229438653,5.8,0.0,11.9,0.0,0.0,0.0,82.2
1747229440664,6.5,0.0,11.3,0.0,0.0,0.0,82.2
1747229442674,6.3,0.0,11.4,0.0,0.0,0.2,82.1
1747229444684,10.1,0.0,14.3,0.0,0.0,0.2,75.5
1747229446695,9.3,0.0,14.0,0.0,0.0,0.0,76.6
1747229448706,9.0,0.0,13.8,0.0,0.0,0.1,77.1
1747229450717,8.8,0.0,15.1,0.0,0.0,0.1,76.1
1747229452728,0.0,0.0,0.0,0.0,0.0,0.0,0.0
1747229454738,8.8,0.0,14.1,0.0,0.0,0.1,77.0
1747229456750,8.7,0.0,14.1,0.0,0.0,0.1,77.1
1747229458761,9.3,0.0,13.5,0.0,0.0,0.1,77.1
1747229460773,0.0,0.0,0.0,0.0,0.0,0.0,0.0
1747229462782,8.2,0.0,13.5,0.0,0.0,0.0,78.3
1747229464794,9.7,0.0,12.5,0.0,0.0,0.1,77.7
1747229466806,8.4,0.0,13.0,0.0,0.0,0.0,78.5
1747229468818,0.0,0.0,0.0,0.0,0.0,0.0,100.0
1747229470830,6.3,0.0,9.6,0.0,0.0,0.2,83.9
1747229472839,6.2,0.0,9.7,0.0,0.0,0.0,84.0
1747229474848,5.9,0.0,9.8,0.0,0.0,0.1,84.2
1747229476856,6.0,0.0,9.8,0.0,0.0,0.0,84.1
1747229478865,5.5,0.0,10.2,0.0,0.0,0.1,84.2
1747229480873,6.2,0.0,10.5,0.0,0.0,0.1,83.2
1747229482884,6.5,0.0,10.6,0.0,0.0,0.1,82.8
1747229484892,6.5,0.0,10.6,0.0,0.0,0.0,82.8
1747229486900,6.4,0.0,10.6,0.0,0.0,0.0,83.0
1747229488911,7.0,0.0,10.8,0.0,0.0,0.1,82.1
1747229490919,7.0,0.0,12.2,0.0,0.0,0.2,80.6
1747229492929,7.0,0.0,12.1,0.0,0.0,0.0,80.8
1747229494940,6.9,0.0,12.3,0.0,0.0,0.0,80.8
1747229496951,7.0,0.0,11.8,0.0,0.0,0.0,81.2
1747229498960,6.5,0.0,12.5,0.0,0.0,0.1,80.8
1747229500970,6.7,0.0,12.4,0.0,0.0,0.2,80.7
1747229502979,7.1,0.0,12.1,0.0,0.0,0.0,80.8
1747229504990,7.4,0.0,12.5,0.0,0.0,0.0,80.0
1747229506999,6.6,0.0,12.3,0.0,0.0,0.1,81.0
1747229509007,7.4,0.0,12.2,0.0,0.0,0.1,80.3
1747229511017,6.6,0.0,12.5,0.0,0.0,0.1,80.8
1747229513027,6.8,0.0,13.0,0.0,0.0,0.1,80.1
1747229515038,7.3,0.0,13.0,0.0,0.0,0.0,79.6
1747229517049,7.3,0.0,12.4,0.0,0.0,0.1,80.1
1747229519060,7.6,0.0,11.6,0.0,0.0,0.2,80.7
1747229521069,7.2,0.0,11.9,0.0,0.0,0.2,80.7
1747229523077,6.3,0.0,11.8,0.0,0.0,0.1,81.8
1747229525087,6.8,0.0,12.8,0.0,0.0,0.1,80.2
1747229527097,6.6,0.0,12.6,0.0,0.0,0.1,80.7
1747229529106,6.6,0.0,13.1,0.0,0.0,0.1,80.2
1747229531114,6.8,0.0,12.0,0.0,0.0,0.2,81.0
1747229533125,6.9,0.0,12.8,0.0,0.0,0.0,80.2
1747229535137,6.5,0.0,12.3,0.0,0.0,0.1,81.1
1747229537149,7.0,0.0,12.2,0.0,0.0,0.0,80.7
1747229539159,7.0,0.0,12.4,0.0,0.0,0.1,80.6
1747229541168,8.0,0.0,12.3,0.0,0.0,0.2,79.5
1747229543177,7.1,0.0,11.4,0.0,0.0,0.1,81.4
1747229545191,7.4,0.0,11.6,0.0,0.0,0.1,80.9
1747229547203,6.8,0.0,11.4,0.0,0.0,0.0,81.8
1747229549214,6.5,0.0,12.3,0.0,0.0,0.1,81.1
1747229551223,6.5,0.0,11.9,0.0,0.0,0.2,81.4
1747229553232,5.8,0.0,11.4,0.0,0.0,0.1,82.7
1747229555240,5.7,0.0,11.9,0.0,0.0,0.0,82.4
1747229557262,6.5,0.0,11.2,0.0,0.0,0.0,82.3
1747229559278,5.8,0.0,11.4,0.0,0.0,0.0,82.8
1747229561295,5.7,0.0,11.1,0.0,0.0,0.2,83.0
1747229563306,6.6,0.0,11.8,0.0,0.0,0.1,81.5
1747229565319,7.2,0.0,11.9,0.0,0.0,0.1,80.9
1747229567330,7.5,0.0,12.6,0.0,0.0,0.0,79.9
1747229569341,6.5,0.0,10.5,0.0,0.0,0.0,83.0
1747229571352,6.9,0.0,11.2,0.0,0.0,0.2,81.7
1747229573364,7.3,0.0,11.0,0.0,0.0,0.1,81.5
1747229575375,6.4,0.0,11.5,0.0,0.0,0.1,82.0
1747229577386,5.9,0.0,11.8,0.0,0.0,0.0,82.3
1747229579397,6.3,0.0,11.1,0.0,0.0,0.1,82.5
1747229581408,6.8,0.0,11.5,0.0,0.0,0.1,81.6
1747229583419,6.3,0.0,11.8,0.0,0.0,0.1,81.7
1747229585430,6.2,0.0,11.9,0.0,0.0,0.1,81.7
1747229587442,7.0,0.0,11.9,0.0,0.0,0.0,81.1
1747229589454,7.0,0.0,12.1,0.0,0.0,0.1,80.8
1747229591464,7.4,0.0,10.9,0.0,0.0,0.2,81.5
1747229593475,7.0,0.0,10.9,0.0,0.0,0.1,82.0
1747229595485,6.3,0.0,12.1,0.0,0.0,0.1,81.5
1747229597501,7.0,0.0,11.7,0.0,0.0,0.1,81.2
1747229599513,9.8,0.0,14.1,0.0,0.0,0.1,75.9
1747229601524,9.9,0.0,15.3,0.0,0.0,0.1,74.7
1747229603534,9.6,0.0,15.0,0.0,0.0,0.1,75.4
1747229605545,10.1,0.0,15.2,0.0,0.0,0.1,74.6
1747229607557,0.0,0.0,0.0,0.0,0.0,0.0,0.0
1747229609567,9.3,0.0,14.3,0.0,0.0,0.1,76.3
1747229611579,10.0,0.0,13.6,0.0,0.0,0.1,76.3
1747229613592,9.3,0.0,14.5,0.0,0.0,0.1,76.1
1747229615608,0.0,0.0,0.0,0.0,0.0,0.0,0.0
1747229617622,8.7,0.0,13.9,0.0,0.0,0.1,77.3
1747229619636,8.3,0.0,13.6,0.0,0.0,0.1,78.0
1747229621649,9.0,0.0,13.2,0.0,0.0,0.1,77.7
1747229623664,0.1,0.0,0.1,0.0,0.0,0.0,99.8
1747229625675,6.4,0.0,10.2,0.0,0.0,0.0,83.3
1747229627683,6.3,0.0,10.5,0.0,0.0,0.0,83.1
1747229629692,5.8,0.0,10.3,0.0,0.0,0.1,83.7
1747229631703,0.1,0.0,0.2,0.0,0.0,0.0,99.7
1747229633713,6.5,0.0,10.9,0.0,0.0,0.1,82.5
1747229635725,6.2,0.0,11.9,0.0,0.0,0.2,81.6
1747229637735,6.6,0.0,11.3,0.0,0.0,0.0,82.0
1747229639745,0.2,0.0,0.3,0.0,0.0,0.0,99.5
1747229641757,6.8,0.0,11.8,0.0,0.0,0.0,81.3
1747229643767,7.5,0.0,12.2,0.0,0.0,0.1,80.2
1747229645779,6.2,0.0,12.5,0.0,0.0,0.1,81.1
1747229647790,6.3,0.0,11.4,0.0,0.0,0.1,82.2
1747229649802,6.7,0.0,11.3,0.0,0.0,0.1,81.8
1747229651813,6.9,0.0,11.3,0.0,0.0,0.3,81.5
1747229653824,7.2,0.0,11.5,0.0,0.0,0.1,81.2
1747229655836,6.3,0.0,11.1,0.0,0.0,0.1,82.5
1747229657846,6.5,0.0,11.6,0.0,0.0,0.1,81.8
1747229659857,6.1,0.0,11.2,0.0,0.0,0.0,82.7
1747229661866,6.0,0.0,12.1,0.0,0.0,0.1,81.8
1747229663876,6.7,0.0,11.7,0.0,0.0,0.1,81.5
1747229665887,6.3,0.0,12.2,0.0,0.0,0.1,81.4
1747229667896,7.2,0.0,12.3,0.0,0.0,0.1,80.4
1747229669907,7.8,0.0,11.1,0.0,0.0,0.1,81.0
1747229671918,6.8,0.0,12.6,0.0,0.0,0.2,80.4
1747229673930,7.0,0.0,11.1,0.0,0.0,0.2,81.6
1747229675941,6.8,0.0,12.1,0.0,0.0,0.1,81.0
1747229677951,6.7,0.0,13.1,0.0,0.0,0.0,80.2
1747229679961,6.9,0.0,12.9,0.0,0.0,0.0,80.1
1747229681971,6.8,0.0,12.2,0.0,0.0,0.1,80.9
1747229683981,6.6,0.0,11.7,0.0,0.0,0.0,81.5
1747229685992,7.1,0.0,11.5,0.0,0.0,0.2,81.2
1747229688002,7.3,0.0,12.1,0.0,0.0,0.1,80.5
1747229690011,6.8,0.0,12.3,0.0,0.0,0.2,80.7
1747229692018,7.3,0.0,11.6,0.0,0.0,0.0,81.2
1747229694027,6.9,0.0,12.8,0.0,0.0,0.1,80.2
1747229696040,7.1,0.0,13.0,0.0,0.0,0.1,79.8
1747229698048,6.9,0.0,12.1,0.0,0.0,0.1,80.9
1747229700058,6.6,0.0,12.1,0.0,0.0,0.1,81.2
1747229702068,6.7,0.0,12.5,0.0,0.0,0.1,80.6
1747229704078,7.0,0.0,12.6,0.0,0.0,0.1,80.2
1747229706087,6.9,0.0,12.2,0.0,0.0,0.1,80.8
1747229708099,7.2,0.0,12.2,0.0,0.0,0.1,80.5
1747229710110,6.8,0.0,13.3,0.0,0.0,0.0,79.8
1747229712121,7.5,0.0,11.9,0.0,0.0,0.0,80.6
1747229714132,6.8,0.0,12.7,0.0,0.0,0.1,80.4
1747229716142,7.1,0.0,13.1,0.0,0.0,0.1,79.8
1747229718153,7.9,0.0,13.6,0.0,0.0,0.1,78.4
1747229720164,8.7,0.0,13.5,0.0,0.0,0.0,77.8
1747229722174,6.3,0.0,13.9,0.0,0.0,0.1,79.7
1747229724187,7.3,0.0,12.3,0.0,0.0,0.1,80.3
1747229726198,6.5,0.0,12.9,0.0,0.0,0.1,80.5
1747229728209,7.6,0.0,12.6,0.0,0.0,0.0,79.8
1747229730220,7.1,0.0,12.2,0.0,0.0,0.1,80.6
1747229732230,6.6,0.0,12.1,0.0,0.0,0.0,81.3
1747229734241,7.2,0.0,11.5,0.0,0.0,0.1,81.2
1747229736251,7.3,0.0,13.0,0.0,0.0,0.1,79.5
1747229738261,7.2,0.0,12.0,0.0,0.0,0.0,80.7
1747229740271,7.1,0.0,12.4,0.0,0.0,0.0,80.5
1747229742280,7.3,0.0,12.6,0.0,0.0,0.0,80.0
1747229744289,7.8,0.0,12.0,0.0,0.0,0.0,80.1
1747229746299,7.9,0.0,13.7,0.0,0.0,0.1,78.4
1747229748310,6.6,0.0,12.5,0.0,0.0,0.0,80.9
1747229750319,7.0,0.0,12.1,0.0,0.0,0.0,80.8
1747229752330,7.1,0.0,12.8,0.0,0.0,0.0,80.0
1747229754341,6.6,0.0,13.1,0.0,0.0,0.0,80.4
1747229756352,6.6,0.0,12.5,0.0,0.0,0.1,80.9
1747229758363,6.8,0.0,12.7,0.0,0.0,0.1,80.4
1747229760375,6.7,0.0,12.3,0.0,0.0,0.0,81.0
1747229762386,6.5,0.0,12.0,0.0,0.0,0.1,81.5
1747229764398,6.4,0.0,11.9,0.0,0.0,0.1,81.5
1747229766412,6.8,0.0,12.6,0.0,0.0,0.0,80.5
1747229768427,7.7,0.0,13.6,0.0,0.0,0.1,78.6
1747229770437,7.3,0.0,11.8,0.0,0.0,0.1,80.8
1747229772449,6.8,0.0,12.2,0.0,0.0,0.1,80.9
1747229774459,6.7,0.0,11.9,0.0,0.0,0.0,81.4
1747229776469,6.5,0.0,12.9,0.0,0.0,0.1,80.5
1747229778479,7.3,0.0,12.0,0.0,0.0,0.1,80.6
1747229780491,9.7,0.0,15.9,0.0,0.0,0.1,74.3
1747229782503,10.6,0.0,14.6,0.0,0.0,0.0,74.8
1747229784514,10.3,0.0,15.2,0.0,0.0,0.1,74.4
1747229786526,0.0,0.0,0.0,0.0,0.0,0.0,0.0
1747229788538,10.2,0.0,14.2,0.0,0.0,0.1,75.5
1747229790549,9.9,0.0,14.5,0.0,0.0,0.1,75.5
1747229792560,10.1,0.0,14.1,0.0,0.0,0.0,75.8
1747229794571,9.8,0.0,14.7,0.0,0.0,0.1,75.4
1747229796583,9.1,0.0,13.7,0.0,0.0,0.1,77.1
1747229798594,8.9,0.0,14.2,0.0,0.0,0.1,76.8
1747229800605,9.1,0.0,14.2,0.0,0.0,0.0,76.7
1747229802616,9.4,0.0,15.4,0.0,0.0,0.1,75.1
1747229804627,7.4,0.0,11.1,0.0,0.0,0.2,81.2
1747229806637,6.8,0.0,11.1,0.0,0.0,0.1,82.1
1747229808645,6.6,0.0,11.6,0.0,0.0,0.2,81.7
1747229810653,6.7,0.0,12.5,0.0,0.0,0.1,80.7
1747229812663,0.1,0.0,0.2,0.0,0.0,0.0,99.6
1747229814671,6.6,0.0,12.5,0.0,0.0,0.1,80.8
1747229816678,7.2,0.0,12.2,0.0,0.0,0.1,80.4
1747229818685,6.3,0.0,12.0,0.0,0.0,0.1,81.6
1747229820693,8.1,0.0,11.7,0.0,0.0,0.2,80.0
1747229822705,7.5,0.0,11.9,0.0,0.0,0.1,80.5
1747229824716,6.8,0.0,11.8,0.0,0.0,0.1,81.3
1747229826728,7.3,0.0,12.7,0.0,0.0,0.1,79.9
1747229828737,8.0,0.0,11.7,0.0,0.0,0.0,80.2
1747229830745,7.0,0.0,13.1,0.0,0.0,0.1,79.8
1747229832752,6.6,0.0,12.2,0.0,0.0,0.1,81.1
1747229834762,6.3,0.0,13.1,0.0,0.0,0.2,80.4
1747229836771,7.1,0.0,12.6,0.0,0.0,0.2,80.1
1747229838781,6.2,0.0,12.6,0.0,0.0,0.1,81.1
1747229840791,6.5,0.0,12.6,0.0,0.0,0.1,80.9
1747229842804,6.4,0.0,12.7,0.0,0.0,0.1,80.8
1747229844815,0.0,0.0,0.0,0.0,0.0,0.0,0.0
1747229846827,10.3,0.0,14.8,0.0,0.0,0.0,74.9
1747229848837,9.8,0.0,15.2,0.0,0.0,0.0,75.0
1747229850848,10.4,0.0,14.4,0.0,0.0,0.1,75.2
1747229852859,9.9,0.0,14.8,0.0,0.0,0.1,75.2
1747229854871,9.8,0.0,14.7,0.0,0.0,0.0,75.4
1747229856882,9.9,0.0,14.7,0.0,0.0,0.1,75.3
1747229858893,9.4,0.0,15.5,0.0,0.0,0.1,75.0
1747229860905,10.2,0.0,15.4,0.0,0.0,0.1,74.3
1747229862916,8.4,0.0,12.7,0.0,0.0,0.1,78.8
1747229864925,9.3,0.0,14.7,0.0,0.0,0.1,75.9
1747229866937,9.7,0.0,13.9,0.0,0.0,0.0,76.3
1747229868952,8.6,0.0,15.2,0.0,0.0,0.1,76.0
1747229870963,8.4,0.0,10.7,0.0,0.0,0.0,80.9
1747229872973,7.0,0.0,11.0,0.0,0.0,0.1,81.9
1747229874983,6.4,0.0,12.6,0.0,0.0,0.0,81.0
1747229876992,6.0,0.0,11.6,0.0,0.0,0.0,82.4
1747229879003,0.2,0.0,0.2,0.0,0.0,0.0,99.6
1747229881012,6.3,0.0,12.5,0.0,0.0,0.1,81.1
1747229883023,6.3,0.0,12.6,0.0,0.0,0.1,81.0
1747229885033,6.6,0.0,12.1,0.0,0.0,0.1,81.3
1747229887045,0.2,0.0,0.3,0.0,0.0,0.0,99.5
1747229889055,6.9,0.0,11.6,0.0,0.0,0.2,81.3
1747229891065,7.3,0.0,11.3,0.0,0.0,0.2,81.2
1747229893076,7.1,0.0,11.8,0.0,0.0,0.0,81.0
1747229895086,0.2,0.0,0.2,0.0,0.0,0.0,99.6
1747229897094,7.1,0.0,11.9,0.0,0.0,0.1,80.8
1747229899104,7.1,0.0,13.3,0.0,0.0,0.1,79.4
1747229901116,6.6,0.0,13.3,0.0,0.0,0.1,80.0
1747229903127,8.1,0.0,13.1,0.0,0.0,0.1,78.7
1747229905137,7.2,0.0,13.5,0.0,0.0,0.1,79.2
1747229907146,7.0,0.0,14.1,0.0,0.0,0.0,78.9
1747229909157,7.8,0.0,13.5,0.0,0.0,0.0,78.8
1747229911169,0.0,0.0,0.0,0.0,0.0,0.0,0.0
1747229913181,10.6,0.0,15.0,0.0,0.0,0.0,74.4
1747229915193,10.8,0.0,15.5,0.0,0.0,0.0,73.6
1747229917205,10.5,0.0,15.6,0.0,0.0,0.1,73.8
1747229919217,10.7,0.0,16.7,0.0,0.0,0.2,72.4
1747229921230,9.3,0.0,15.2,0.0,0.0,0.2,75.3
1747229923241,10.5,0.0,14.2,0.0,0.0,0.2,75.1
1747229925252,9.9,0.0,14.1,0.0,0.0,0.2,75.8
1747229927269,9.8,0.0,16.1,0.0,0.0,0.2,73.9
1747229929280,7.6,0.0,11.7,0.0,0.0,0.1,80.5
1747229931291,9.6,0.0,14.8,0.0,0.0,0.1,75.4
1747229933305,9.5,0.0,14.7,0.0,0.0,0.1,75.7
1747229935319,10.0,0.0,16.4,0.0,0.0,0.0,73.5
1747229937333,9.0,0.0,11.9,0.0,0.0,0.2,79.0
1747229939343,7.5,0.0,11.9,0.0,0.0,0.1,80.5
1747229941355,7.1,0.0,11.8,0.0,0.0,0.2,80.9
1747229943365,7.3,0.0,12.0,0.0,0.0,0.1,80.6
1747229945377,0.1,0.0,0.2,0.0,0.0,0.0,99.7
1747229947388,7.4,0.0,12.6,0.0,0.0,0.1,79.8
1747229949399,7.4,0.0,13.4,0.0,0.0,0.2,79.0
1747229951410,6.8,0.0,13.0,0.0,0.0,0.2,80.0
1747229953419,0.2,0.0,0.3,0.0,0.0,0.0,99.5
1747229955429,6.6,0.0,13.2,0.0,0.0,0.1,80.0
1747229957438,7.5,0.0,12.8,0.0,0.0,0.1,79.5
1747229959447,7.3,0.0,12.4,0.0,0.0,0.1,80.2
1747229961458,7.8,0.0,12.4,0.0,0.0,0.2,79.6
1747229963469,7.3,0.0,13.0,0.0,0.0,0.1,79.6
1747229965480,7.5,0.0,12.9,0.0,0.0,0.0,79.6
1747229967497,7.1,0.0,13.1,0.0,0.0,0.1,79.8
1747229969513,0.0,0.0,0.0,0.0,0.0,0.0,0.0
1747229971527,10.1,0.0,15.6,0.0,0.0,0.3,73.9
1747229973538,10.7,0.0,16.4,0.0,0.0,0.1,72.7
1747229975550,10.6,0.0,16.2,0.0,0.0,0.0,73.2
1747229977562,10.7,0.0,17.1,0.0,0.0,0.1,72.1
1747229979573,9.3,0.0,13.8,0.0,0.0,0.1,76.8
1747229981585,10.6,0.0,14.7,0.0,0.0,0.2,74.5
1747229983597,10.6,0.0,14.5,0.0,0.0,0.2,74.7
1747229985608,10.3,0.0,16.3,0.0,0.0,0.1,73.3
1747229987619,9.0,0.0,11.7,0.0,0.0,0.0,79.2
1747229989628,9.5,0.0,14.5,0.0,0.0,0.1,76.0
1747229991639,10.0,0.0,14.3,0.0,0.0,0.2,75.5
1747229993652,9.4,0.0,15.1,0.0,0.0,0.0,75.4
1747229995670,0.2,0.0,0.3,0.0,0.0,0.0,99.5
1747229997685,6.7,0.0,11.5,0.0,0.0,0.1,81.6
1747229999698,6.9,0.0,10.8,0.0,0.0,0.1,82.3
1747230001708,6.6,0.0,11.5,0.0,0.0,0.2,81.6
1747230003719,0.1,0.0,0.2,0.0,0.0,0.0,99.6
1747230005729,6.5,0.0,13.1,0.0,0.0,0.1,80.3
1747230007741,7.9,0.0,13.4,0.0,0.0,0.1,78.6
1747230009753,6.9,0.0,13.3,0.0,0.0,0.1,79.7
1747230011764,8.1,0.0,12.9,0.0,0.0,0.4,78.6
1747230013774,7.3,0.0,11.9,0.0,0.0,0.1,80.7
1747230015785,7.1,0.0,12.1,0.0,0.0,0.1,80.8
1747230017796,6.5,0.0,12.4,0.0,0.0,0.0,81.1
1747230019806,7.7,0.0,12.5,0.0,0.0,0.1,79.7
1747230021817,7.0,0.0,13.2,0.0,0.0,0.3,79.5
1747230023828,6.8,0.0,12.8,0.0,0.0,0.2,80.2
1747230025839,7.2,0.0,12.5,0.0,0.0,0.1,80.2
1747230027847,8.1,0.0,12.8,0.0,0.0,0.1,79.0
1747230029860,6.8,0.0,11.7,0.0,0.0,0.0,81.4
1747230031884,6.7,0.0,11.6,0.0,0.0,0.2,81.6
1747230033904,6.4,0.0,13.1,0.0,0.0,0.2,80.3
1747230035917,7.6,0.0,11.4,0.0,0.0,0.1,80.9
1747230037929,6.9,0.0,11.7,0.0,0.0,0.0,81.3
1747230039940,6.5,0.0,12.6,0.0,0.0,0.1,80.8
1747230041952,6.4,0.0,13.3,0.0,0.0,0.1,80.1
1747230043964,0.0,0.0,0.0,0.0,0.0,0.0,0.0
1747230045975,9.9,0.0,15.8,0.0,0.0,0.2,74.2
1747230047988,10.3,0.0,15.5,0.0,0.0,0.0,74.2
1747230050002,9.6,0.0,15.1,0.0,0.0,0.0,75.3
1747230052031,10.2,0.0,15.9,0.0,0.0,0.2,73.7
1747230054043,9.1,0.0,13.8,0.0,0.0,0.1,77.0
1747230056054,9.7,0.0,14.4,0.0,0.0,0.1,75.7
1747230058069,9.7,0.0,15.3,0.0,0.0,0.1,75.0
1747230060081,9.8,0.0,15.8,0.0,0.0,0.2,74.1
1747230062095,10.0,0.0,14.8,0.0,0.0,0.2,75.0
1747230064107,9.9,0.0,14.7,0.0,0.0,0.1,75.3
1747230066119,9.4,0.0,15.4,0.0,0.0,0.1,75.0
1747230068130,9.7,0.0,15.6,0.0,0.0,0.1,74.6
1747230070141,0.0,0.0,0.0,0.0,0.0,0.0,0.0
1747230072153,9.3,0.0,14.3,0.0,0.0,0.1,76.2
1747230074165,9.0,0.0,14.8,0.0,0.0,0.0,76.2
1747230076176,9.7,0.0,13.8,0.0,0.0,0.1,76.4
1747230078188,0.0,0.0,0.0,0.0,0.0,0.0,99.9
1747230080198,6.4,0.0,10.8,0.0,0.0,0.1,82.7
1747230082205,6.1,0.0,10.8,0.0,0.0,0.3,82.8
1747230084216,5.4,0.0,12.2,0.0,0.0,0.1,82.3
1747230086230,6.4,0.0,10.8,0.0,0.0,0.1,82.8
1747230088242,7.4,0.0,11.5,0.0,0.0,0.1,81.0
1747230090252,6.8,0.0,11.6,0.0,0.0,0.1,81.5
1747230092262,6.7,0.0,12.5,0.0,0.0,0.1,80.7
1747230094273,7.0,0.0,12.4,0.0,0.0,0.1,80.6
1747230096285,7.4,0.0,11.9,0.0,0.0,0.2,80.5
1747230098297,6.5,0.0,12.5,0.0,0.0,0.2,80.8
1747230100309,6.3,0.0,13.3,0.0,0.0,0.1,80.3
1747230102321,7.0,0.0,12.3,0.0,0.0,0.0,80.7
1747230104333,7.2,0.0,12.1,0.0,0.0,0.2,80.5
1747230106343,6.5,0.0,13.0,0.0,0.0,0.1,80.3
1747230108353,7.6,0.0,12.0,0.0,0.0,0.1,80.3
1747230110362,7.0,0.0,12.2,0.0,0.0,0.0,80.8
1747230112373,6.9,0.0,12.8,0.0,0.0,0.3,79.9
1747230114390,7.5,0.0,12.1,0.0,0.0,0.1,80.2
1747230116404,7.7,0.0,12.8,0.0,0.0,0.3,79.2
1747230118413,8.0,0.0,14.9,0.0,0.0,0.1,77.0
1747230120424,8.8,0.0,14.2,0.0,0.0,0.1,76.8
1747230122433,7.8,0.0,13.8,0.0,0.0,0.4,78.1
1747230124444,7.3,0.0,14.0,0.0,0.0,0.3,78.4
1747230126457,8.1,0.0,14.4,0.0,0.0,0.1,77.3
1747230128468,8.5,0.0,13.8,0.0,0.0,0.2,77.4
1747230130477,8.1,0.0,13.9,0.0,0.0,0.1,77.9
1747230132486,7.8,0.0,13.9,0.0,0.0,0.1,78.3
1747230134497,7.6,0.0,14.7,0.1,0.0,0.1,77.6
1747230136508,8.8,0.0,14.0,0.0,0.0,0.1,77.0
1747230138519,8.1,0.0,15.2,0.0,0.0,0.2,76.5
1747230140529,8.2,0.0,14.1,0.0,0.0,0.1,77.6
1747230142540,8.7,0.0,14.5,0.0,0.0,0.1,76.8
1747230144550,7.8,0.0,15.3,0.0,0.0,0.1,76.8
1747230146559,8.1,0.0,13.9,0.0,0.0,0.1,77.9
1747230148570,7.7,0.0,14.6,0.0,0.0,0.2,77.6
1747230150580,8.0,0.0,13.7,0.0,0.0,0.1,78.3
1747230152596,8.3,0.0,12.4,0.0,0.0,0.1,79.3
1747230154608,7.3,0.0,13.2,0.1,0.0,0.1,79.3
1747230156619,7.3,0.0,12.8,0.0,0.0,0.1,79.9
1747230158629,8.1,0.0,13.3,0.0,0.0,0.1,78.5
1747230160642,8.1,0.0,12.9,0.0,0.0,0.1,78.8
1747230162653,7.2,0.0,14.4,0.0,0.0,0.1,78.3
1747230164663,8.2,0.0,14.0,0.0,0.0,0.1,77.6
1747230166673,8.4,0.0,14.6,0.0,0.0,0.1,76.9
1747230168684,8.1,0.0,13.4,0.0,0.0,0.1,78.3
1747230170695,8.5,0.0,13.1,0.1,0.0,0.1,78.4
1747230172704,8.1,0.0,13.9,0.0,0.0,0.1,77.8
1747230174714,9.1,0.0,14.0,0.0,0.0,0.1,76.7
1747230176723,8.6,0.0,13.4,0.0,0.0,0.2,77.8
1747230178732,7.3,0.0,15.0,0.0,0.0,0.1,77.6
1747230180746,7.0,0.0,14.1,0.1,0.0,0.0,78.8
1747230182763,7.9,0.0,13.5,0.0,0.0,0.1,78.5
1747230184773,7.4,0.0,13.5,0.0,0.0,0.1,79.0
1747230186782,7.2,0.0,13.5,0.0,0.0,0.1,79.2
1747230188792,7.6,0.0,14.2,0.0,0.0,0.1,78.1
1747230190802,8.1,0.0,15.1,0.1,0.0,0.1,76.6
1747230192812,8.2,0.0,14.2,0.0,0.0,0.1,77.5
1747230194822,7.5,0.0,14.6,0.0,0.0,0.1,77.8
1747230196830,8.0,0.0,13.8,0.0,0.0,0.2,78.0
1747230198840,8.1,0.0,14.4,0.0,0.0,0.1,77.4
1747230200849,8.9,0.0,13.8,0.1,0.0,0.1,77.2
1747230202859,7.3,0.0,14.6,0.0,0.0,0.1,78.0
1747230204869,8.2,0.0,13.0,0.0,0.0,0.1,78.7
1747230206881,7.9,0.0,13.9,0.0,0.0,0.1,78.0
1747230208891,8.3,0.0,13.1,0.0,0.0,0.1,78.5
1747230210901,7.3,0.0,14.3,0.0,0.0,0.1,78.4
1747230212911,7.9,0.0,13.5,0.0,0.0,0.1,78.5
1747230214922,7.4,0.0,14.9,0.0,0.0,0.1,77.6
1747230216933,11.5,0.0,15.2,0.0,0.0,0.2,73.2
1747230218950,10.6,0.0,16.6,0.0,0.0,0.0,72.7
1747230220972,11.3,0.0,16.1,0.0,0.0,0.2,72.4
1747230222987,11.9,0.0,16.1,0.0,0.0,0.1,71.9
1747230225005,0.0,0.0,0.0,0.0,0.0,0.0,0.0
1747230227020,10.6,0.0,15.6,0.0,0.0,0.1,73.8
1747230229033,11.8,0.0,16.4,0.0,0.0,0.0,71.8
1747230231045,11.4,0.0,16.9,0.0,0.0,0.0,71.7
1747230233056,0.0,0.0,0.0,0.0,0.0,0.0,0.0
1747230235068,11.0,0.0,15.8,0.0,0.0,0.0,73.2
1747230237079,10.6,0.0,15.9,0.0,0.0,0.1,73.4
1747230239094,10.1,0.0,16.1,0.0,0.0,0.1,73.7
1747230241107,11.0,0.0,15.0,0.0,0.0,0.1,73.9
1747230243119,7.7,0.0,12.4,0.0,0.0,0.1,79.8
1747230245129,7.5,0.0,12.8,0.0,0.0,0.0,79.6
1747230247137,7.2,0.0,13.1,0.0,0.0,0.2,79.6
1747230249145,7.4,0.0,13.0,0.0,0.0,0.0,79.6
1747230251153,6.5,0.0,12.8,0.0,0.0,0.1,80.5
1747230253162,6.6,0.0,13.4,0.0,0.0,0.1,79.9
1747230255173,7.0,0.0,13.5,0.0,0.0,0.1,79.4
1747230257183,7.8,0.0,14.2,0.0,0.0,0.1,77.9
1747230259194,7.1,0.0,13.2,0.0,0.0,0.0,79.7
1747230261204,7.0,0.0,13.6,0.0,0.0,0.1,79.2
1747230263215,7.7,0.0,13.5,0.0,0.0,0.1,78.7
1747230265225,9.1,0.0,13.6,0.0,0.0,0.2,77.1
1747230267236,6.8,0.0,12.7,0.0,0.0,0.2,80.3
1747230269247,7.0,0.0,13.8,0.0,0.0,0.1,79.1
1747230271258,7.0,0.0,14.4,0.0,0.0,0.0,78.5
1747230273269,7.3,0.0,14.4,0.0,0.0,0.0,78.2
1747230275279,7.3,0.0,14.2,0.0,0.0,0.0,78.5
1747230277291,6.7,0.0,12.7,0.0,0.0,0.2,80.5
1747230279304,7.1,0.0,12.8,0.0,0.0,0.0,80.1
1747230281318,7.3,0.0,13.2,0.0,0.0,0.0,79.5
1747230283335,7.2,0.0,13.3,0.0,0.0,0.0,79.5
1747230285350,8.0,0.0,13.2,0.0,0.0,0.0,78.8
1747230287362,8.5,0.0,13.8,0.0,0.0,0.1,77.6
1747230289373,7.9,0.0,13.0,0.0,0.0,0.1,79.0
1747230291384,7.4,0.0,13.0,0.0,0.0,0.0,79.6
1747230293395,7.7,0.0,12.8,0.0,0.0,0.1,79.4
1747230295405,7.3,0.0,13.1,0.0,0.0,0.0,79.5
1747230297415,7.6,0.0,13.4,0.0,0.0,0.1,78.9
1747230299425,8.0,0.0,12.5,0.0,0.0,0.0,79.5
1747230301436,7.5,0.0,13.1,0.0,0.0,0.1,79.4
1747230303446,7.6,0.0,12.8,0.0,0.0,0.1,79.5
1747230305458,7.5,0.0,14.0,0.0,0.0,0.1,78.4
1747230307469,7.2,0.0,13.6,0.0,0.0,0.0,79.2
1747230309480,7.9,0.0,13.9,0.0,0.0,0.0,78.2
1747230311490,7.6,0.0,13.9,0.0,0.0,0.0,78.5
1747230313500,7.2,0.0,13.8,0.0,0.0,0.2,78.8
1747230315511,7.2,0.0,13.3,0.0,0.0,0.1,79.4
1747230317526,7.0,0.0,12.7,0.0,0.0,0.1,80.2
1747230319534,7.1,0.0,12.6,0.0,0.0,0.1,80.2
1747230321544,7.1,0.0,12.2,0.2,0.0,0.1,80.3
1747230323554,6.9,0.0,12.7,0.0,0.0,0.0,80.3
1747230325566,6.7,0.0,13.9,0.0,0.0,0.1,79.3
1747230327577,7.6,0.0,13.0,0.0,0.0,0.1,79.3
1747230329589,7.6,0.0,13.0,0.0,0.0,0.1,79.2
1747230331599,6.9,0.0,13.9,0.1,0.0,0.1,79.0
1747230333610,7.8,0.0,13.8,0.0,0.0,0.1,78.3
1747230335621,8.0,0.0,13.0,0.0,0.0,0.0,78.9
1747230337632,8.6,0.0,13.2,0.0,0.0,0.0,78.1
1747230339641,8.7,0.0,12.9,0.0,0.0,0.0,78.3
1747230341649,6.8,0.0,14.0,0.1,0.0,0.2,78.9
1747230343672,7.3,0.0,13.4,0.0,0.0,0.0,79.2
1747230345693,7.0,0.0,13.7,0.0,0.0,0.1,79.1
1747230347704,7.3,0.0,13.2,0.0,0.0,0.2,79.4
1747230349716,7.1,0.0,14.0,0.0,0.0,0.2,78.8
1747230351727,8.0,0.0,12.7,0.0,0.0,0.2,79.2
1747230353738,7.5,0.0,14.9,0.0,0.0,0.0,77.5
1747230355749,8.3,0.0,12.6,0.0,0.0,0.1,79.0
1747230357761,7.7,0.0,12.2,0.0,0.0,0.1,80.0
1747230359772,7.1,0.0,12.1,0.0,0.0,0.0,80.6
