timestamp_ms,usr%,nice%,sys%,iowait%,irq%,soft%,steal%,idle%
1747228273513,4.5,0.0,8.8,0.0,0.0,0.1,86.7
1747228275525,5.1,0.0,10.1,0.0,0.0,0.1,84.7
1747228277537,5.2,0.0,9.2,0.0,0.0,0.2,85.4
1747228279548,4.7,0.0,9.2,0.0,0.0,0.2,85.9
1747228281559,4.7,0.0,9.8,0.0,0.0,0.1,85.5
1747228283569,6.1,0.0,8.9,0.0,0.0,0.0,84.9
1747228285580,5.0,0.0,9.6,0.0,0.0,0.1,85.3
1747228287591,5.0,0.0,8.9,0.0,0.0,0.1,85.9
1747228289602,5.3,0.0,9.2,0.0,0.0,0.1,85.4
1747228291614,5.8,0.0,10.3,0.1,0.0,0.1,83.7
1747228293625,5.6,0.0,9.2,0.0,0.0,0.2,85.0
1747228295636,5.6,0.0,8.8,0.0,0.0,0.1,85.5
1747228297645,5.0,0.0,8.8,0.0,0.0,0.1,86.1
1747228299657,5.6,0.0,9.6,0.0,0.0,0.1,84.7
1747228301667,5.2,0.0,8.8,0.0,0.0,0.1,85.8
1747228303678,4.7,0.0,9.2,0.0,0.0,0.0,86.0
1747228305689,4.8,0.0,9.3,0.0,0.0,0.2,85.7
1747228307700,5.2,0.0,9.3,0.0,0.0,0.1,85.5
1747228309711,5.1,0.0,9.4,0.0,0.0,0.1,85.4
1747228311722,5.1,0.0,9.2,0.0,0.0,0.1,85.6
1747228313733,5.1,0.0,9.9,0.0,0.0,0.2,84.8
1747228315744,5.1,0.0,9.4,0.0,0.0,0.1,85.4
1747228317755,5.3,0.0,9.0,0.0,0.0,0.1,85.5
1747228319766,5.1,0.0,9.8,0.0,0.0,0.1,84.9
1747228321777,5.6,0.0,9.9,0.0,0.0,0.1,84.3
1747228323789,6.0,0.0,9.7,0.0,0.0,0.1,84.2
1747228325799,4.9,0.0,9.1,0.0,0.0,0.1,85.9
1747228327810,5.3,0.0,8.3,0.0,0.0,0.1,86.3
1747228329822,4.8,0.0,9.2,0.0,0.0,0.1,85.8
1747228331833,5.2,0.0,8.8,0.0,0.0,0.1,85.9
1747228333842,4.7,0.0,8.9,0.0,0.0,0.2,86.2
1747228335853,4.5,0.0,9.2,0.0,0.0,0.0,86.2
1747228337864,4.9,0.0,8.7,0.0,0.0,0.0,86.4
1747228339875,5.0,0.0,9.4,0.0,0.0,0.2,85.4
1747228341885,5.0,0.0,8.4,0.0,0.0,0.0,86.6
1747228343894,4.4,0.0,9.1,0.0,0.0,0.1,86.4
1747228345904,5.3,0.0,9.0,0.0,0.0,0.2,85.5
1747228347914,4.5,0.0,9.2,0.0,0.0,0.1,86.2
1747228349929,4.5,0.0,9.2,0.0,0.0,0.1,86.1
1747228351944,5.5,0.0,8.4,0.0,0.0,0.1,86.0
1747228353958,5.1,0.0,8.8,0.0,0.0,0.1,86.0
1747228355969,5.0,0.0,8.7,0.0,0.0,0.1,86.2
1747228357979,5.2,0.0,9.2,0.0,0.0,0.0,85.5
1747228359990,4.9,0.0,9.4,0.0,0.0,0.3,85.4
1747228362001,4.7,0.0,10.4,0.0,0.0,0.0,84.8
1747228364012,5.8,0.0,8.9,0.0,0.0,0.0,85.3
1747228366023,4.9,0.0,9.4,0.0,0.0,0.0,85.7
1747228368033,5.2,0.0,9.1,0.0,0.0,0.0,85.6
1747228370044,4.9,0.0,8.7,0.0,0.0,0.2,86.3
1747228372056,4.9,0.0,9.0,0.0,0.0,0.1,86.0
1747228374066,4.5,0.0,9.5,0.0,0.0,0.1,85.9
1747228376077,5.0,0.0,9.0,0.0,0.0,0.1,85.9
1747228378088,4.8,0.0,9.1,0.0,0.0,0.1,85.9
1747228380099,5.3,0.0,9.0,0.0,0.0,0.3,85.3
1747228382110,5.4,0.0,9.9,0.0,0.0,0.1,84.6
1747228384121,4.6,0.0,9.6,0.0,0.0,0.2,85.6
1747228386133,4.9,0.0,9.2,0.0,0.0,0.1,85.8
1747228388144,5.5,0.0,9.3,0.0,0.0,0.1,85.1
1747228390154,5.0,0.0,10.1,0.0,0.0,0.2,84.6
1747228392164,5.3,0.0,9.1,0.0,0.0,0.1,85.4
1747228394176,4.8,0.0,10.1,0.0,0.0,0.1,84.9
1747228396186,5.3,0.0,9.3,0.0,0.0,0.0,85.4
1747228398197,5.2,0.0,9.2,0.0,0.0,0.1,85.5
1747228400206,4.6,0.0,9.7,0.0,0.0,0.1,85.5
1747228402217,4.4,0.0,9.7,0.0,0.0,0.0,85.8
1747228404227,5.8,0.0,9.2,0.0,0.0,0.0,84.9
1747228406235,5.9,0.0,9.4,0.0,0.0,0.1,84.5
1747228408245,5.1,0.0,9.9,0.0,0.0,0.1,84.8
1747228410255,5.1,0.0,9.3,0.0,0.0,0.1,85.5
1747228412266,5.1,0.0,9.6,0.0,0.0,0.1,85.2
1747228414277,5.1,0.0,9.1,0.0,0.0,0.1,85.7
1747228416288,4.6,0.0,9.7,0.0,0.0,0.2,85.5
1747228418297,4.9,0.0,9.4,0.0,0.0,0.1,85.7
1747228420306,5.8,0.0,10.5,0.0,0.0,0.2,83.5
1747228422317,5.0,0.0,10.4,0.0,0.0,0.0,84.6
1747228424326,5.1,0.0,9.6,0.0,0.0,0.2,85.1
1747228426336,4.2,0.0,9.3,0.0,0.0,0.1,86.3
1747228428347,4.9,0.0,9.5,0.0,0.0,0.2,85.4
1747228430356,4.9,0.0,8.6,0.0,0.0,0.2,86.2
1747228432371,5.0,0.0,9.7,0.0,0.0,0.0,85.3
1747228434381,5.5,0.0,8.9,0.0,0.0,0.1,85.4
1747228436391,5.4,0.0,9.7,0.0,0.0,0.1,84.8
1747228438403,5.0,0.0,10.1,0.0,0.0,0.1,84.7
1747228440414,5.2,0.0,9.6,0.0,0.0,0.3,84.8
1747228442425,5.4,0.0,8.8,0.0,0.0,0.1,85.7
1747228444437,5.1,0.0,9.7,0.0,0.0,0.0,85.2
1747228446449,5.0,0.0,9.4,0.0,0.0,0.1,85.4
1747228448461,4.7,0.0,10.0,0.0,0.0,0.1,85.2
1747228450471,5.1,0.0,9.3,0.0,0.0,0.3,85.4
1747228452483,5.2,0.0,9.4,0.0,0.0,0.1,85.3
1747228454494,7.1,0.0,10.4,0.0,0.0,0.1,82.3
1747228456505,7.4,0.0,12.0,0.0,0.0,0.2,80.4
1747228458516,7.4,0.0,11.4,0.0,0.0,0.1,81.1
1747228460527,8.1,0.0,12.4,0.0,0.0,0.1,79.4
1747228462539,7.3,0.0,11.4,0.0,0.0,0.1,81.1
1747228464550,7.2,0.0,10.8,0.0,0.0,0.2,81.8
1747228466562,7.5,0.0,10.2,0.0,0.0,0.1,82.1
1747228468573,7.3,0.0,11.8,0.0,0.0,0.2,80.7
1747228470585,0.0,0.0,0.0,0.0,0.0,0.0,0.0
1747228472596,6.7,0.0,10.6,0.0,0.0,0.0,82.7
1747228474606,6.6,0.0,11.1,0.0,0.0,0.1,82.2
1747228476617,6.6,0.0,10.9,0.0,0.0,0.1,82.5
1747228478628,0.2,0.0,0.2,0.0,0.0,0.0,99.6
1747228480639,5.3,0.0,8.7,0.0,0.0,0.2,85.9
1747228482649,4.9,0.0,8.8,0.0,0.0,0.1,86.3
1747228484658,5.2,0.0,8.4,0.0,0.0,0.1,86.2
1747228486670,0.1,0.0,0.2,0.0,0.0,0.0,99.7
1747228488680,5.3,0.0,9.1,0.0,0.0,0.1,85.5
1747228490690,5.4,0.0,8.9,0.0,0.0,0.2,85.5
1747228492698,4.4,0.0,9.7,0.0,0.0,0.1,85.7
1747228494709,0.1,0.0,0.2,0.0,0.0,0.0,99.7
1747228496718,5.3,0.0,9.3,0.0,0.0,0.1,85.3
1747228498726,5.4,0.0,10.3,0.0,0.0,0.0,84.2
1747228500735,5.2,0.0,10.1,0.0,0.0,0.2,84.5
1747228502743,5.6,0.0,9.2,0.0,0.0,0.1,85.1
1747228504752,5.1,0.0,9.1,0.0,0.0,0.2,85.7
1747228506775,4.8,0.0,9.4,0.0,0.0,0.0,85.8
1747228508783,4.8,0.0,9.4,0.0,0.0,0.0,85.8
1747228510795,5.4,0.0,9.9,0.0,0.0,0.1,84.6
1747228512806,5.2,0.0,9.8,0.0,0.0,0.0,84.9
1747228514818,5.5,0.0,9.7,0.0,0.0,0.2,84.5
1747228516829,6.0,0.0,9.9,0.0,0.0,0.1,83.9
1747228518840,5.4,0.0,10.3,0.0,0.0,0.1,84.2
1747228520850,5.1,0.0,9.4,0.0,0.0,0.1,85.3
1747228522860,5.2,0.0,9.9,0.0,0.0,0.1,84.8
1747228524871,5.6,0.0,9.2,0.0,0.0,0.1,85.1
1747228526881,5.5,0.0,9.4,0.0,0.0,0.2,84.8
1747228528892,5.0,0.0,9.5,0.0,0.0,0.1,85.4
1747228530904,5.2,0.0,10.0,0.0,0.0,0.1,84.8
1747228532915,5.4,0.0,9.3,0.0,0.0,0.2,85.1
1747228534926,5.4,0.0,9.3,0.0,0.0,0.3,85.0
1747228536937,5.5,0.0,9.3,0.0,0.0,0.1,85.0
1747228538948,5.7,0.0,9.3,0.0,0.0,0.1,84.9
1747228540959,5.5,0.0,9.8,0.0,0.0,0.1,84.6
1747228542970,6.0,0.0,10.8,0.0,0.0,0.1,83.0
1747228544981,5.2,0.0,9.6,0.0,0.0,0.2,85.1
1747228546991,5.2,0.0,9.6,0.0,0.0,0.2,85.0
1747228549002,5.4,0.0,9.2,0.0,0.0,0.1,85.3
1747228551013,5.6,0.0,9.8,0.0,0.0,0.3,84.3
1747228553024,4.8,0.0,9.8,0.0,0.0,0.1,85.3
1747228555034,5.4,0.0,9.3,0.0,0.0,0.1,85.2
1747228557044,5.4,0.0,8.8,0.0,0.0,0.3,85.5
1747228559055,4.9,0.0,10.1,0.0,0.0,0.2,84.9
1747228561065,5.2,0.0,8.8,0.0,0.0,0.1,85.8
1747228563076,5.0,0.0,9.4,0.0,0.0,0.2,85.4
1747228565085,5.5,0.0,10.1,0.0,0.0,0.3,84.1
1747228567096,6.7,0.0,10.9,0.0,0.0,0.2,82.2
1747228569106,5.3,0.0,10.2,0.0,0.0,0.1,84.4
1747228571117,5.2,0.0,9.7,0.0,0.0,0.2,84.9
1747228573126,5.5,0.0,9.7,0.0,0.0,0.1,84.7
1747228575135,5.5,0.0,9.8,0.0,0.0,0.1,84.5
1747228577145,4.6,0.0,9.8,0.0,0.0,0.3,85.2
1747228579153,5.0,0.0,9.5,0.0,0.0,0.2,85.3
1747228581164,4.6,0.0,9.5,0.0,0.0,0.2,85.7
1747228583175,6.2,0.0,10.4,0.0,0.0,0.2,83.1
1747228585186,5.7,0.0,10.2,0.0,0.0,0.2,83.9
1747228587196,5.5,0.0,9.9,0.0,0.0,0.1,84.5
1747228589206,5.2,0.0,10.5,0.0,0.0,0.2,84.1
1747228591217,6.4,0.0,11.4,0.0,0.0,0.1,82.1
1747228593228,7.1,0.0,12.0,0.0,0.0,0.1,80.7
1747228595239,5.4,0.0,10.0,0.0,0.0,0.1,84.5
1747228597250,5.5,0.0,9.9,0.0,0.0,0.1,84.4
1747228599260,5.9,0.0,10.1,0.0,0.0,0.0,83.9
1747228601271,5.3,0.0,10.3,0.0,0.0,0.1,84.3
1747228603281,5.7,0.0,10.3,0.0,0.0,0.1,83.9
1747228605292,5.2,0.0,10.1,0.0,0.0,0.1,84.6
1747228607302,5.8,0.0,10.3,0.0,0.0,0.0,83.9
1747228609312,5.3,0.0,9.9,0.0,0.0,0.1,84.6
1747228611320,5.5,0.0,9.4,0.0,0.0,0.0,85.0
1747228613329,5.9,0.0,9.9,0.0,0.0,0.0,84.2
1747228615338,5.3,0.0,10.6,0.0,0.0,0.1,84.0
1747228617349,6.8,0.0,10.4,0.0,0.0,0.2,82.6
1747228619359,5.5,0.0,11.0,0.0,0.0,0.1,83.4
1747228621369,5.5,0.0,9.8,0.0,0.0,0.0,84.6
1747228623379,5.5,0.0,10.2,0.0,0.0,0.0,84.2
1747228625389,5.5,0.0,9.3,0.0,0.0,0.2,85.0
1747228627399,4.9,0.0,9.7,0.0,0.0,0.1,85.3
1747228629411,5.1,0.0,9.8,0.0,0.0,0.0,85.1
1747228631420,5.7,0.0,10.1,0.0,0.0,0.1,84.0
1747228633429,5.6,0.0,9.8,0.0,0.0,0.2,84.4
1747228635439,5.1,0.0,9.7,0.0,0.0,0.1,85.1
1747228637450,5.1,0.0,9.6,0.0,0.0,0.1,85.3
1747228639459,5.2,0.0,10.7,0.0,0.0,0.0,84.1
1747228641468,5.9,0.0,9.7,0.0,0.0,0.0,84.3
1747228643478,6.2,0.0,9.6,0.0,0.0,0.0,84.2
1747228645491,5.7,0.0,9.8,0.0,0.0,0.1,84.4
1747228647506,5.0,0.0,10.4,0.0,0.0,0.0,84.6
1747228649516,4.2,0.0,10.3,0.0,0.0,0.1,85.4
1747228651529,5.2,0.0,9.6,0.0,0.0,0.0,85.1
1747228653541,5.5,0.0,8.9,0.0,0.0,0.1,85.5
1747228655551,5.5,0.0,9.7,0.0,0.0,0.1,84.7
1747228657562,5.6,0.0,8.7,0.0,0.0,0.1,85.6
1747228659572,5.2,0.0,9.3,0.0,0.0,0.1,85.3
1747228661583,5.2,0.0,9.4,0.0,0.0,0.1,85.2
1747228663594,5.4,0.0,9.9,0.0,0.0,0.1,84.6
1747228665605,5.2,0.0,9.1,0.0,0.0,0.2,85.5
1747228667616,5.4,0.0,9.8,0.0,0.0,0.1,84.7
1747228669627,5.4,0.0,9.6,0.0,0.0,0.1,85.0
1747228671637,6.0,0.0,12.2,0.0,0.0,0.3,81.4
1747228673648,6.3,0.0,11.3,0.0,0.0,0.2,82.2
1747228675658,5.5,0.0,9.2,0.0,0.0,0.1,85.2
1747228677669,6.0,0.0,9.2,0.0,0.0,0.0,84.8
1747228679679,5.6,0.0,10.1,0.0,0.0,0.1,84.2
1747228681689,5.5,0.0,9.8,0.0,0.0,0.2,84.6
1747228683700,5.5,0.0,9.5,0.0,0.0,0.0,85.0
1747228685711,5.4,0.0,9.9,0.0,0.0,0.2,84.5
1747228687720,5.3,0.0,10.4,0.0,0.0,0.1,84.1
1747228689732,5.1,0.0,9.9,0.0,0.0,0.2,84.8
1747228691742,5.4,0.0,9.7,0.0,0.0,0.1,84.8
1747228693751,5.0,0.0,10.7,0.0,0.0,0.0,84.2
1747228695762,6.4,0.0,9.6,0.0,0.0,0.1,83.9
1747228697773,6.6,0.0,10.1,0.0,0.0,0.1,83.2
1747228699782,6.3,0.0,9.8,0.0,0.0,0.1,83.7
1747228701793,5.5,0.0,9.5,0.0,0.0,0.2,84.9
1747228703802,5.1,0.0,10.3,0.0,0.0,0.1,84.5
1747228705813,6.1,0.0,9.3,0.0,0.0,0.2,84.3
1747228707824,5.9,0.0,9.3,0.0,0.0,0.1,84.7
1747228709835,5.7,0.0,9.3,0.0,0.0,0.1,84.9
1747228711846,5.6,0.0,9.6,0.0,0.0,0.1,84.7
1747228713857,6.0,0.0,9.8,0.0,0.0,0.1,84.1
1747228715868,5.0,0.0,10.7,0.0,0.0,0.1,84.2
1747228717878,5.3,0.0,10.5,0.0,0.0,0.1,84.1
1747228719888,6.0,0.0,9.9,0.0,0.0,0.1,84.1
1747228721899,5.3,0.0,9.9,0.0,0.0,0.0,84.8
1747228723909,5.1,0.0,10.3,0.0,0.0,0.1,84.5
1747228725928,5.5,0.0,10.4,0.0,0.0,0.3,83.8
1747228727950,5.3,0.0,10.9,0.0,0.0,0.2,83.6
1747228729965,5.2,0.0,10.0,0.0,0.0,0.3,84.6
1747228731974,5.5,0.0,9.7,0.0,0.0,0.1,84.6
1747228733985,5.6,0.0,9.6,0.0,0.0,0.2,84.6
1747228735996,5.5,0.0,10.8,0.0,0.0,0.4,83.3
1747228738008,5.3,0.0,10.4,0.0,0.0,0.0,84.3
1747228740018,5.9,0.0,9.9,0.0,0.0,0.2,84.0
1747228742029,5.2,0.0,10.9,0.0,0.0,0.1,83.8
1747228744041,5.5,0.0,11.7,0.0,0.0,0.1,82.7
1747228746051,5.8,0.0,9.8,0.0,0.0,0.1,84.3
1747228748062,5.6,0.0,10.5,0.0,0.0,0.1,83.8
1747228750072,5.5,0.0,11.1,0.0,0.0,0.1,83.2
1747228752083,6.3,0.0,10.9,0.0,0.0,0.1,82.7
1747228754094,6.3,0.0,10.6,0.0,0.0,0.1,83.0
1747228756105,6.4,0.0,10.8,0.0,0.0,0.0,82.7
1747228758116,5.3,0.0,10.8,0.0,0.0,0.1,83.8
1747228760127,5.9,0.0,10.0,0.0,0.0,0.2,84.0
1747228762138,5.7,0.0,9.7,0.0,0.0,0.1,84.5
1747228764149,5.5,0.0,10.0,0.0,0.0,0.1,84.4
1747228766161,5.6,0.0,9.6,0.0,0.0,0.1,84.7
1747228768172,5.6,0.0,9.9,0.0,0.0,0.1,84.4
1747228770183,5.6,0.0,9.7,0.0,0.0,0.1,84.6
1747228772194,5.7,0.0,9.5,0.0,0.0,0.0,84.8
1747228774205,5.2,0.0,10.1,0.0,0.0,0.1,84.5
1747228776216,5.9,0.0,9.9,0.0,0.0,0.1,84.0
1747228778226,5.9,0.0,10.2,0.0,0.0,0.1,83.8
1747228780238,6.1,0.0,9.9,0.0,0.0,0.2,83.9
1747228782249,6.0,0.0,10.0,0.0,0.0,0.0,83.9
1747228784260,5.6,0.0,10.2,0.0,0.0,0.2,84.1
1747228786271,5.6,0.0,9.5,0.0,0.0,0.1,84.7
1747228788283,5.5,0.0,10.1,0.0,0.0,0.1,84.2
1747228790294,5.2,0.0,10.7,0.0,0.0,0.2,83.9
1747228792306,5.4,0.0,11.0,0.0,0.0,0.2,83.4
1747228794317,6.3,0.0,10.0,0.0,0.0,0.2,83.5
1747228796329,5.6,0.0,10.2,0.0,0.0,0.2,84.0
1747228798339,5.3,0.0,10.4,0.0,0.0,0.1,84.2
1747228800351,5.6,0.0,10.5,0.0,0.0,0.2,83.8
1747228802363,5.4,0.0,10.3,0.0,0.0,0.1,84.1
1747228804379,5.6,0.0,9.1,0.0,0.0,0.1,85.1
1747228806390,5.8,0.0,10.1,0.0,0.0,0.0,84.0
1747228808409,6.6,0.0,11.9,0.0,0.0,0.0,81.5
1747228810419,6.7,0.0,9.5,0.0,0.0,0.3,83.5
1747228812430,8.0,0.0,13.1,0.0,0.0,0.1,78.8
1747228814442,8.0,0.0,12.1,0.0,0.0,0.1,79.8
1747228816453,8.4,0.0,11.7,0.0,0.0,0.1,79.7
1747228818465,0.0,0.0,0.0,0.0,0.0,0.0,0.0
1747228820475,7.6,0.0,11.8,0.0,0.0,0.1,80.6
1747228822486,7.6,0.0,11.5,0.0,0.0,0.1,80.8
1747228824498,8.1,0.0,11.6,0.0,0.0,0.2,80.2
1747228826510,7.7,0.0,11.8,0.0,0.0,0.1,80.3
1747228828522,7.1,0.0,11.9,0.0,0.0,0.1,80.9
1747228830533,7.5,0.0,11.3,0.0,0.0,0.2,81.0
1747228832544,6.8,0.0,12.2,0.0,0.0,0.2,80.8
1747228834555,7.9,0.0,12.2,0.0,0.0,0.1,79.8
1747228836567,5.5,0.0,9.2,0.0,0.0,0.2,85.1
1747228838577,5.8,0.0,9.4,0.0,0.0,0.2,84.6
1747228840588,5.2,0.0,9.9,0.0,0.0,0.1,84.8
1747228842599,6.2,0.0,9.2,0.0,0.0,0.1,84.5
1747228844610,6.1,0.0,10.4,0.0,0.0,0.0,83.4
1747228846620,5.5,0.0,10.3,0.0,0.0,0.1,84.2
1747228848631,5.9,0.0,10.3,0.0,0.0,0.1,83.8
1747228850641,5.8,0.0,10.7,0.0,0.0,0.3,83.1
1747228852650,0.2,0.0,0.2,0.0,0.0,0.0,99.6
1747228854662,6.0,0.0,11.1,0.0,0.0,0.2,82.7
1747228856673,5.9,0.0,10.2,0.0,0.0,0.1,83.8
1747228858682,6.4,0.0,10.7,0.0,0.0,0.0,82.9
1747228860692,0.0,0.0,0.0,0.0,0.0,0.0,0.0
1747228862704,7.4,0.0,12.2,0.0,0.0,0.1,80.4
1747228864722,7.4,0.0,12.6,0.0,0.0,0.3,79.7
1747228866735,7.4,0.0,12.1,0.0,0.0,0.1,80.4
1747228868749,7.1,0.0,12.6,0.0,0.0,0.1,80.2
1747228870762,7.0,0.0,10.8,0.0,0.0,0.2,82.0
1747228872774,7.6,0.0,11.2,0.0,0.0,0.1,81.2
1747228874788,7.4,0.0,11.8,0.0,0.0,0.1,80.7
1747228876801,8.0,0.0,12.3,0.0,0.0,0.1,79.6
1747228878815,6.7,0.0,10.7,0.0,0.0,0.2,82.4
1747228880827,7.3,0.0,11.7,0.0,0.0,0.2,80.8
1747228882839,7.8,0.0,11.0,0.0,0.0,0.1,81.1
1747228884851,8.1,0.0,12.0,0.0,0.0,0.2,79.7
1747228886862,6.3,0.0,9.3,0.0,0.0,0.3,84.1
1747228888873,6.0,0.0,9.4,0.0,0.0,0.2,84.5
1747228890884,5.9,0.0,9.4,0.0,0.0,0.2,84.4
1747228892895,5.6,0.0,10.6,0.0,0.0,0.2,83.6
1747228894906,0.1,0.0,0.2,0.0,0.0,0.0,99.7
1747228896916,5.7,0.0,10.9,0.0,0.0,0.2,83.3
1747228898927,5.8,0.0,11.1,0.0,0.0,0.0,83.1
1747228900938,6.2,0.0,11.0,0.0,0.0,0.0,82.8
1747228902948,0.0,0.0,0.0,0.0,0.0,0.0,0.0
1747228904959,7.4,0.0,14.1,0.0,0.0,0.1,78.3
1747228906970,7.9,0.0,12.6,0.0,0.0,0.1,79.4
1747228908982,7.9,0.0,12.7,0.0,0.0,0.1,79.3
1747228910994,0.0,0.0,0.0,0.0,0.0,0.0,0.0
1747228913005,7.1,0.0,12.5,0.0,0.0,0.1,80.4
1747228915017,8.1,0.0,12.1,0.0,0.0,0.2,79.7
1747228917028,7.3,0.0,12.8,0.0,0.0,0.1,79.8
1747228919039,7.5,0.0,12.7,0.0,0.0,0.2,79.6
1747228921051,5.6,0.0,9.3,0.0,0.0,0.1,85.0
1747228923062,5.9,0.0,9.4,0.0,0.0,0.0,84.7
1747228925072,5.5,0.0,9.8,0.0,0.0,0.1,84.6
1747228927082,6.0,0.0,9.8,0.0,0.0,0.2,84.0
1747228929091,5.6,0.0,10.2,0.0,0.0,0.2,84.0
1747228931100,6.1,0.0,10.2,0.0,0.0,0.2,83.5
1747228933110,5.8,0.0,10.1,0.0,0.0,0.1,84.0
1747228935118,5.9,0.0,11.2,0.0,0.0,0.2,82.7
1747228937128,5.6,0.0,11.1,0.0,0.0,0.1,83.2
1747228939136,5.5,0.0,9.6,0.0,0.0,0.1,84.9
1747228941149,5.3,0.0,10.0,1.8,0.0,0.1,82.8
1747228943157,6.4,0.0,9.9,0.0,0.0,0.0,83.8
1747228945167,5.7,0.0,10.2,0.0,0.0,0.2,83.9
1747228947179,5.4,0.0,10.4,3.6,0.0,0.1,80.5
1747228949188,5.6,0.0,10.0,0.0,0.0,0.1,84.3
1747228951198,5.9,0.0,11.1,0.0,0.0,0.1,82.9
1747228953207,5.9,0.0,10.2,0.0,0.0,0.1,83.8
1747228955217,5.4,0.0,11.3,0.0,0.0,0.2,83.2
1747228957227,5.9,0.0,10.8,0.0,0.0,0.2,83.2
1747228959238,6.9,0.0,10.8,0.0,0.0,0.2,82.1
1747228961249,6.0,0.0,9.9,0.0,0.0,0.1,84.0
1747228963260,5.7,0.0,10.1,0.0,0.0,0.2,84.0
1747228965272,5.8,0.0,10.2,0.0,0.0,0.3,83.7
1747228967283,5.6,0.0,11.1,0.0,0.0,0.2,83.2
1747228969294,5.8,0.0,10.2,0.0,0.0,0.2,83.7
1747228971306,5.6,0.0,10.0,0.0,0.0,0.2,84.2
1747228973316,5.7,0.0,9.9,0.0,0.0,0.0,84.3
1747228975328,5.8,0.0,10.5,0.0,0.0,0.4,83.2
1747228977339,5.4,0.0,10.1,0.0,0.0,0.2,84.4
1747228979349,5.5,0.0,10.2,0.0,0.0,0.1,84.2
1747228981359,5.9,0.0,10.1,0.0,0.0,0.2,83.8
1747228983369,6.2,0.0,11.2,0.0,0.0,0.2,82.4
1747228985379,6.3,0.0,9.8,0.0,0.0,0.3,83.6
1747228987389,5.9,0.0,10.2,0.0,0.0,0.2,83.7
1747228989400,5.4,0.0,9.9,0.0,0.0,0.1,84.6
1747228991410,6.0,0.0,10.6,0.0,0.0,0.2,83.2
1747228993420,5.7,0.0,10.2,0.0,0.0,0.2,83.9
1747228995432,5.3,0.0,11.2,0.0,0.0,0.3,83.2
1747228997443,5.3,0.0,10.9,0.0,0.0,0.2,83.5
1747228999454,5.8,0.0,10.2,0.0,0.0,0.1,83.8
1747229001464,6.0,0.0,10.3,0.0,0.0,0.1,83.6
1747229003474,5.1,0.0,10.5,0.0,0.0,0.1,84.3
1747229005485,5.5,0.0,10.1,0.0,0.0,0.2,84.2
1747229007496,6.2,0.0,10.5,0.0,0.0,0.1,83.3
1747229009507,6.8,0.0,10.7,0.0,0.0,0.1,82.4
1747229011517,6.7,0.0,11.2,0.0,0.0,0.0,82.0
1747229013532,5.9,0.0,9.8,0.0,0.0,0.2,84.1
1747229015543,5.1,0.0,10.9,0.0,0.0,0.2,83.7
1747229017557,6.1,0.0,9.4,0.0,0.0,0.2,84.3
1747229019569,5.7,0.0,9.3,0.0,0.0,0.1,84.9
1747229021580,5.1,0.0,9.6,0.0,0.0,0.2,85.1
1747229023595,5.6,0.0,10.5,0.0,0.0,0.2,83.7
1747229025605,5.6,0.0,10.2,0.0,0.0,0.2,83.9
1747229027614,5.8,0.0,9.5,0.0,0.0,0.2,84.4
1747229029626,5.3,0.0,9.9,0.0,0.0,0.1,84.6
1747229031638,5.9,0.0,10.2,0.0,0.0,0.0,83.8
1747229033649,6.2,0.0,10.0,0.0,0.0,0.1,83.6
1747229035660,5.9,0.0,9.5,0.0,0.0,0.1,84.4
1747229037672,6.0,0.0,10.0,0.0,0.0,0.1,83.9
1747229039683,7.0,0.0,10.6,0.0,0.0,0.1,82.4
1747229041694,6.9,0.0,10.4,0.0,0.0,0.1,82.6
1747229043705,5.9,0.0,10.6,0.0,0.0,0.2,83.3
1747229045716,5.7,0.0,10.2,0.0,0.0,0.1,84.0
1747229047727,5.7,0.0,10.7,0.0,0.0,0.2,83.4
1747229049737,6.8,0.0,10.5,0.0,0.0,0.3,82.5
1747229051748,5.2,0.0,11.0,0.0,0.0,0.2,83.5
1747229053759,5.7,0.0,10.3,0.0,0.0,0.2,83.7
1747229055769,5.3,0.0,10.7,0.0,0.0,0.2,83.8
1747229057780,6.5,0.0,9.9,0.0,0.0,0.1,83.4
1747229059791,5.7,0.0,10.1,0.0,0.0,0.2,84.1
1747229061801,5.6,0.0,10.6,0.0,0.0,0.2,83.6
1747229063812,5.6,0.0,10.8,0.0,0.0,0.1,83.5
1747229065822,7.0,0.0,10.6,0.0,0.0,0.1,82.3
1747229067832,6.3,0.0,11.8,0.0,0.0,0.0,81.9
1747229069843,5.4,0.0,10.1,0.0,0.0,0.2,84.3
1747229071856,5.6,0.0,9.9,0.0,0.0,0.1,84.3
1747229073867,6.5,0.0,10.0,0.0,0.0,0.2,83.3
1747229075879,5.6,0.0,10.4,0.0,0.0,0.2,83.8
1747229077890,5.4,0.0,11.9,0.0,0.0,0.2,82.5
1747229079901,5.5,0.0,10.7,0.0,0.0,0.0,83.8
1747229081913,6.6,0.0,9.7,0.0,0.0,0.2,83.5
1747229083923,5.6,0.0,10.3,0.0,0.0,0.1,84.1
1747229085934,5.6,0.0,10.3,0.0,0.0,0.2,84.0
1747229087944,5.8,0.0,10.9,0.0,0.0,0.2,83.1
1747229089960,6.7,0.0,11.2,0.0,0.0,0.1,82.0
1747229091992,5.9,0.0,9.8,0.0,0.0,0.0,84.3
1747229094002,6.1,0.0,9.9,0.0,0.0,0.1,83.9
1747229096015,5.7,0.0,9.9,0.0,0.0,0.2,84.2
1747229098029,6.6,0.0,10.2,0.0,0.0,0.1,83.1
1747229100040,5.6,0.0,9.5,0.2,0.0,0.2,84.5
1747229102051,5.6,0.0,10.4,0.0,0.0,0.0,84.0
1747229104063,5.7,0.0,10.5,0.0,0.0,0.1,83.7
1747229106075,6.5,0.0,11.4,0.0,0.0,0.1,82.0
1747229108086,6.0,0.0,10.8,0.0,0.0,0.0,83.2
1747229110098,5.9,0.0,10.6,0.0,0.0,0.1,83.4
1747229112110,5.5,0.0,10.6,0.0,0.0,0.1,83.8
1747229114120,7.9,0.0,11.1,0.0,0.0,0.2,80.8
1747229116132,6.6,0.0,10.1,0.0,0.0,0.2,83.1
1747229118143,6.4,0.0,11.1,0.0,0.0,0.1,82.4
1747229120154,6.0,0.0,10.3,0.0,0.0,0.1,83.5
1747229122165,6.9,0.0,10.3,0.0,0.0,0.2,82.6
1747229124175,6.2,0.0,9.9,0.0,0.0,0.1,83.9
1747229126184,6.0,0.0,10.2,0.0,0.0,0.4,83.3
1747229128192,5.3,0.0,10.6,0.0,0.0,0.1,84.0
1747229130202,7.0,0.0,10.1,0.0,0.0,0.1,82.7
1747229132213,5.6,0.0,10.1,0.0,0.0,0.1,84.2
1747229134224,5.5,0.0,11.2,0.0,0.0,0.0,83.2
1747229136236,5.8,0.0,11.2,0.0,0.0,0.2,82.8
1747229138246,7.0,0.0,11.3,0.0,0.0,0.1,81.5
1747229140257,6.7,0.0,12.2,0.0,0.0,0.0,81.1
1747229142269,6.4,0.0,10.8,0.0,0.0,0.1,82.8
1747229144280,6.2,0.0,10.1,0.0,0.0,0.2,83.6
1747229146290,6.4,0.0,10.6,0.0,0.0,0.1,82.9
1747229148302,5.5,0.0,11.0,0.0,0.0,0.1,83.4
1747229150313,5.9,0.0,9.8,0.0,0.0,0.2,84.0
1747229152323,5.5,0.0,10.4,0.0,0.0,0.1,84.0
1747229154333,0.0,0.0,0.0,0.0,0.0,0.0,0.0
1747229156344,7.3,0.0,11.9,0.0,0.0,0.2,80.6
1747229158370,7.9,0.0,13.1,0.0,0.0,0.0,78.9
1747229160384,8.2,0.0,12.5,0.0,0.0,0.2,79.1
1747229162404,8.5,0.0,13.2,0.0,0.0,0.0,78.2
1747229164418,7.8,0.0,11.6,0.0,0.0,0.2,80.4
1747229166430,7.8,0.0,12.2,0.0,0.0,0.1,79.8
1747229168443,8.4,0.0,11.9,0.0,0.0,0.0,79.6
1747229170455,8.8,0.0,12.9,0.0,0.0,0.0,78.2
1747229172466,8.8,0.0,11.2,0.0,0.0,0.1,79.9
1747229174477,7.5,0.0,12.2,0.0,0.0,0.2,80.1
1747229176488,7.4,0.0,12.2,0.0,0.0,0.1,80.3
1747229178499,8.0,0.0,11.6,0.0,0.0,0.1,80.4
1747229180510,0.0,0.0,0.0,0.0,0.0,0.0,100.0
1747229182521,6.0,0.0,9.2,0.0,0.0,0.1,84.6
1747229184531,5.9,0.0,9.6,0.0,0.0,0.1,84.4
1747229186541,5.9,0.0,9.6,0.0,0.0,0.1,84.4
1747229188551,0.2,0.0,0.3,0.0,0.0,0.0,99.5
1747229190560,5.8,0.0,9.7,0.0,0.0,0.2,84.3
1747229192569,5.4,0.0,10.7,0.0,0.0,0.1,83.8
1747229194580,6.0,0.0,10.4,0.0,0.0,0.2,83.3
1747229196591,6.2,0.0,10.1,0.0,0.0,0.2,83.5
1747229198602,6.0,0.0,10.5,0.0,0.0,0.1,83.3
1747229200612,6.5,0.0,10.4,0.0,0.0,0.2,82.9
1747229202622,5.8,0.0,11.4,0.0,0.0,0.1,82.7
1747229204632,5.9,0.0,11.3,0.0,0.0,0.2,82.5
1747229206643,5.9,0.0,12.4,0.0,0.0,0.1,81.6
1747229208653,5.9,0.0,11.7,0.0,0.0,0.1,82.3
1747229210665,6.1,0.0,11.0,0.0,0.0,0.2,82.7
1747229212677,6.1,0.0,11.0,0.0,0.0,0.1,82.8
1747229214689,6.3,0.0,10.9,0.0,0.0,0.2,82.6
1747229216700,6.5,0.0,11.1,0.0,0.0,0.1,82.3
1747229218710,7.0,0.0,10.8,0.0,0.0,0.1,82.1
1747229220719,6.5,0.0,11.0,0.0,0.0,0.2,82.3
1747229222730,6.3,0.0,11.1,0.0,0.0,0.1,82.4
1747229224740,6.4,0.0,11.6,0.0,0.0,0.1,81.9
1747229226750,6.6,0.0,11.1,0.0,0.0,0.1,82.2
1747229228760,6.9,0.0,10.9,0.0,0.0,0.3,81.9
1747229230769,6.1,0.0,11.9,0.0,0.0,0.1,81.9
1747229232776,6.1,0.0,11.8,0.0,0.0,0.1,82.0
1747229234788,6.9,0.0,10.0,0.0,0.0,0.1,83.0
1747229236805,6.3,0.0,11.2,0.0,0.0,0.2,82.4
1747229238815,5.8,0.0,11.2,0.0,0.0,0.2,82.8
1747229240824,5.7,0.0,11.2,0.0,0.0,0.2,82.9
1747229242836,6.6,0.0,12.0,0.0,0.0,0.0,81.4
1747229244847,6.5,0.0,12.0,0.0,0.0,0.1,81.4
1747229246858,7.5,0.0,12.1,0.0,0.0,0.1,80.2
1747229248869,6.8,0.0,11.2,0.0,0.0,0.1,81.9
1747229250880,6.8,0.0,11.4,0.0,0.0,0.3,81.6
1747229252891,6.4,0.0,11.3,0.0,0.0,0.1,82.2
1747229254901,6.2,0.0,11.6,0.0,0.0,0.1,82.1
1747229256911,6.2,0.0,11.9,0.0,0.0,0.1,81.8
1747229258922,6.1,0.0,11.5,0.0,0.0,0.1,82.3
1747229260931,6.3,0.0,11.8,0.0,0.0,0.3,81.6
1747229262943,6.1,0.0,11.6,0.0,0.0,0.1,82.2
1747229264955,5.9,0.0,12.1,0.0,0.0,0.2,81.8
1747229266966,7.0,0.0,11.7,0.0,0.0,0.1,81.2
1747229268975,7.7,0.0,12.7,0.0,0.0,0.1,79.5
1747229270986,9.8,0.0,13.8,0.0,0.0,0.2,76.1
1747229272997,9.2,0.0,14.2,0.0,0.0,0.1,76.5
1747229275008,9.1,0.0,14.4,0.0,0.0,0.2,76.3
1747229277018,10.1,0.0,14.9,0.0,0.0,0.2,74.8
1747229279029,0.0,0.0,0.0,0.0,0.0,0.0,0.0
1747229281040,8.7,0.0,14.0,0.0,0.0,0.2,77.1
1747229283051,8.7,0.0,13.8,0.0,0.0,0.1,77.4
1747229285062,8.8,0.0,14.2,0.0,0.0,0.2,76.8
1747229287074,0.0,0.0,0.0,0.0,0.0,0.0,0.0
1747229289087,8.3,0.0,11.8,0.0,0.0,0.1,79.8
1747229291102,8.2,0.0,12.0,0.0,0.0,0.2,79.6
1747229293116,8.3,0.0,12.1,0.0,0.0,0.0,79.7
1747229295130,0.1,0.0,0.1,0.0,0.0,0.0,99.8
1747229297141,6.0,0.0,9.5,0.0,0.0,0.1,84.4
1747229299153,5.8,0.0,9.8,0.0,0.0,0.1,84.3
1747229301162,5.6,0.0,10.0,0.0,0.0,0.2,84.1
1747229303170,6.3,0.0,9.2,0.0,0.0,0.1,84.4
1747229305179,5.5,0.0,11.2,0.0,0.0,0.3,83.0
1747229307190,6.8,0.0,10.5,0.0,0.0,0.1,82.6
1747229309200,6.6,0.0,11.0,0.0,0.0,0.0,82.3
1747229311211,5.6,0.0,10.9,0.0,0.0,0.3,83.2
1747229313223,5.7,0.0,11.6,0.0,0.0,0.2,82.6
1747229315233,6.0,0.0,11.3,0.0,0.0,0.3,82.3
1747229317245,6.6,0.0,11.1,0.0,0.0,0.0,82.3
1747229319256,6.1,0.0,11.6,0.0,0.0,0.1,82.3
1747229321267,5.8,0.0,11.3,0.0,0.0,0.3,82.6
1747229323279,6.0,0.0,10.8,0.0,0.0,0.0,83.2
1747229325288,6.2,0.0,10.3,0.0,0.0,0.3,83.2
1747229327299,6.4,0.0,11.9,0.0,0.0,0.1,81.6
1747229329311,6.3,0.0,10.6,0.0,0.0,0.1,83.0
1747229331322,5.8,0.0,11.2,0.0,0.0,0.3,82.7
1747229333333,6.2,0.0,10.5,0.0,0.0,0.1,83.1
1747229335344,6.3,0.0,11.1,0.0,0.0,0.1,82.5
1747229337355,6.5,0.0,10.7,0.0,0.0,0.1,82.7
1747229339366,6.2,0.0,11.5,0.0,0.0,0.1,82.2
1747229341377,5.8,0.0,11.6,0.0,0.0,0.1,82.5
1747229343388,6.3,0.0,11.2,0.0,0.0,0.1,82.4
1747229345396,6.8,0.0,10.6,0.0,0.0,0.0,82.6
1747229347405,6.2,0.0,10.8,0.0,0.0,0.1,82.9
1747229349417,6.4,0.0,10.8,0.0,0.0,0.2,82.6
1747229351428,6.6,0.0,11.3,0.0,0.0,0.4,81.8
1747229353440,10.3,0.0,13.4,0.0,0.0,0.1,76.2
1747229355451,8.0,0.0,13.1,0.0,0.0,0.2,78.7
1747229357465,8.3,0.0,12.8,0.0,0.0,0.2,78.7
1747229359480,8.8,0.0,12.6,0.0,0.0,0.1,78.5
1747229361495,0.0,0.0,0.0,0.0,0.0,0.0,0.0
1747229363509,8.2,0.0,12.4,0.0,0.0,0.2,79.2
1747229365521,8.0,0.0,12.8,0.0,0.0,0.1,79.2
1747229367535,8.7,0.0,12.0,0.0,0.0,0.2,79.1
1747229369551,8.2,0.0,13.4,0.0,0.0,0.0,78.4
1747229371565,6.6,0.0,9.2,0.0,0.0,0.2,84.0
1747229373573,6.5,0.0,9.9,0.0,0.0,0.2,83.4
1747229375581,6.2,0.0,9.4,0.0,0.0,0.1,84.3
1747229377590,7.0,0.0,10.2,0.0,0.0,0.1,82.8
1747229379601,6.9,0.0,9.9,0.0,0.0,0.2,83.0
1747229381609,6.7,0.0,10.5,0.0,0.0,0.1,82.7
1747229383619,6.9,0.0,10.4,0.0,0.0,0.2,82.5
1747229385630,6.8,0.0,11.6,0.0,0.0,0.1,81.5
1747229387640,7.2,0.0,10.7,0.0,0.0,0.0,82.1
1747229389650,6.5,0.0,11.6,0.0,0.0,0.1,81.8
1747229391661,7.0,0.0,11.0,0.0,0.0,0.2,81.9
1747229393672,7.0,0.0,11.5,0.0,0.0,0.1,81.4
1747229395682,6.0,0.0,11.3,0.0,0.0,0.1,82.5
1747229397693,7.0,0.0,10.8,0.0,0.0,0.2,82.0
1747229399705,6.5,0.0,11.6,0.0,0.0,0.1,81.9
1747229401717,7.1,0.0,11.7,0.0,0.0,0.2,81.0
1747229403728,6.4,0.0,11.7,0.0,0.0,0.2,81.7
1747229405740,6.7,0.0,12.1,0.0,0.0,0.1,81.1
1747229407752,6.7,0.0,11.7,0.0,0.0,0.2,81.4
1747229409763,6.3,0.0,12.7,0.0,0.0,0.1,81.0
1747229411774,6.8,0.0,11.2,0.0,0.0,0.2,81.7
1747229413783,6.4,0.0,12.4,0.0,0.0,0.2,81.0
1747229415794,6.5,0.0,12.1,0.0,0.0,0.1,81.4
1747229417803,6.4,0.0,12.0,0.0,0.0,0.2,81.5
1747229419812,6.2,0.0,12.1,0.0,0.0,0.2,81.5
1747229421824,6.7,0.0,13.1,0.0,0.0,0.2,80.0
1747229423835,5.9,0.0,12.7,0.0,0.0,0.2,81.2
1747229425847,6.3,0.0,12.9,0.0,0.0,0.3,80.5
1747229427858,6.8,0.0,12.3,0.0,0.0,0.4,80.4
1747229429868,6.5,0.0,11.5,0.0,0.0,0.1,81.9
1747229431877,5.2,0.0,11.9,0.0,0.0,0.1,82.8
1747229433886,6.9,0.0,11.1,0.0,0.0,0.1,81.9
1747229435893,7.4,0.0,10.3,0.0,0.0,0.2,82.1
1747229437900,6.0,0.0,10.8,0.0,0.0,0.0,83.2
1747229439910,6.4,0.0,11.4,0.0,0.0,0.0,82.2
1747229441919,6.2,0.0,11.1,0.0,0.0,0.2,82.6
1747229443928,6.7,0.0,10.7,0.0,0.0,0.3,82.4
1747229445948,8.1,0.0,14.2,0.0,0.0,0.1,77.7
1747229447964,8.6,0.0,13.0,0.0,0.0,0.0,78.4
1747229449977,9.4,0.0,13.1,0.0,0.0,0.1,77.4
1747229451989,0.0,0.0,0.0,0.0,0.0,0.0,0.0
1747229454001,8.8,0.0,13.3,0.0,0.0,0.2,77.7
1747229456013,8.9,0.0,13.4,0.0,0.0,0.2,77.5
1747229458025,8.9,0.0,13.3,0.0,0.0,0.1,77.6
1747229460037,9.0,0.0,13.9,0.0,0.0,0.2,76.9
1747229462049,8.0,0.0,11.1,0.0,0.0,0.1,80.9
1747229464058,8.2,0.0,13.0,0.0,0.0,0.2,78.6
1747229466070,8.6,0.0,12.2,0.0,0.0,0.2,78.9
1747229468082,8.4,0.0,13.7,0.0,0.0,0.1,77.7
1747229470092,6.8,0.0,9.8,0.0,0.0,0.1,83.3
1747229472103,6.0,0.0,9.7,0.0,0.0,0.1,84.2
1747229474115,6.1,0.0,9.7,0.0,0.0,0.1,83.9
1747229476125,5.9,0.0,10.6,0.0,0.0,0.1,83.4
1747229478137,7.3,0.0,10.1,0.0,0.0,0.1,82.5
1747229480146,6.3,0.0,10.6,0.0,0.0,0.0,83.1
1747229482157,6.0,0.0,10.8,0.0,0.0,0.1,83.2
1747229484169,6.9,0.0,11.0,0.0,0.0,0.2,81.9
1747229486181,0.2,0.0,0.2,0.0,0.0,0.0,99.5
1747229488192,7.1,0.0,11.3,0.0,0.0,0.0,81.6
1747229490202,7.3,0.0,12.2,0.0,0.0,0.1,80.4
1747229492212,6.7,0.0,11.9,0.0,0.0,0.0,81.3
1747229494222,0.2,0.0,0.2,0.0,0.0,0.0,99.6
1747229496232,7.0,0.0,11.2,0.0,0.0,0.1,81.8
1747229498239,6.3,0.0,12.4,0.0,0.0,0.1,81.2
1747229500249,6.3,0.0,11.9,0.0,0.0,0.0,81.8
1747229502257,7.4,0.0,11.8,0.0,0.0,0.1,80.7
1747229504265,6.6,0.0,11.6,0.0,0.0,0.1,81.8
1747229506275,6.8,0.0,11.1,0.0,0.0,0.1,82.0
1747229508288,6.2,0.0,11.9,0.0,0.0,0.1,81.8
1747229510296,7.2,0.0,11.8,0.0,0.0,0.0,80.9
1747229512308,6.3,0.0,11.5,0.0,0.0,0.0,82.2
1747229514318,7.1,0.0,12.4,0.0,0.0,0.1,80.4
1747229516329,7.8,0.0,12.6,0.0,0.0,0.1,79.6
1747229518340,8.1,0.0,11.9,0.0,0.0,0.0,80.0
1747229520351,6.5,0.0,11.9,0.0,0.0,0.1,81.5
1747229522361,6.3,0.0,11.7,0.0,0.0,0.1,81.9
1747229524372,6.9,0.0,11.7,0.0,0.0,0.1,81.4
1747229526384,7.5,0.0,11.8,0.0,0.0,0.2,80.5
1747229528397,7.0,0.0,12.1,0.0,0.0,0.0,80.9
1747229530410,6.1,0.0,13.7,0.0,0.0,0.1,80.0
1747229532421,7.1,0.0,12.5,0.0,0.0,0.0,80.4
1747229534432,7.4,0.0,12.0,0.0,0.0,0.1,80.5
1747229536445,6.7,0.0,12.2,0.0,0.0,0.2,80.9
1747229538456,7.0,0.0,12.4,0.0,0.0,0.1,80.6
1747229540466,6.5,0.0,12.8,0.0,0.0,0.0,80.6
1747229542476,7.9,0.0,11.2,0.0,0.0,0.0,80.9
1747229544487,6.3,0.0,12.1,0.0,0.0,0.2,81.4
1747229546498,6.6,0.0,11.1,0.0,0.0,0.2,82.1
1747229548509,6.8,0.0,11.6,0.0,0.0,0.1,81.6
1747229550520,7.2,0.0,11.0,0.0,0.0,0.0,81.8
1747229552530,6.0,0.0,11.0,0.0,0.0,0.1,83.0
1747229554541,6.3,0.0,12.0,0.0,0.0,0.0,81.7
1747229556552,6.1,0.0,11.9,0.0,0.0,0.1,81.8
1747229558561,6.7,0.0,11.8,0.0,0.0,0.1,81.4
1747229560571,6.4,0.0,11.8,0.0,0.0,0.0,81.7
1747229562580,7.1,0.0,11.9,0.0,0.0,0.1,80.8
1747229564590,7.3,0.0,11.6,0.0,0.0,0.0,81.1
1747229566599,8.6,0.0,13.1,0.0,0.0,0.1,78.2
1747229568607,6.5,0.0,11.2,0.0,0.0,0.1,82.2
1747229570618,6.4,0.0,11.4,0.0,0.0,0.1,82.1
1747229572628,6.9,0.0,10.8,0.0,0.0,0.1,82.2
1747229574639,7.3,0.0,11.3,0.0,0.0,0.1,81.2
1747229576650,6.0,0.0,11.4,0.0,0.0,0.1,82.5
1747229578668,6.2,0.0,10.4,0.0,0.0,0.1,83.3
1747229580687,6.5,0.0,11.3,0.0,0.0,0.1,82.2
1747229582703,7.3,0.0,11.8,0.0,0.0,0.0,80.8
1747229584716,6.6,0.0,11.9,0.0,0.0,0.0,81.5
1747229586726,7.3,0.0,12.2,0.0,0.0,0.2,80.3
1747229588735,7.6,0.0,12.2,0.0,0.0,0.2,80.0
1747229590744,8.2,0.0,12.5,0.0,0.0,0.0,79.3
1747229592756,7.5,0.0,11.3,0.0,0.0,0.0,81.1
1747229594766,7.0,0.0,11.6,0.0,0.0,0.1,81.3
1747229596777,7.1,0.0,12.0,0.0,0.0,0.0,80.8
1747229598788,0.0,0.0,0.0,0.0,0.0,0.0,0.0
1747229600798,10.5,0.0,15.7,0.0,0.0,0.0,73.7
1747229602809,9.9,0.0,15.6,0.0,0.0,0.1,74.4
1747229604820,10.1,0.0,15.0,0.0,0.0,0.1,74.8
1747229606831,0.0,0.0,0.0,0.0,0.0,0.0,0.0
1747229608841,9.3,0.0,15.1,0.0,0.0,0.1,75.4
1747229610853,8.9,0.0,15.1,0.0,0.0,0.2,75.9
1747229612865,10.0,0.0,14.9,0.0,0.0,0.1,75.0
1747229614878,9.5,0.0,14.7,0.0,0.0,0.0,75.8
1747229616890,9.3,0.0,13.8,0.0,0.0,0.1,76.8
1747229618900,9.3,0.0,14.2,0.0,0.0,0.0,76.5
1747229620911,9.2,0.0,14.0,0.0,0.0,0.1,76.7
1747229622924,10.0,0.0,14.0,0.0,0.0,0.1,75.9
1747229624935,6.7,0.0,10.2,0.0,0.0,0.1,83.0
1747229626944,6.4,0.0,10.7,0.0,0.0,0.1,82.8
1747229628955,6.0,0.0,11.0,0.0,0.0,0.1,82.9
1747229630963,6.7,0.0,11.1,0.0,0.0,0.2,82.1
1747229632973,6.5,0.0,11.3,0.0,0.0,0.1,82.1
1747229634982,6.2,0.0,11.5,0.0,0.0,0.1,82.2
1747229636995,6.3,0.0,11.8,0.0,0.0,0.0,81.8
1747229639005,6.5,0.0,12.6,0.0,0.0,0.1,80.7
1747229641017,6.5,0.0,12.1,0.0,0.0,0.0,81.3
1747229643029,7.6,0.0,12.1,0.0,0.0,0.1,80.2
1747229645038,6.5,0.0,13.1,0.0,0.0,0.1,80.3
1747229647052,7.0,0.0,11.4,0.0,0.0,0.1,81.5
1747229649067,7.0,0.0,11.7,0.0,0.0,0.2,81.1
1747229651075,6.8,0.0,11.5,0.0,0.0,0.2,81.5
1747229653087,7.2,0.0,11.6,0.0,0.0,0.2,80.9
1747229655097,6.7,0.0,12.7,0.0,0.0,0.1,80.5
1747229657110,7.4,0.0,12.0,0.0,0.0,0.1,80.5
1747229659121,6.8,0.0,11.8,0.0,0.0,0.0,81.4
1747229661133,6.2,0.0,12.2,0.0,0.0,0.2,81.4
1747229663145,7.0,0.0,12.3,0.0,0.0,0.1,80.5
1747229665157,7.5,0.0,11.8,0.0,0.0,0.1,80.7
1747229667168,7.2,0.0,13.0,0.0,0.0,0.1,79.7
1747229669180,7.4,0.0,12.0,0.0,0.0,0.2,80.3
1747229671191,7.4,0.0,13.3,0.0,0.0,0.1,79.2
1747229673201,7.6,0.0,11.3,0.0,0.0,0.1,80.9
1747229675211,7.0,0.0,12.5,0.0,0.0,0.1,80.4
1747229677222,7.4,0.0,12.1,0.0,0.0,0.1,80.4
1747229679233,7.2,0.0,13.1,0.0,0.0,0.1,79.6
1747229681243,7.2,0.0,13.0,0.0,0.0,0.1,79.6
1747229683254,6.6,0.0,12.6,0.0,0.0,0.0,80.8
1747229685264,7.0,0.0,11.6,0.0,0.0,0.1,81.3
1747229687274,6.8,0.0,12.5,0.0,0.0,0.0,80.6
1747229689285,7.9,0.0,12.3,0.0,0.0,0.1,79.7
1747229691295,7.7,0.0,12.3,0.0,0.0,0.0,79.9
1747229693305,7.7,0.0,12.5,0.0,0.0,0.1,79.7
1747229695316,7.3,0.0,12.9,0.0,0.0,0.0,79.7
1747229697327,7.7,0.0,12.0,0.0,0.0,0.1,80.2
1747229699338,7.1,0.0,12.6,0.0,0.0,0.1,80.1
1747229701348,6.7,0.0,13.3,0.0,0.0,0.2,79.8
1747229703358,7.5,0.0,13.0,0.0,0.0,0.0,79.5
1747229705369,8.1,0.0,12.0,0.0,0.0,0.1,79.8
1747229707379,7.3,0.0,12.3,0.0,0.0,0.0,80.4
1747229709388,7.2,0.0,13.1,0.0,0.0,0.1,79.6
1747229711397,7.2,0.0,13.3,0.0,0.0,0.0,79.4
1747229713404,7.2,0.0,12.3,0.0,0.0,0.1,80.5
1747229715423,6.5,0.0,12.8,0.0,0.0,0.1,80.6
1747229717438,6.5,0.0,12.4,0.0,0.0,0.0,81.0
1747229719465,8.0,0.0,12.9,0.0,0.0,0.0,79.1
1747229721478,7.2,0.0,11.4,0.0,0.0,0.3,81.0
1747229723500,6.7,0.0,12.8,0.0,0.0,0.0,80.5
1747229725513,6.8,0.0,13.1,0.0,0.0,0.1,80.0
1747229727524,6.6,0.0,12.5,0.0,0.0,0.1,80.9
1747229729535,8.0,0.0,12.0,0.0,0.0,0.1,79.9
1747229731547,6.8,0.0,11.7,0.0,0.0,0.2,81.3
1747229733557,7.0,0.0,11.6,0.0,0.0,0.1,81.2
1747229735568,6.7,0.0,12.6,0.0,0.0,0.1,80.5
1747229737579,7.9,0.0,12.5,0.0,0.0,0.0,79.6
1747229739589,6.8,0.0,11.9,0.0,0.0,0.0,81.2
1747229741604,7.1,0.0,11.7,0.0,0.0,0.1,81.1
1747229743617,7.1,0.0,13.1,0.0,0.0,0.0,79.7
1747229745628,8.0,0.0,12.3,0.0,0.0,0.1,79.6
1747229747640,7.0,0.0,12.0,0.0,0.0,0.0,81.0
1747229749651,7.2,0.0,11.4,0.0,0.0,0.0,81.3
1747229751662,6.8,0.0,11.9,0.0,0.0,0.2,81.0
1747229753673,8.4,0.0,12.1,0.0,0.0,0.0,79.5
1747229755684,6.3,0.0,13.2,0.0,0.0,0.0,80.3
1747229757695,6.2,0.0,12.7,0.0,0.0,0.1,81.0
1747229759707,6.5,0.0,12.8,0.0,0.0,0.1,80.5
1747229761717,7.7,0.0,12.3,0.0,0.0,0.1,79.9
1747229763728,6.8,0.0,12.7,0.0,0.0,0.1,80.4
1747229765739,7.5,0.0,13.1,0.0,0.0,0.1,79.3
1747229767750,7.7,0.0,13.5,0.0,0.0,0.1,78.7
1747229769760,8.3,0.0,12.0,0.0,0.0,0.2,79.5
1747229771772,7.1,0.0,11.8,0.0,0.0,0.2,80.9
1747229773782,6.5,0.0,12.2,0.0,0.0,0.0,81.3
1747229775793,6.3,0.0,13.0,0.0,0.0,0.2,80.5
1747229777804,0.0,0.0,0.0,0.0,0.0,0.0,0.0
1747229779833,8.2,0.0,13.7,0.0,0.0,0.1,78.0
1747229781853,10.0,0.0,15.5,0.0,0.0,0.3,74.2
1747229783867,10.2,0.0,15.8,0.0,0.0,0.0,74.0
1747229785881,11.0,0.0,16.7,0.0,0.0,0.2,72.1
1747229787894,9.8,0.0,13.9,0.0,0.0,0.2,76.1
1747229789912,9.6,0.0,15.0,0.0,0.0,0.0,75.4
1747229791924,9.4,0.0,15.4,0.0,0.0,0.0,75.2
1747229793934,9.8,0.0,16.2,0.0,0.0,0.0,74.0
1747229795947,9.9,0.0,14.2,0.0,0.0,0.2,75.7
1747229797957,10.0,0.0,13.9,0.0,0.0,0.1,76.0
1747229799968,9.2,0.0,15.3,0.0,0.0,0.1,75.4
1747229801979,9.8,0.0,15.4,0.0,0.0,0.2,74.5
1747229803991,0.2,0.0,0.3,0.0,0.0,0.0,99.5
1747229806003,6.8,0.0,11.5,0.0,0.0,0.1,81.6
1747229808015,7.0,0.0,11.8,0.0,0.0,0.0,81.1
1747229810026,7.2,0.0,11.7,0.0,0.0,0.0,81.0
1747229812038,0.2,0.0,0.2,0.0,0.0,0.0,99.6
1747229814048,7.0,0.0,11.9,0.0,0.0,0.1,80.9
1747229816059,7.4,0.0,12.0,0.0,0.0,0.2,80.4
1747229818070,6.9,0.0,12.2,0.0,0.0,0.0,80.9
1747229820081,8.2,0.0,12.4,0.0,0.0,0.1,79.3
1747229822092,7.3,0.0,11.3,0.0,0.0,0.1,81.3
1747229824103,6.8,0.0,12.5,0.0,0.0,0.0,80.6
1747229826113,7.0,0.0,12.3,0.0,0.0,0.2,80.4
1747229828123,8.4,0.0,11.4,0.0,0.0,0.1,80.2
1747229830133,7.0,0.0,12.8,0.0,0.0,0.1,80.1
1747229832144,6.7,0.0,12.3,0.0,0.0,0.1,80.9
1747229834155,6.8,0.0,13.2,0.0,0.0,0.1,79.9
1747229836166,7.3,0.0,12.3,0.0,0.0,0.1,80.2
1747229838176,6.3,0.0,13.6,0.0,0.0,0.1,80.0
1747229840185,6.3,0.0,13.0,0.0,0.0,0.1,80.6
1747229842195,6.0,0.0,11.3,0.0,0.0,0.0,82.5
1747229844209,0.0,0.0,0.0,0.0,0.0,0.0,0.0
1747229846227,9.6,0.0,14.2,0.0,0.0,0.0,76.2
1747229848240,10.1,0.0,14.5,0.0,0.0,0.1,75.3
1747229850252,10.0,0.0,14.3,0.0,0.0,0.0,75.6
1747229852263,10.8,0.0,14.9,0.0,0.0,0.1,74.2
1747229854274,9.7,0.0,14.3,0.0,0.0,0.1,76.0
1747229856286,9.7,0.0,14.2,0.0,0.0,0.1,76.0
1747229858300,9.7,0.0,14.3,0.0,0.0,0.1,75.9
1747229860312,9.6,0.0,15.2,0.0,0.0,0.2,75.1
1747229862325,0.0,0.0,0.0,0.0,0.0,0.0,0.0
1747229864336,9.2,0.0,13.7,0.0,0.0,0.1,77.0
1747229866348,9.5,0.0,13.7,0.0,0.0,0.1,76.7
1747229868360,9.1,0.0,14.2,0.0,0.0,0.1,76.6
1747229870371,0.0,0.0,0.0,0.0,0.0,0.0,99.9
1747229872382,7.1,0.0,11.5,0.0,0.0,0.1,81.3
1747229874393,6.5,0.0,12.3,0.0,0.0,0.1,81.1
1747229876404,6.5,0.0,12.4,0.0,0.0,0.0,81.0
1747229878415,0.2,0.0,0.3,0.0,0.0,0.0,99.6
1747229880426,6.8,0.0,12.5,0.0,0.0,0.1,80.6
1747229882436,6.6,0.0,11.9,0.0,0.0,0.1,81.4
1747229884447,6.8,0.0,12.8,0.0,0.0,0.1,80.3
1747229886458,6.9,0.0,11.5,0.0,0.0,0.1,81.5
1747229888468,6.7,0.0,12.7,0.0,0.0,0.1,80.5
1747229890479,7.0,0.0,12.0,0.0,0.0,0.0,81.0
1747229892490,7.4,0.0,12.0,0.0,0.0,0.0,80.6
1747229894500,7.0,0.0,13.7,0.0,0.0,0.0,79.2
1747229896511,7.6,0.0,12.8,0.0,0.0,0.1,79.5
1747229898521,7.2,0.0,13.7,0.0,0.0,0.2,78.8
1747229900532,7.1,0.0,12.9,0.0,0.0,0.0,79.9
1747229902545,7.2,0.0,13.4,0.0,0.0,0.1,79.3
1747229904559,7.1,0.0,13.7,0.0,0.0,0.1,79.2
1747229906579,7.1,0.0,12.8,0.1,0.0,0.1,79.8
1747229908591,7.5,0.0,13.9,0.0,0.0,0.0,78.6
1747229910602,7.5,0.0,13.1,0.0,0.0,0.1,79.3
1747229912612,11.3,0.0,15.2,0.0,0.0,0.1,73.4
1747229914625,11.6,0.0,16.4,0.0,0.0,0.1,71.9
1747229916636,10.8,0.0,16.9,0.0,0.0,0.1,72.3
1747229918647,11.4,0.0,17.8,0.0,0.0,0.2,70.7
1747229920662,0.0,0.0,0.0,0.0,0.0,0.0,0.0
1747229922682,10.4,0.0,14.7,0.0,0.0,0.1,74.8
1747229924696,9.8,0.0,15.6,0.0,0.0,0.2,74.3
1747229926707,10.3,0.0,15.8,0.0,0.0,0.2,73.6
1747229928720,0.0,0.0,0.0,0.0,0.0,0.0,0.0
1747229930731,9.8,0.0,15.4,0.0,0.0,0.1,74.8
1747229932744,9.4,0.0,15.2,0.0,0.0,0.1,75.2
1747229934757,10.2,0.0,15.5,0.0,0.0,0.1,74.2
1747229936768,0.1,0.0,0.1,0.0,0.0,0.0,99.7
1747229938779,7.1,0.0,12.3,0.0,0.0,0.1,80.4
1747229940789,7.2,0.0,13.0,0.0,0.0,0.1,79.7
1747229942799,7.3,0.0,12.1,0.0,0.0,0.0,80.6
1747229944808,0.1,0.0,0.2,0.0,0.0,0.0,99.7
1747229946818,7.4,0.0,13.2,0.0,0.0,0.2,79.3
1747229948828,7.6,0.0,13.4,0.0,0.0,0.0,78.9
1747229950838,6.8,0.0,13.8,0.0,0.0,0.0,79.4
1747229952848,7.1,0.0,12.6,0.0,0.0,0.1,80.2
1747229954858,6.4,0.0,12.9,0.0,0.0,0.1,80.6
1747229956868,7.2,0.0,12.6,0.0,0.0,0.1,80.1
1747229958876,7.7,0.0,12.9,0.0,0.0,0.1,79.3
1747229960892,7.6,0.0,13.2,0.0,0.0,0.1,79.1
1747229962901,6.8,0.0,13.1,0.0,0.0,0.1,79.9
1747229964911,7.2,0.0,13.5,0.0,0.0,0.1,79.2
1747229966919,7.2,0.0,12.6,0.0,0.0,0.1,80.1
1747229968930,7.2,0.0,14.0,0.0,0.0,0.0,78.7
1747229970939,11.1,0.0,16.1,0.0,0.0,0.1,72.7
1747229972949,11.4,0.0,16.6,0.0,0.0,0.0,72.0
1747229974960,10.9,0.0,17.1,0.0,0.0,0.0,72.0
1747229976972,10.9,0.0,18.5,0.0,0.0,0.1,70.4
1747229978983,0.0,0.0,0.0,0.0,0.0,0.0,0.0
1747229980993,10.7,0.0,15.8,0.0,0.0,0.0,73.4
1747229983010,10.4,0.0,15.2,0.0,0.0,0.0,74.3
1747229985024,10.9,0.0,15.0,0.0,0.0,0.1,74.0
1747229987042,0.0,0.0,0.0,0.0,0.0,0.0,0.0
1747229989056,10.1,0.0,14.8,0.0,0.0,0.0,75.1
1747229991069,9.9,0.0,14.8,0.0,0.0,0.1,75.2
1747229993082,9.9,0.0,14.7,0.0,0.0,0.0,75.4
1747229995095,0.2,0.0,0.3,0.0,0.0,0.0,99.4
1747229997106,6.7,0.0,11.5,0.0,0.0,0.2,81.7
1747229999117,6.9,0.0,11.8,0.0,0.0,0.2,81.2
1747230001128,7.0,0.0,11.8,0.0,0.0,0.1,81.0
1747230003137,0.1,0.0,0.2,0.0,0.0,0.0,99.6
1747230005147,6.9,0.0,13.1,0.0,0.0,0.0,80.0
1747230007157,7.9,0.0,14.2,0.0,0.0,0.1,77.9
1747230009167,7.2,0.0,13.6,0.0,0.0,0.1,79.0
1747230011178,7.3,0.0,13.5,0.0,0.0,0.1,79.2
1747230013187,7.1,0.0,12.0,0.0,0.0,0.1,80.8
1747230015200,6.9,0.0,11.8,0.0,0.0,0.1,81.2
1747230017217,6.1,0.0,12.5,0.0,0.0,0.1,81.2
1747230019234,6.5,0.0,12.2,0.0,0.0,0.1,81.1
1747230021245,6.6,0.0,12.9,0.0,0.0,0.2,80.4
1747230023256,7.1,0.0,12.7,0.0,0.0,0.1,80.0
1747230025267,6.9,0.0,13.3,0.0,0.0,0.0,79.7
1747230027278,6.8,0.0,13.4,0.0,0.0,0.1,79.8
1747230029289,7.7,0.0,13.5,0.0,0.0,0.1,78.7
1747230031300,6.9,0.0,13.4,0.0,0.0,0.1,79.6
1747230033311,6.9,0.0,13.6,0.0,0.0,0.1,79.5
1747230035323,7.1,0.0,12.1,0.0,0.0,0.0,80.8
1747230037334,6.7,0.0,12.4,0.0,0.0,0.0,80.8
1747230039345,7.2,0.0,13.2,0.0,0.0,0.0,79.5
1747230041356,6.9,0.0,14.1,0.0,0.0,0.2,78.8
1747230043365,7.2,0.0,12.9,0.0,0.0,0.1,79.8
1747230045375,10.4,0.0,15.6,0.0,0.0,0.1,73.9
1747230047401,10.7,0.0,15.2,0.0,0.0,0.1,74.0
1747230049415,10.3,0.0,15.9,0.0,0.0,0.0,73.7
1747230051431,10.8,0.0,16.8,0.0,0.0,0.2,72.3
1747230053446,0.0,0.0,0.0,0.0,0.0,0.0,0.0
1747230055461,9.8,0.0,15.2,0.0,0.0,0.1,74.9
1747230057474,10.3,0.0,15.2,0.0,0.0,0.1,74.4
1747230059485,10.4,0.0,16.1,0.0,0.0,0.1,73.4
1747230061496,0.0,0.0,0.0,0.0,0.0,0.0,0.0
1747230063507,9.9,0.0,15.4,0.0,0.0,0.0,74.6
1747230065518,9.5,0.0,15.9,0.0,0.0,0.0,74.6
1747230067529,9.8,0.0,15.8,0.0,0.0,0.0,74.4
1747230069540,0.0,0.0,0.0,0.0,0.0,0.0,0.0
1747230071555,8.9,0.0,14.1,0.0,0.0,0.1,76.9
1747230073569,8.4,0.0,14.7,0.0,0.0,0.1,76.8
1747230075582,8.8,0.0,13.4,0.0,0.0,0.1,77.7
1747230077601,8.9,0.0,14.5,0.0,0.0,0.1,76.5
1747230079617,6.3,0.0,10.7,0.0,0.0,0.1,82.9
1747230081627,6.5,0.0,11.9,0.0,0.0,0.2,81.5
1747230083638,6.0,0.0,12.3,0.0,0.0,0.1,81.6
1747230085649,7.2,0.0,11.7,0.0,0.0,0.1,81.1
1747230087659,7.2,0.0,11.7,0.0,0.0,0.1,81.0
1747230089670,6.9,0.0,12.3,0.0,0.0,0.1,80.8
1747230091680,7.0,0.0,12.7,0.0,0.0,0.3,80.0
1747230093690,7.7,0.0,12.4,0.0,0.0,0.1,79.8
1747230095701,7.9,0.0,12.5,0.0,0.0,0.1,79.5
1747230097712,7.1,0.0,12.3,0.0,0.0,0.1,80.5
1747230099724,6.8,0.0,12.9,0.0,0.0,0.1,80.2
1747230101735,6.6,0.0,13.5,0.0,0.0,0.2,79.7
1747230103746,0.2,0.0,0.3,0.0,0.0,0.0,99.5
1747230105757,6.4,0.0,13.8,0.0,0.0,0.1,79.7
1747230107767,7.5,0.0,12.8,0.0,0.0,0.0,79.6
