timestamp_ms,usr%,nice%,sys%,iowait%,irq%,soft%,steal%,idle%
1747230448476,7.8,0.0,13.4,0.0,0.0,0.2,78.7
1747230450485,8.0,0.0,13.1,0.0,0.0,0.0,78.9
1747230452494,8.3,0.0,13.5,0.0,0.0,0.1,78.1
1747230454505,8.1,0.0,13.1,0.0,0.0,0.0,78.8
1747230456515,7.1,0.0,13.8,0.0,0.0,0.1,78.9
1747230458527,8.2,0.0,13.1,0.0,0.0,0.1,78.7
1747230460537,9.9,0.0,13.3,0.0,0.0,0.1,76.8
1747230462549,7.6,0.0,12.8,0.0,0.0,0.2,79.4
1747230464559,7.9,0.0,12.6,0.0,0.0,0.1,79.4
1747230466569,8.2,0.0,13.6,0.0,0.0,0.2,77.9
1747230468580,8.6,0.0,13.4,0.0,0.0,0.1,77.8
1747230470590,7.8,0.0,13.3,0.0,0.0,0.1,78.8
1747230472600,7.4,0.0,13.5,0.0,0.0,0.2,78.9
1747230474609,7.8,0.0,12.8,0.0,0.0,0.1,79.2
1747230476618,8.8,0.0,12.9,0.0,0.0,0.2,78.1
1747230478630,7.7,0.0,12.5,0.0,0.0,0.0,79.7
1747230480640,7.8,0.0,14.1,0.0,0.0,0.1,78.0
1747230482650,8.1,0.0,12.8,0.0,0.0,0.2,78.9
1747230484660,8.5,0.0,12.4,0.0,0.0,0.1,79.0
1747230486676,7.3,0.0,13.1,0.0,0.0,0.1,79.4
1747230488686,7.1,0.0,13.2,0.0,0.0,0.0,79.7
1747230490696,6.8,0.0,13.8,0.0,0.0,0.1,79.3
1747230492705,8.6,0.0,13.7,0.0,0.0,0.1,77.7
1747230494715,6.6,0.0,14.0,0.0,0.0,0.1,79.3
1747230496723,7.3,0.0,13.1,0.0,0.0,0.1,79.5
1747230498736,7.2,0.0,13.2,0.0,0.0,0.0,79.6
1747230500745,8.1,0.0,12.8,0.0,0.0,0.1,78.9
1747230502757,7.7,0.0,14.0,0.0,0.0,0.1,78.2
1747230504768,8.1,0.0,13.0,0.0,0.0,0.1,78.8
1747230506778,8.0,0.0,13.6,0.0,0.0,0.1,78.3
1747230508790,8.1,0.0,14.4,0.0,0.0,0.0,77.5
1747230510801,7.4,0.0,14.0,0.0,0.0,0.0,78.6
1747230512813,7.5,0.0,14.1,0.0,0.0,0.1,78.3
1747230514824,7.7,0.0,13.2,0.0,0.0,0.1,79.0
1747230516834,7.8,0.0,13.3,0.0,0.0,0.1,78.7
1747230518845,8.0,0.0,13.2,0.0,0.0,0.2,78.6
1747230520856,7.6,0.0,13.6,0.0,0.0,0.0,78.9
1747230522868,7.5,0.0,13.9,0.0,0.0,0.1,78.6
1747230524878,8.2,0.0,13.3,0.0,0.0,0.0,78.5
1747230526888,7.9,0.0,12.9,0.0,0.0,0.2,79.0
1747230528897,8.0,0.0,13.4,0.0,0.0,0.1,78.5
1747230530906,8.1,0.0,13.9,0.0,0.0,0.0,78.0
1747230532918,8.2,0.0,14.5,0.0,0.0,0.0,77.2
1747230534928,8.3,0.0,13.9,0.0,0.0,0.1,77.6
1747230536942,8.2,0.0,12.6,0.0,0.0,0.1,79.1
1747230538953,8.1,0.0,13.3,0.0,0.0,0.1,78.5
1747230540964,8.0,0.0,13.4,0.0,0.0,0.1,78.6
1747230542974,7.8,0.0,13.8,0.0,0.0,0.1,78.2
1747230544985,7.2,0.0,13.3,0.0,0.0,0.1,79.3
1747230546996,7.0,0.0,14.1,0.0,0.0,0.2,78.7
1747230549006,7.9,0.0,13.5,0.0,0.0,0.1,78.5
1747230551017,7.3,0.0,14.0,0.0,0.0,0.1,78.6
1747230553028,7.9,0.0,13.1,0.0,0.0,0.0,79.0
1747230555039,7.9,0.0,12.9,0.0,0.0,0.0,79.2
1747230557049,7.8,0.0,14.3,0.0,0.0,0.1,77.8
1747230559059,10.4,0.0,14.3,0.0,0.0,0.1,75.2
1747230561072,8.9,0.0,15.3,0.0,0.0,0.0,75.7
1747230563123,8.3,0.0,13.5,0.0,0.0,0.1,78.1
1747230565160,7.9,0.0,13.2,0.0,0.0,0.0,78.9
1747230567181,9.9,0.0,14.1,0.0,0.0,0.2,75.9
1747230569210,10.4,0.0,17.0,0.0,0.0,0.1,72.5
1747230571223,11.1,0.0,16.9,0.0,0.0,0.0,72.0
1747230573236,11.6,0.0,17.4,0.0,0.0,0.2,70.7
1747230575253,0.0,0.0,0.0,0.0,0.0,0.0,0.0
1747230577265,11.3,0.0,16.1,0.0,0.0,0.0,72.6
1747230579276,11.2,0.0,15.6,0.0,0.0,0.0,73.2
1747230581286,11.0,0.0,15.5,0.0,0.0,0.1,73.4
1747230583297,0.0,0.0,0.0,0.0,0.0,0.0,0.0
1747230585307,10.4,0.0,15.4,0.0,0.0,0.1,74.2
1747230587316,10.3,0.0,15.4,0.0,0.0,0.1,74.2
1747230589326,10.3,0.0,15.6,0.0,0.0,0.1,73.9
1747230591338,0.0,0.0,0.0,0.0,0.0,0.0,99.9
1747230593348,7.7,0.0,11.1,0.0,0.0,0.1,81.1
1747230595357,7.8,0.0,11.3,0.0,0.0,0.1,80.8
1747230597367,7.1,0.0,12.4,0.0,0.0,0.1,80.4
1747230599377,7.7,0.0,12.8,0.0,0.0,0.1,79.4
1747230601386,7.5,0.0,12.8,0.0,0.0,0.2,79.4
1747230603394,7.2,0.0,12.8,0.0,0.0,0.2,79.9
1747230605402,7.7,0.0,13.3,0.0,0.0,0.1,78.9
1747230607412,8.4,0.0,14.2,0.0,0.0,0.2,77.3
1747230609423,7.4,0.0,13.7,0.0,0.0,0.1,78.9
1747230611436,7.8,0.0,13.5,0.0,0.0,0.1,78.7
1747230613449,8.4,0.0,14.5,0.0,0.0,0.2,76.9
1747230615463,7.8,0.0,14.8,0.0,0.0,0.0,77.4
1747230617474,7.8,0.0,14.3,0.0,0.0,0.2,77.7
1747230619485,7.8,0.0,14.3,0.0,0.0,0.2,77.7
1747230621496,7.7,0.0,14.4,0.0,0.0,0.1,77.8
1747230623507,8.2,0.0,14.0,0.0,0.0,0.1,77.6
1747230625518,8.3,0.0,13.6,0.0,0.0,0.0,78.1
1747230627527,7.7,0.0,14.6,0.0,0.0,0.0,77.7
1747230629536,8.5,0.0,15.4,0.0,0.0,0.0,76.2
1747230631548,7.6,0.0,15.2,0.0,0.0,0.0,77.2
1747230633560,7.6,0.0,13.2,0.0,0.0,0.1,79.1
1747230635589,7.0,0.0,14.2,0.0,0.0,0.0,78.7
1747230637605,9.0,0.0,14.2,0.0,0.0,0.1,76.7
1747230639616,7.7,0.0,14.4,0.0,0.0,0.1,77.8
1747230641627,7.8,0.0,13.6,0.0,0.0,0.0,78.5
1747230643638,7.7,0.0,13.9,0.0,0.0,0.1,78.3
1747230645649,7.6,0.0,13.6,0.0,0.0,0.0,78.7
1747230647660,8.5,0.0,15.1,0.0,0.0,0.2,76.2
1747230649672,8.3,0.0,12.5,0.0,0.0,0.1,79.1
1747230651683,7.2,0.0,13.3,0.0,0.0,0.1,79.3
1747230653694,7.1,0.0,13.5,0.0,0.0,0.0,79.3
1747230655705,7.5,0.0,13.3,0.0,0.0,0.0,79.1
1747230657717,7.9,0.0,12.9,0.0,0.0,0.1,79.1
1747230659728,8.1,0.0,12.8,0.0,0.0,0.1,79.0
1747230661739,7.3,0.0,14.0,0.0,0.0,0.1,78.5
1747230663751,8.8,0.0,13.7,0.0,0.0,0.0,77.5
1747230665762,7.6,0.0,14.2,0.0,0.0,0.0,78.1
1747230667774,7.3,0.0,14.5,0.0,0.0,0.1,78.1
1747230669785,8.3,0.0,14.4,0.0,0.0,0.1,77.2
1747230671797,9.2,0.0,13.8,0.0,0.0,0.1,76.9
1747230673809,7.8,0.0,13.2,0.0,0.0,0.0,78.9
1747230675820,7.9,0.0,13.3,0.0,0.0,0.1,78.6
1747230677830,7.2,0.0,13.8,0.0,0.0,0.0,79.0
1747230679840,7.7,0.0,14.1,0.0,0.0,0.0,78.2
1747230681849,7.3,0.0,12.8,0.0,0.0,0.1,79.8
1747230683860,7.7,0.0,12.2,0.0,0.0,0.1,80.0
1747230685871,7.3,0.0,13.1,0.0,0.0,0.0,79.5
1747230687881,6.9,0.0,14.2,0.0,0.0,0.1,78.8
1747230689900,7.5,0.0,14.0,0.0,0.0,0.0,78.5
1747230691918,7.9,0.0,12.8,0.0,0.0,0.0,79.2
1747230693949,9.0,0.0,13.9,0.0,0.0,0.0,77.1
1747230695970,8.1,0.0,13.6,0.0,0.0,0.1,78.2
1747230697985,7.1,0.0,12.8,0.0,0.0,0.1,80.0
1747230699996,7.5,0.0,13.3,0.0,0.0,0.2,79.0
1747230702007,7.8,0.0,12.9,0.0,0.0,0.1,79.1
1747230704021,7.9,0.0,13.4,0.0,0.0,0.0,78.7
1747230706031,6.8,0.0,14.3,0.0,0.0,0.1,78.8
1747230708041,7.4,0.0,13.0,0.0,0.0,0.0,79.6
1747230710051,7.7,0.0,12.5,0.0,0.0,0.1,79.7
1747230712062,7.4,0.0,14.0,0.0,0.0,0.0,78.6
1747230714073,8.2,0.0,12.8,0.0,0.0,0.1,78.9
1747230716084,8.0,0.0,13.8,0.0,0.0,0.0,78.2
1747230718095,7.7,0.0,14.0,0.0,0.0,0.2,78.2
1747230720105,9.0,0.0,14.2,0.0,0.0,0.2,76.5
1747230722116,8.3,0.0,13.8,0.0,0.0,0.0,77.8
1747230724126,7.5,0.0,13.3,0.0,0.0,0.1,79.0
1747230726138,7.9,0.0,13.0,0.0,0.0,0.0,79.1
1747230728149,7.6,0.0,14.1,0.0,0.0,0.0,78.3
1747230730159,9.8,0.0,14.8,0.0,0.0,0.0,75.4
1747230732170,11.4,0.0,16.8,0.0,0.0,0.1,71.7
1747230734184,10.5,0.0,16.2,0.0,0.0,0.1,73.1
1747230736209,10.5,0.0,17.3,0.0,0.0,0.1,72.1
1747230738222,0.0,0.0,0.0,0.0,0.0,0.0,0.0
1747230740239,9.9,0.0,15.0,3.9,0.0,0.0,71.1
1747230742262,9.9,0.0,15.1,0.0,0.0,0.0,75.0
1747230744281,10.2,0.0,15.3,0.0,0.0,0.0,74.5
1747230746296,10.2,0.0,15.3,3.1,0.0,0.0,71.4
1747230748312,9.2,0.0,13.6,0.0,0.0,0.1,77.1
1747230750325,10.0,0.0,15.2,0.0,0.0,0.1,74.7
1747230752337,10.9,0.0,14.9,0.0,0.0,0.1,74.0
1747230754356,10.7,0.0,16.5,0.0,0.0,0.1,72.7
1747230756369,7.0,0.0,11.9,0.0,0.0,0.0,81.1
1747230758378,7.3,0.0,11.6,0.0,0.0,0.0,81.1
1747230760386,7.0,0.0,12.0,0.0,0.0,0.1,80.9
1747230762396,7.4,0.0,11.6,0.0,0.0,0.2,80.8
1747230764408,8.0,0.0,12.6,0.0,0.0,0.1,79.3
1747230766418,7.4,0.0,12.6,0.0,0.0,0.2,79.8
1747230768427,7.4,0.0,12.9,0.0,0.0,0.0,79.7
1747230770438,7.8,0.0,13.3,0.0,0.0,0.1,78.8
1747230772449,8.9,0.0,13.0,0.0,0.0,0.1,77.9
1747230774461,8.0,0.0,13.3,0.0,0.0,0.1,78.5
1747230776472,7.6,0.0,14.3,0.0,0.0,0.1,78.0
1747230778483,8.8,0.0,14.0,0.0,0.0,0.1,77.0
1747230780494,9.5,0.0,14.7,0.0,0.0,0.1,75.7
1747230782503,7.8,0.0,14.0,0.0,0.0,0.2,78.0
1747230784515,8.7,0.0,14.7,0.0,0.0,0.0,76.5
1747230786525,8.5,0.0,13.9,0.0,0.0,0.1,77.6
1747230788535,8.4,0.0,13.7,0.0,0.0,0.1,77.8
1747230790546,7.5,0.0,13.9,0.0,0.0,0.0,78.6
1747230792558,8.0,0.0,14.6,0.0,0.0,0.1,77.3
1747230794569,8.0,0.0,14.4,0.0,0.0,0.1,77.5
1747230796579,8.6,0.0,15.1,0.0,0.0,0.1,76.2
1747230798588,7.9,0.0,13.7,0.0,0.0,0.0,78.4
1747230800598,7.8,0.0,13.8,0.0,0.0,0.1,78.2
1747230802607,8.1,0.0,14.6,0.0,0.0,0.2,77.1
1747230804619,0.0,0.0,0.0,0.0,0.0,0.0,0.0
1747230806648,9.8,0.0,16.4,0.0,0.0,0.0,73.8
1747230808697,10.3,0.0,16.0,0.0,0.0,0.0,73.7
1747230810716,10.3,0.0,16.0,0.0,0.0,0.0,73.6
1747230812732,9.8,0.0,17.0,0.0,0.0,0.1,73.1
1747230814746,9.6,0.0,14.1,0.0,0.0,0.1,76.2
1747230816761,10.1,0.0,16.4,0.0,0.0,0.0,73.5
1747230818779,10.6,0.0,15.7,0.0,0.0,0.0,73.7
1747230820792,11.2,0.0,16.8,0.0,0.0,0.0,71.9
1747230822807,9.8,0.0,13.8,0.0,0.0,0.1,76.2
1747230824819,10.0,0.0,14.9,0.0,0.0,0.1,75.0
1747230826831,10.4,0.0,14.6,0.0,0.0,0.1,74.9
1747230828840,10.3,0.0,15.9,0.0,0.0,0.0,73.7
1747230830852,8.3,0.0,11.4,0.0,0.0,0.1,80.2
1747230832862,7.2,0.0,11.7,0.0,0.0,0.1,80.9
1747230834873,8.0,0.0,11.1,0.0,0.0,0.0,80.8
1747230836884,7.2,0.0,12.9,0.0,0.0,0.1,79.7
1747230838895,0.1,0.0,0.2,0.0,0.0,0.0,99.7
1747230840905,7.6,0.0,12.9,0.0,0.0,0.1,79.3
1747230842916,7.6,0.0,13.2,0.0,0.0,0.0,79.2
1747230844927,7.6,0.0,13.4,0.0,0.0,0.0,78.9
1747230846936,0.2,0.0,0.3,0.0,0.0,0.0,99.5
1747230848948,9.1,0.0,14.1,0.0,0.0,0.1,76.7
1747230850960,9.1,0.0,13.7,0.0,0.0,0.0,77.2
1747230852970,7.5,0.0,13.9,0.0,0.0,0.1,78.5
1747230854980,8.0,0.0,13.7,0.0,0.0,0.0,78.3
1747230856990,7.9,0.0,13.1,0.0,0.0,0.0,79.0
1747230859000,8.0,0.0,13.8,0.0,0.0,0.0,78.1
1747230861009,7.2,0.0,14.0,0.0,0.0,0.1,78.6
1747230863017,8.5,0.0,13.1,0.0,0.0,0.2,78.2
1747230865025,7.2,0.0,13.7,0.0,0.0,0.0,79.0
1747230867036,7.2,0.0,13.8,0.0,0.0,0.1,78.9
1747230869053,7.0,0.0,14.2,0.0,0.0,0.0,78.8
1747230871061,8.0,0.0,14.7,0.0,0.0,0.1,77.2
1747230873072,8.1,0.0,13.8,0.0,0.0,0.2,77.9
1747230875082,8.1,0.0,14.4,0.0,0.0,0.2,77.4
1747230877092,7.3,0.0,13.8,0.0,0.0,0.1,78.8
1747230879104,7.4,0.0,13.7,0.0,0.0,0.1,78.8
1747230881120,6.8,0.0,12.8,0.0,0.0,0.1,80.3
1747230883130,7.0,0.0,12.5,0.0,0.0,0.0,80.5
1747230885146,7.0,0.0,13.4,0.0,0.0,0.3,79.3
1747230887156,8.2,0.0,14.1,0.0,0.0,0.1,77.6
1747230889167,8.0,0.0,13.6,0.0,0.0,0.1,78.3
1747230891178,7.2,0.0,13.7,0.0,0.0,0.1,79.1
1747230893188,7.7,0.0,14.7,0.0,0.0,0.1,77.5
1747230895198,8.9,0.0,13.3,0.0,0.0,0.1,77.6
1747230897208,8.1,0.0,13.9,0.0,0.0,0.0,78.0
1747230899218,8.1,0.0,14.3,0.0,0.0,0.0,77.6
1747230901229,7.4,0.0,13.8,0.0,0.0,0.2,78.6
1747230903239,8.8,0.0,13.4,0.0,0.0,0.2,77.7
1747230905250,7.1,0.0,13.3,0.0,0.0,0.0,79.5
1747230907260,7.3,0.0,13.1,0.0,0.0,0.0,79.5
1747230909271,7.3,0.0,13.7,0.0,0.0,0.0,78.9
1747230911281,0.0,0.0,0.0,0.0,0.0,0.0,0.0
1747230913291,11.2,0.0,17.5,0.0,0.0,0.1,71.2
1747230915301,11.8,0.0,16.2,0.0,0.0,0.0,72.0
1747230917315,10.9,0.0,15.6,0.0,0.0,0.2,73.4
1747230919330,10.6,0.0,15.6,0.0,0.0,0.1,73.7
1747230921342,11.0,0.0,14.7,0.0,0.0,0.1,74.2
1747230923355,9.8,0.0,15.8,0.0,0.0,0.1,74.3
1747230925368,10.2,0.0,15.8,0.0,0.0,0.0,74.0
1747230927387,10.1,0.0,16.8,0.0,0.0,0.1,73.0
1747230929414,9.6,0.0,14.4,0.0,0.0,0.1,75.8
1747230931429,9.4,0.0,15.2,0.0,0.0,0.0,75.3
1747230933445,9.8,0.0,15.2,0.0,0.0,0.1,75.0
1747230935462,10.1,0.0,15.2,0.0,0.0,0.1,74.6
1747230937475,7.4,0.0,10.9,0.0,0.0,0.1,81.6
1747230939485,6.6,0.0,11.0,0.0,0.0,0.2,82.3
1747230941495,6.8,0.0,11.7,0.0,0.0,0.0,81.5
1747230943504,7.0,0.0,12.5,0.0,0.0,0.1,80.4
1747230945514,8.0,0.0,11.3,0.0,0.0,0.2,80.5
1747230947526,6.7,0.0,12.8,0.0,0.0,0.1,80.4
1747230949538,7.4,0.0,12.3,0.0,0.0,0.1,80.3
1747230951548,7.3,0.0,13.2,0.0,0.0,0.0,79.4
1747230953557,8.2,0.0,11.9,0.0,0.0,0.1,79.8
1747230955568,8.1,0.0,12.5,0.0,0.0,0.1,79.3
1747230957581,7.8,0.0,13.9,0.0,0.0,0.1,78.2
1747230959593,8.9,0.0,14.2,0.0,0.0,0.2,76.7
1747230961605,8.2,0.0,13.0,0.0,0.0,0.1,78.7
1747230963617,6.7,0.0,15.6,0.0,0.0,0.2,77.5
1747230965626,7.2,0.0,13.1,0.0,0.0,0.0,79.7
1747230967637,7.4,0.0,13.6,0.0,0.0,0.1,78.9
1747230969648,7.7,0.0,12.7,0.0,0.0,0.1,79.5
1747230971659,6.9,0.0,13.0,0.0,0.0,0.1,80.0
1747230973671,6.6,0.0,13.1,0.0,0.0,0.0,80.2
1747230975683,7.7,0.0,13.6,0.0,0.0,0.0,78.7
1747230977693,7.6,0.0,12.6,0.0,0.0,0.1,79.7
1747230979703,6.7,0.0,12.6,0.0,0.0,0.1,80.6
1747230981712,6.5,0.0,12.7,0.0,0.0,0.2,80.7
1747230983721,8.0,0.0,12.7,0.0,0.0,0.1,79.2
1747230985733,7.5,0.0,12.7,0.0,0.0,0.2,79.6
1747230987746,6.6,0.0,14.6,0.0,0.0,0.1,78.7
1747230989756,7.0,0.0,12.5,0.0,0.0,0.1,80.4
1747230991765,7.3,0.0,13.0,0.0,0.0,0.1,79.6
1747230993772,7.5,0.0,12.2,0.0,0.0,0.2,80.0
1747230995782,6.4,0.0,12.8,0.0,0.0,0.0,80.8
1747230997795,6.4,0.0,12.1,0.0,0.0,0.0,81.5
1747230999810,6.8,0.0,11.9,0.0,0.0,0.0,81.2
1747231001819,7.7,0.0,12.3,0.0,0.0,0.1,79.8
1747231003832,8.0,0.0,12.6,0.0,0.0,0.1,79.3
1747231005842,7.9,0.0,13.4,0.0,0.0,0.1,78.7
1747231007852,7.5,0.0,12.7,0.0,0.0,0.1,79.8
1747231009863,8.1,0.0,11.9,0.0,0.0,0.2,79.9
1747231011875,7.2,0.0,11.6,0.0,0.0,0.0,81.1
1747231013886,6.7,0.0,12.2,0.0,0.0,0.1,81.0
1747231015897,7.4,0.0,12.7,0.0,0.0,0.1,79.8
1747231017909,7.7,0.0,12.4,0.0,0.0,0.1,79.8
1747231019921,7.2,0.0,11.5,0.0,0.0,0.1,81.2
1747231021933,7.0,0.0,12.4,0.0,0.0,0.0,80.6
1747231023945,7.6,0.0,12.4,0.0,0.0,0.1,79.9
1747231025959,8.5,0.0,12.8,0.0,0.0,0.1,78.7
1747231027970,8.0,0.0,13.1,0.0,0.0,0.0,78.8
1747231029982,8.6,0.0,14.5,0.0,0.0,0.1,76.7
1747231031995,6.6,0.0,14.7,0.0,0.0,0.1,78.6
1747231034006,7.4,0.0,13.3,0.0,0.0,0.0,79.3
1747231036018,6.9,0.0,13.3,0.0,0.0,0.1,79.6
1747231038029,6.5,0.0,15.1,0.0,0.0,0.0,78.3
1747231040041,7.1,0.0,14.8,0.0,0.0,0.1,78.0
1747231042051,8.4,0.0,13.9,0.0,0.0,0.2,77.5
1747231044075,7.3,0.0,15.6,0.0,0.0,0.1,77.0
1747231046095,6.2,0.0,13.9,0.0,0.0,0.1,79.8
1747231048118,6.8,0.0,11.1,0.0,0.0,0.1,82.0
1747231050154,7.1,0.0,11.1,0.0,0.0,0.0,81.7
1747231052171,6.2,0.0,11.2,0.0,0.0,0.0,82.5
1747231054185,7.0,0.0,11.3,0.0,0.0,0.1,81.6
1747231056197,6.8,0.0,12.8,0.0,0.0,0.1,80.3
1747231058208,8.0,0.0,13.2,0.0,0.0,0.1,78.8
1747231060220,7.7,0.0,12.7,0.0,0.0,0.1,79.5
1747231062233,9.1,0.0,12.1,0.0,0.0,0.1,78.7
1747231064245,8.6,0.0,13.3,0.0,0.0,0.0,78.1
1747231066256,8.7,0.0,11.8,0.0,0.0,0.1,79.4
1747231068266,7.0,0.0,11.6,0.0,0.0,0.0,81.4
1747231070276,6.9,0.0,12.1,0.0,0.0,0.0,80.9
1747231072285,7.2,0.0,11.8,0.0,0.0,0.0,80.9
1747231074294,7.0,0.0,13.2,0.0,0.0,0.1,79.7
1747231076305,7.1,0.0,12.5,0.0,0.0,0.1,80.3
1747231078316,6.5,0.0,13.8,0.0,0.0,0.0,79.7
1747231080327,6.9,0.0,13.1,0.0,0.0,0.0,79.9
1747231082338,8.2,0.0,13.3,0.0,0.0,0.1,78.3
1747231084349,8.4,0.0,15.0,0.0,0.0,0.1,76.5
1747231086361,7.4,0.0,12.6,0.0,0.0,0.1,80.0
1747231088372,7.0,0.0,12.6,0.0,0.0,0.1,80.3
1747231090384,7.5,0.0,13.3,0.0,0.0,0.1,79.2
1747231092395,6.9,0.0,13.9,0.0,0.0,0.1,79.0
1747231094405,7.0,0.0,13.5,0.0,0.0,0.1,79.5
1747231096416,7.2,0.0,13.2,0.0,0.0,0.2,79.4
1747231098428,8.6,0.0,12.2,0.0,0.0,0.0,79.2
1747231100443,6.6,0.0,12.3,0.0,0.0,0.1,81.0
1747231102461,7.2,0.0,12.8,0.0,0.0,0.2,79.7
1747231104476,7.7,0.0,13.1,0.0,0.0,0.1,79.0
1747231106492,8.8,0.0,13.1,0.0,0.0,0.0,78.0
1747231108502,6.5,0.0,11.6,0.0,0.0,0.0,81.8
1747231110513,7.2,0.0,11.9,0.0,0.0,0.0,80.9
1747231112523,6.6,0.0,12.6,0.0,0.0,0.2,80.7
1747231114534,0.0,0.0,0.0,0.0,0.0,0.0,0.0
1747231116544,10.7,0.0,18.5,0.0,0.0,0.0,70.8
1747231118556,11.4,0.0,15.8,0.0,0.0,0.2,72.7
1747231120567,10.8,0.0,16.3,0.0,0.0,0.1,72.8
1747231122579,10.7,0.0,17.1,0.0,0.0,0.1,72.0
1747231124590,9.3,0.0,15.1,0.0,0.0,0.1,75.5
1747231126601,10.8,0.0,14.7,0.0,0.0,0.0,74.5
1747231128611,10.1,0.0,15.4,0.0,0.0,0.0,74.5
1747231130620,10.8,0.0,15.5,0.0,0.0,0.1,73.6
1747231132629,10.1,0.0,13.9,0.0,0.0,0.1,75.9
1747231134640,9.2,0.0,15.5,0.0,0.0,0.2,75.1
1747231136651,10.1,0.0,15.2,0.0,0.0,0.0,74.7
1747231138662,10.1,0.0,16.3,0.0,0.0,0.1,73.5
1747231140676,0.0,0.0,0.0,0.0,0.0,0.0,100.0
1747231142690,6.8,0.0,11.2,0.0,0.0,0.2,81.8
1747231144698,7.2,0.0,12.4,0.0,0.0,0.1,80.3
1747231146706,6.7,0.0,11.6,0.0,0.0,0.0,81.6
1747231148714,0.1,0.0,0.2,0.0,0.0,0.0,99.6
1747231150724,5.8,0.0,11.9,0.0,0.0,0.0,82.2
1747231152744,5.8,0.0,11.3,0.0,0.0,0.2,82.7
1747231154768,6.1,0.0,11.0,0.0,0.0,0.0,82.8
1747231156788,0.1,0.0,0.2,0.0,0.0,0.0,99.6
1747231158797,6.6,0.0,12.0,0.0,0.0,0.0,81.4
1747231160805,6.9,0.0,12.0,0.0,0.0,0.2,80.9
1747231162814,8.3,0.0,12.2,0.0,0.0,0.2,79.3
1747231164824,7.6,0.0,12.3,0.0,0.0,0.1,80.0
1747231166833,7.0,0.0,13.0,0.0,0.0,0.0,80.1
1747231168845,7.3,0.0,12.8,0.0,0.0,0.1,79.8
1747231170854,7.5,0.0,13.2,0.0,0.0,0.1,79.2
1747231172864,7.9,0.0,13.4,0.0,0.0,0.2,78.5
1747231174874,7.7,0.0,12.8,0.0,0.0,0.0,79.5
1747231176884,7.1,0.0,14.3,0.0,0.0,0.1,78.5
1747231178894,8.0,0.0,13.0,0.0,0.0,0.1,78.9
1747231180905,7.9,0.0,13.4,0.0,0.0,0.0,78.6
1747231182916,8.0,0.0,13.3,0.0,0.0,0.2,78.5
1747231184927,7.0,0.0,14.9,0.0,0.0,0.1,78.0
1747231186938,7.7,0.0,14.9,0.0,0.0,0.2,77.2
1747231188948,7.9,0.0,13.4,0.0,0.0,0.2,78.5
1747231190960,9.4,0.0,15.9,0.0,0.0,0.0,74.6
1747231192970,7.6,0.0,13.8,0.0,0.0,0.2,78.4
1747231194979,7.4,0.0,13.6,0.0,0.0,0.1,78.8
1747231196988,7.1,0.0,13.9,0.0,0.0,0.0,79.0
1747231198997,6.8,0.0,13.0,0.0,0.0,0.1,80.0
1747231201009,6.8,0.0,14.4,0.0,0.0,0.0,78.8
1747231203019,7.0,0.0,15.7,0.0,0.0,0.2,77.2
1747231205030,7.5,0.0,15.0,0.0,0.0,0.0,77.4
1747231207050,7.8,0.0,13.3,0.0,0.0,0.1,78.8
1747231209081,7.5,0.0,13.8,0.0,0.0,0.0,78.7
1747231211094,6.8,0.0,11.4,0.0,0.0,0.1,81.7
1747231213106,6.3,0.0,12.8,0.0,0.0,0.3,80.5
1747231215124,7.0,0.0,10.8,0.0,0.0,0.0,82.2
1747231217146,6.2,0.0,11.2,0.0,0.0,0.2,82.4
1747231219165,6.5,0.0,11.2,0.0,0.0,0.1,82.2
1747231221176,6.5,0.0,12.5,0.0,0.0,0.0,81.0
1747231223186,6.8,0.0,11.0,0.0,0.0,0.1,82.1
1747231225197,6.5,0.0,12.1,0.0,0.0,0.1,81.3
1747231227209,7.0,0.0,11.9,0.0,0.0,0.0,81.1
1747231229220,8.6,0.0,11.9,0.0,0.0,0.0,79.5
1747231231230,7.5,0.0,12.1,0.0,0.0,0.0,80.4
1747231233241,8.1,0.0,12.5,0.0,0.0,0.1,79.3
1747231235253,8.6,0.0,14.1,0.0,0.0,0.1,77.2
1747231237264,7.7,0.0,12.6,0.0,0.0,0.0,79.7
1747231239276,7.4,0.0,12.5,0.0,0.0,0.1,80.0
1747231241286,7.2,0.0,13.2,0.0,0.0,0.0,79.7
1747231243297,7.3,0.0,13.1,0.0,0.0,0.1,79.5
1747231245308,7.0,0.0,13.6,0.0,0.0,0.2,79.2
1747231247317,12.0,0.0,17.6,0.0,0.0,0.2,70.2
1747231249325,11.0,0.0,17.4,0.0,0.0,0.2,71.5
1747231251337,11.5,0.0,16.6,0.0,0.0,0.2,71.7
1747231253348,11.7,0.0,15.9,0.0,0.0,0.2,72.3
1747231255359,0.0,0.0,0.0,0.0,0.0,0.0,0.0
1747231257371,10.4,0.0,15.6,0.0,0.0,0.1,74.0
1747231259386,9.9,0.0,15.9,0.0,0.0,0.1,74.1
1747231261406,9.6,0.0,15.5,0.0,0.0,0.1,74.8
1747231263432,0.0,0.0,0.0,0.0,0.0,0.0,0.0
1747231265447,10.1,0.0,14.7,0.0,0.0,0.1,75.1
1747231267467,9.6,0.0,15.3,0.0,0.0,0.0,75.1
1747231269484,9.1,0.0,15.7,0.0,0.0,0.0,75.3
1747231271498,0.1,0.0,0.1,0.0,0.0,0.0,99.8
1747231273514,6.2,0.0,10.1,0.0,0.0,0.1,83.6
1747231275525,7.0,0.0,11.0,0.0,0.0,0.1,82.0
1747231277536,6.8,0.0,11.2,0.0,0.0,0.1,81.9
1747231279547,0.1,0.0,0.2,0.0,0.0,0.0,99.7
1747231281559,7.1,0.0,11.8,0.0,0.0,0.0,81.1
1747231283570,7.6,0.0,11.1,0.0,0.0,0.1,81.2
1747231285581,6.9,0.0,12.2,0.0,0.0,0.1,80.8
1747231287593,7.3,0.0,12.2,0.0,0.0,0.1,80.3
1747231289604,8.0,0.0,11.9,0.0,0.0,0.1,80.0
1747231291615,8.2,0.0,14.2,0.0,0.0,0.0,77.6
1747231293626,9.5,0.0,15.0,0.0,0.0,0.0,75.4
1747231295637,7.7,0.0,12.4,0.0,0.0,0.0,79.8
1747231297648,7.2,0.0,12.3,0.0,0.0,0.1,80.3
1747231299658,7.2,0.0,12.6,0.0,0.0,0.2,80.1
1747231301668,6.7,0.0,12.8,0.0,0.0,0.0,80.5
1747231303679,7.2,0.0,12.7,0.0,0.0,0.0,80.0
1747231305689,6.8,0.0,12.7,0.0,0.0,0.0,80.5
1747231307700,6.7,0.0,13.6,0.0,0.0,0.1,79.6
1747231309710,7.7,0.0,15.3,0.0,0.0,0.0,77.0
1747231311721,8.0,0.0,13.6,0.0,0.0,0.1,78.4
1747231313731,11.1,0.0,16.7,0.0,0.0,0.0,72.2
1747231315747,9.8,0.0,15.9,0.0,0.0,0.0,74.3
1747231317764,10.4,0.0,16.0,0.0,0.0,0.1,73.5
1747231319776,10.8,0.0,16.8,0.0,0.0,0.1,72.3
1747231321793,0.0,0.0,0.0,0.0,0.0,0.0,0.0
1747231323824,9.5,0.0,16.3,0.0,0.0,0.1,74.2
1747231325867,9.6,0.0,16.2,0.0,0.0,0.0,74.2
1747231327891,9.8,0.0,16.0,0.0,0.0,0.1,74.1
1747231329904,0.0,0.0,0.0,0.0,0.0,0.0,0.0
1747231331913,10.4,0.0,14.9,0.0,0.0,0.0,74.7
1747231333925,10.4,0.0,15.1,0.0,0.0,0.0,74.5
1747231335934,10.4,0.0,14.9,0.0,0.0,0.0,74.8
1747231337945,0.2,0.0,0.3,0.0,0.0,0.0,99.4
1747231339955,6.9,0.0,11.4,0.0,0.0,0.0,81.6
1747231341967,7.0,0.0,11.6,0.0,0.0,0.1,81.3
1747231343978,8.3,0.0,12.1,0.0,0.0,0.0,79.6
1747231345989,7.3,0.0,10.8,0.0,0.0,0.1,81.8
1747231348000,6.6,0.0,11.6,0.0,0.0,0.1,81.7
1747231350010,6.3,0.0,11.8,0.0,0.0,0.1,81.8
1747231352021,6.5,0.0,12.3,0.0,0.0,0.1,81.2
1747231354031,6.1,0.0,12.2,0.0,0.0,0.1,81.5
1747231356041,7.0,0.0,11.3,0.0,0.0,0.1,81.6
1747231358051,6.2,0.0,13.4,0.0,0.0,0.0,80.3
1747231360061,7.0,0.0,13.2,0.0,0.0,0.1,79.8
1747231362088,6.5,0.0,12.3,0.0,0.0,0.2,81.0
1747231364097,7.7,0.0,12.6,0.0,0.0,0.0,79.6
1747231366107,6.4,0.0,12.0,0.0,0.0,0.2,81.4
1747231368117,6.3,0.0,11.4,0.0,0.0,0.1,82.1
1747231370126,6.7,0.0,12.0,0.0,0.0,0.0,81.2
1747231372153,10.8,0.0,14.8,0.0,0.0,0.0,74.4
1747231374193,10.4,0.0,15.5,0.0,0.0,0.0,74.0
1747231376205,11.1,0.0,15.4,0.0,0.0,0.0,73.5
1747231378217,10.6,0.0,17.1,0.0,0.0,0.0,72.2
1747231380228,0.0,0.0,0.0,0.0,0.0,0.0,0.0
1747231382239,10.7,0.0,15.0,0.0,0.0,0.0,74.3
1747231384250,10.2,0.0,15.0,0.0,0.0,0.1,74.7
1747231386261,10.3,0.0,14.9,0.0,0.0,0.1,74.7
1747231388271,0.0,0.0,0.0,0.0,0.0,0.0,0.0
1747231390280,9.0,0.0,15.5,0.0,0.0,0.0,75.4
1747231392291,9.2,0.0,16.9,0.0,0.0,0.1,73.9
1747231394302,9.8,0.0,15.9,0.0,0.0,0.0,74.2
1747231396313,0.0,0.0,0.0,0.0,0.0,0.0,0.0
1747231398323,9.2,0.0,14.0,0.0,0.0,0.1,76.7
1747231400337,9.1,0.0,13.8,0.0,0.0,0.1,77.0
1747231402355,8.3,0.0,13.7,0.0,0.0,0.1,77.8
1747231404392,8.8,0.0,12.7,0.0,0.0,0.1,78.4
1747231406424,6.3,0.0,9.9,0.0,0.0,0.1,83.7
1747231408432,5.9,0.0,10.7,0.0,0.0,0.1,83.3
1747231410440,5.8,0.0,11.1,0.0,0.0,0.0,83.0
1747231412452,6.4,0.0,10.7,0.0,0.0,0.1,82.9
1747231414473,7.7,0.0,11.0,0.0,0.0,0.1,81.3
1747231416493,6.7,0.0,10.4,0.0,0.0,0.0,82.8
1747231418504,5.9,0.0,10.2,0.0,0.0,0.0,83.9
1747231420516,6.6,0.0,10.7,0.0,0.0,0.1,82.6
1747231422525,7.7,0.0,11.0,0.0,0.0,0.2,81.0
1747231424535,9.4,0.0,16.2,0.0,0.0,0.0,74.4
1747231426546,10.2,0.0,14.8,0.0,0.0,0.1,75.0
1747231428557,10.5,0.0,14.7,0.0,0.0,0.0,74.7
1747231430569,0.0,0.0,0.0,0.0,0.0,0.0,0.0
1747231432580,9.2,0.0,14.6,0.0,0.0,0.2,76.0
1747231434593,9.3,0.0,14.7,0.0,0.0,0.1,75.9
1747231436605,9.9,0.0,14.3,0.0,0.0,0.0,75.8
1747231438616,9.3,0.0,14.6,0.0,0.0,0.0,76.0
1747231440626,6.7,0.0,13.1,0.0,0.0,0.0,80.1
1747231442635,6.5,0.0,13.2,0.0,0.0,0.1,80.2
1747231444646,6.8,0.0,13.9,0.0,0.0,0.1,79.2
1747231446657,7.8,0.0,14.8,0.0,0.0,0.0,77.3
1747231448667,6.7,0.0,11.3,0.0,0.0,0.1,81.9
1747231450686,6.2,0.0,11.2,0.0,0.0,0.1,82.6
1747231452701,6.0,0.0,11.8,0.0,0.0,0.2,82.0
1747231454712,5.6,0.0,12.4,0.0,0.0,0.0,82.0
1747231456729,6.4,0.0,11.5,0.0,0.0,0.1,82.1
1747231458745,5.5,0.0,11.2,0.0,0.0,0.1,83.2
1747231460785,5.6,0.0,11.2,0.0,0.0,0.1,83.1
1747231462835,7.0,0.0,11.7,0.0,0.0,0.1,81.2
1747231464847,7.6,0.0,12.2,0.0,0.0,0.0,80.2
1747231466859,7.3,0.0,11.5,0.0,0.0,0.1,81.1
1747231468869,8.0,0.0,11.8,0.0,0.0,0.0,80.2
1747231470880,7.1,0.0,11.2,0.0,0.0,0.0,81.7
1747231472890,7.0,0.0,11.2,0.0,0.0,0.0,81.8
1747231474901,7.3,0.0,11.5,0.0,0.0,0.0,81.2
1747231476913,7.1,0.0,11.4,0.0,0.0,0.0,81.4
1747231478924,7.2,0.0,12.0,0.0,0.0,0.0,80.8
1747231480934,6.8,0.0,12.9,0.0,0.0,0.1,80.2
1747231482944,7.2,0.0,13.8,0.0,0.0,0.1,78.9
1747231484955,7.7,0.0,13.5,0.0,0.0,0.1,78.8
1747231486967,8.7,0.0,14.4,0.0,0.0,0.1,76.8
1747231488979,10.7,0.0,15.4,0.0,0.0,0.1,73.8
1747231490990,12.1,0.0,17.2,0.0,0.0,0.1,70.6
1747231493001,12.4,0.0,16.8,0.0,0.0,0.2,70.6
1747231495011,11.2,0.0,19.2,0.0,0.0,0.1,69.5
1747231497021,0.0,0.0,0.0,0.0,0.0,0.0,0.0
1747231499030,10.8,0.0,16.9,0.0,0.0,0.0,72.3
1747231501047,10.9,0.0,16.2,0.0,0.0,0.0,72.8
1747231503070,10.8,0.0,17.4,0.0,0.0,0.3,71.5
1747231505086,0.0,0.0,0.0,0.0,0.0,0.0,0.0
1747231507100,9.7,0.0,16.1,0.0,0.0,0.1,74.1
1747231509118,10.0,0.0,15.0,0.0,0.0,0.1,75.0
1747231511136,9.6,0.0,15.7,0.0,0.0,0.0,74.7
1747231513152,0.2,0.0,0.3,0.0,0.0,0.0,99.5
1747231515163,7.4,0.0,11.8,0.0,0.0,0.2,80.6
1747231517173,7.2,0.0,11.7,0.0,0.0,0.1,80.9
1747231519183,6.8,0.0,13.1,0.0,0.0,0.1,80.0
1747231521195,7.9,0.0,12.7,0.0,0.0,0.3,79.1
1747231523207,7.3,0.0,12.2,0.0,0.0,0.2,80.3
1747231525219,7.7,0.0,12.4,0.0,0.0,0.1,79.8
1747231527230,7.8,0.0,13.3,0.0,0.0,0.1,78.8
1747231529241,7.2,0.0,12.3,0.0,0.0,0.0,80.4
1747231531252,6.9,0.0,12.2,0.0,0.0,0.0,80.8
1747231533263,7.0,0.0,12.4,0.0,0.0,0.2,80.4
1747231535275,6.7,0.0,12.2,0.0,0.0,0.0,81.1
1747231537285,0.0,0.0,0.0,0.0,0.0,0.0,0.0
1747231539295,10.7,0.0,16.0,0.0,0.0,0.1,73.2
1747231541305,10.5,0.0,16.3,0.0,0.0,0.0,73.2
1747231543316,10.9,0.0,15.9,0.0,0.0,0.1,73.0
1747231545327,12.0,0.0,16.7,0.0,0.0,0.1,71.2
1747231547338,10.4,0.0,13.7,0.0,0.0,0.1,75.8
1747231549347,10.4,0.0,15.3,0.0,0.0,0.1,74.2
1747231551359,10.6,0.0,14.7,0.0,0.0,0.1,74.6
1747231553371,10.6,0.0,16.0,0.0,0.0,0.3,73.1
1747231555385,0.0,0.0,0.0,0.0,0.0,0.0,0.0
1747231557398,9.1,0.0,14.7,0.0,0.0,0.1,76.1
1747231559417,8.9,0.0,14.0,0.0,0.0,0.0,77.1
1747231561432,9.8,0.0,14.3,0.0,0.0,0.1,75.8
1747231563466,0.0,0.0,0.0,0.0,0.0,0.0,100.0
1747231565481,6.4,0.0,11.2,0.0,0.0,0.1,82.2
1747231567491,6.6,0.0,11.7,0.0,0.0,0.0,81.6
1747231569498,6.4,0.0,12.6,0.0,0.0,0.1,80.9
1747231571510,0.1,0.0,0.2,0.0,0.0,0.0,99.6
1747231573517,6.5,0.0,12.0,0.0,0.0,0.2,81.2
1747231575526,7.0,0.0,12.0,0.0,0.0,0.0,81.0
1747231577537,6.9,0.0,12.3,0.0,0.0,0.2,80.6
1747231579548,0.1,0.0,0.2,0.0,0.0,0.0,99.7
1747231581556,7.4,0.0,13.0,0.0,0.0,0.1,79.6
1747231583567,7.0,0.0,13.7,0.0,0.0,0.2,79.2
1747231585577,7.0,0.0,14.9,0.0,0.0,0.0,78.0
1747231587587,0.1,0.0,0.3,0.0,0.0,0.0,99.6
1747231589597,8.5,0.0,13.4,0.0,0.0,0.0,78.1
1747231591609,9.8,0.0,15.6,0.0,0.0,0.1,74.5
1747231593620,7.0,0.0,13.1,0.0,0.0,0.1,79.8
1747231595632,8.1,0.0,12.6,0.0,0.0,0.1,79.2
1747231597643,7.3,0.0,13.2,0.0,0.0,0.0,79.5
1747231599654,7.0,0.0,13.3,0.0,0.0,0.0,79.6
1747231601664,7.2,0.0,14.0,0.0,0.0,0.1,78.7
1747231603674,7.5,0.0,13.9,0.0,0.0,0.1,78.5
1747231605683,8.7,0.0,13.9,0.0,0.0,0.1,77.3
1747231607694,9.3,0.0,14.9,0.0,0.0,0.0,75.8
1747231609704,8.2,0.0,13.2,0.0,0.0,0.1,78.5
1747231611722,0.0,0.0,0.0,0.0,0.0,0.0,0.0
1747231613765,10.0,0.0,13.8,0.0,0.0,0.2,76.0
1747231615810,11.0,0.0,15.5,0.0,0.0,0.1,73.5
1747231617830,10.4,0.0,16.3,0.0,0.0,0.0,73.3
1747231619844,11.1,0.0,17.6,0.0,0.0,0.1,71.2
1747231621856,8.3,0.0,11.9,0.0,0.0,0.0,79.7
1747231623869,10.0,0.0,15.8,0.0,0.0,0.1,74.1
1747231625897,10.3,0.0,15.8,0.0,0.0,0.0,73.9
1747231627920,10.4,0.0,16.7,0.0,0.0,0.1,72.8
1747231629930,8.8,0.0,12.5,0.0,0.0,0.1,78.5
1747231631938,10.5,0.0,14.9,0.0,0.0,0.0,74.5
1747231633948,10.3,0.0,15.6,0.0,0.0,0.0,74.0
1747231635958,10.9,0.0,16.1,0.0,0.0,0.1,73.0
1747231637970,0.1,0.0,0.2,0.0,0.0,0.0,99.7
1747231639981,7.4,0.0,12.2,0.0,0.0,0.0,80.4
1747231641993,7.1,0.0,12.3,0.0,0.0,0.0,80.6
1747231644005,7.1,0.0,12.9,0.0,0.0,0.0,79.9
1747231646016,0.2,0.0,0.3,0.0,0.0,0.0,99.5
1747231648026,7.4,0.0,13.7,0.0,0.0,0.1,78.8
1747231650036,7.3,0.0,14.2,0.0,0.0,0.1,78.4
1747231652046,6.8,0.0,14.2,0.0,0.0,0.1,78.9
1747231654057,0.2,0.0,0.2,0.0,0.0,0.0,99.6
1747231656067,7.7,0.0,12.9,0.0,0.0,0.1,79.3
1747231658077,7.3,0.0,13.9,0.0,0.0,0.0,78.8
1747231660088,7.3,0.0,14.3,0.0,0.0,0.0,78.2
1747231662099,8.2,0.0,13.9,0.0,0.0,0.0,77.9
1747231664109,7.3,0.0,14.2,0.0,0.0,0.0,78.5
1747231666120,8.4,0.0,14.0,0.0,0.0,0.1,77.5
1747231668130,7.3,0.0,12.3,0.0,0.0,0.1,80.4
1747231670144,0.0,0.0,0.0,0.0,0.0,0.0,0.0
1747231672189,9.9,0.0,15.9,0.0,0.0,0.1,74.1
1747231674208,10.1,0.0,17.0,0.0,0.0,0.1,72.9
1747231676235,10.3,0.0,16.2,0.0,0.0,0.1,73.3
1747231678249,11.1,0.0,16.9,0.0,0.0,0.0,72.1
1747231680263,9.8,0.0,14.6,0.0,0.0,0.1,75.5
1747231682275,10.3,0.0,15.9,0.0,0.0,0.1,73.7
1747231684288,10.3,0.0,16.8,0.0,0.0,0.0,72.9
1747231686299,10.9,0.0,17.3,0.0,0.0,0.1,71.7
1747231688310,9.9,0.0,13.9,0.0,0.0,0.1,76.1
1747231690320,9.6,0.0,16.1,0.0,0.0,0.0,74.3
1747231692331,10.1,0.0,15.2,0.0,0.0,0.0,74.7
1747231694340,10.4,0.0,16.0,0.0,0.0,0.1,73.5
1747231696350,8.1,0.0,12.2,0.0,0.0,0.2,79.5
1747231698360,7.3,0.0,12.2,0.0,0.0,0.1,80.4
1747231700371,7.0,0.0,12.1,0.0,0.0,0.1,80.7
1747231702382,7.2,0.0,11.7,0.0,0.0,0.2,80.9
1747231704393,0.2,0.0,0.2,0.0,0.0,0.0,99.6
1747231706403,9.5,0.0,14.4,0.0,0.0,0.1,75.9
1747231708412,7.0,0.0,13.3,0.0,0.0,0.2,79.6
1747231710424,6.9,0.0,14.8,0.0,0.0,0.0,78.3
1747231712434,7.3,0.0,13.0,0.0,0.0,0.1,79.6
1747231714444,6.4,0.0,12.9,0.0,0.0,0.0,80.7
1747231716454,6.8,0.0,12.8,0.0,0.0,0.0,80.3
1747231718463,6.8,0.0,12.2,0.0,0.0,0.1,80.8
1747231720478,0.0,0.0,0.0,0.0,0.0,0.0,0.0
1747231722528,10.0,0.0,15.0,0.0,0.0,0.1,74.9
1747231724574,9.8,0.0,16.1,0.0,0.0,0.0,74.0
1747231726587,11.0,0.0,15.0,0.0,0.0,0.0,73.9
1747231728598,0.0,0.0,0.0,0.0,0.0,0.0,0.0
1747231730610,9.9,0.0,14.4,0.0,0.0,0.1,75.5
1747231732626,9.6,0.0,15.3,0.0,0.0,0.1,75.1
1747231734640,10.5,0.0,16.9,0.0,0.0,0.2,72.5
1747231736651,9.8,0.0,16.5,0.0,0.0,0.1,73.6
1747231738663,10.1,0.0,15.4,0.0,0.0,0.1,74.5
1747231740674,10.0,0.0,15.1,0.0,0.0,0.1,74.7
1747231742685,9.4,0.0,15.5,0.0,0.0,0.1,74.9
1747231744695,10.2,0.0,16.1,0.0,0.0,0.1,73.7
1747231746705,6.9,0.0,11.8,0.0,0.0,0.1,81.2
1747231748716,6.9,0.0,11.0,0.0,0.0,0.1,82.0
1747231750727,7.3,0.0,10.8,0.0,0.0,0.1,81.8
1747231752738,6.8,0.0,11.9,0.0,0.0,0.2,81.2
1747231754747,0.1,0.0,0.2,0.0,0.0,0.0,99.6
1747231756759,7.1,0.0,11.5,0.0,0.0,0.2,81.2
1747231758769,7.4,0.0,11.9,0.0,0.0,0.2,80.5
1747231760781,7.2,0.0,12.4,0.0,0.0,0.1,80.2
1747231762791,0.1,0.0,0.2,0.0,0.0,0.0,99.6
1747231764801,7.7,0.0,12.4,0.0,0.0,0.1,79.8
1747231766812,6.5,0.0,13.1,0.0,0.0,0.1,80.3
1747231768821,6.0,0.0,12.7,0.0,0.0,0.1,81.2
1747231770830,0.1,0.0,0.2,0.0,0.0,0.0,99.6
1747231772842,6.5,0.0,12.1,0.0,0.0,0.2,81.3
1747231774860,6.5,0.0,12.7,0.0,0.0,0.1,80.7
1747231776880,6.8,0.0,12.6,0.0,0.0,0.0,80.6
1747231778891,8.6,0.0,12.6,0.0,0.0,0.1,78.7
1747231780906,7.2,0.0,13.6,0.0,0.0,0.1,79.1
1747231782919,8.3,0.0,13.4,0.0,0.0,0.2,78.1
1747231784931,8.0,0.0,12.9,0.0,0.0,0.1,79.0
1747231786940,0.0,0.0,0.0,0.0,0.0,0.0,0.0
1747231788948,11.2,0.0,16.4,0.0,0.0,0.0,72.3
1747231790957,11.6,0.0,16.0,0.0,0.0,0.1,72.4
1747231792970,11.0,0.0,17.2,0.0,0.0,0.2,71.6
1747231794981,11.5,0.0,16.5,0.0,0.0,0.2,71.9
1747231796993,11.1,0.0,16.7,0.0,0.0,0.0,72.2
1747231799005,10.7,0.0,16.5,0.0,0.0,0.1,72.8
1747231801017,11.3,0.0,16.2,0.0,0.0,0.1,72.3
1747231803027,10.9,0.0,16.4,0.0,0.0,0.2,72.5
1747231805036,10.0,0.0,16.5,0.0,0.0,0.0,73.5
1747231807046,10.3,0.0,16.1,0.0,0.0,0.0,73.5
1747231809057,9.3,0.0,15.9,0.0,0.0,0.1,74.8
1747231811087,10.1,0.0,15.6,0.0,0.0,0.0,74.3
1747231813102,8.7,0.0,12.7,0.0,0.0,0.1,78.6
1747231815116,8.9,0.0,15.1,0.0,0.0,0.1,75.9
1747231817132,9.7,0.0,14.3,0.0,0.0,0.0,75.9
1747231819148,9.5,0.0,15.5,0.0,0.0,0.0,75.0
1747231821163,7.4,0.0,10.6,0.0,0.0,0.1,82.0
1747231823172,6.4,0.0,10.5,0.0,0.0,0.2,82.9
1747231825205,6.1,0.0,10.6,0.0,0.0,0.1,83.1
1747231827231,7.0,0.0,11.1,0.0,0.0,0.1,81.8
1747231829242,0.1,0.0,0.2,0.0,0.0,0.0,99.7
1747231831252,6.8,0.0,11.8,0.0,0.0,0.0,81.3
1747231833263,7.6,0.0,12.8,0.0,0.0,0.1,79.5
1747231835274,7.5,0.0,12.5,0.0,0.0,0.1,79.9
1747231837284,0.2,0.0,0.2,0.0,0.0,0.0,99.6
1747231839294,7.0,0.0,12.7,0.0,0.0,0.0,80.3
1747231841303,7.5,0.0,12.4,0.0,0.0,0.1,80.0
1747231843313,7.1,0.0,12.9,0.0,0.0,0.1,80.0
1747231845323,0.1,0.0,0.2,0.0,0.0,0.0,99.6
1747231847332,7.7,0.0,13.3,0.0,0.0,0.1,78.9
1747231849341,7.7,0.0,14.4,0.0,0.0,0.1,77.8
1747231851350,7.7,0.0,13.4,0.0,0.0,0.0,79.0
1747231853360,0.0,0.0,0.0,0.0,0.0,0.0,0.0
1747231855369,11.7,0.0,17.6,0.0,0.0,0.0,70.7
1747231857380,11.3,0.0,17.3,0.0,0.0,0.2,71.2
1747231859392,11.3,0.0,16.5,0.0,0.0,0.0,72.1
1747231861405,10.6,0.0,15.9,0.0,0.0,0.1,73.3
1747231863421,10.9,0.0,14.8,0.0,0.0,0.2,74.0
1747231865435,10.1,0.0,15.8,0.0,0.0,0.2,73.9
1747231867450,10.6,0.0,16.3,0.0,0.0,0.0,73.0
1747231869466,11.3,0.0,16.5,0.0,0.0,0.1,72.0
1747231871479,8.9,0.0,12.8,0.0,0.0,0.1,78.2
1747231873492,9.8,0.0,15.8,0.0,0.0,0.3,74.1
1747231875514,9.6,0.0,15.6,0.0,0.0,0.1,74.7
1747231877538,9.6,0.0,15.9,0.0,0.0,0.0,74.5
1747231879555,6.1,0.0,11.2,0.0,0.0,0.0,82.7
1747231881563,6.0,0.0,10.8,0.0,0.0,0.1,83.1
1747231883576,6.3,0.0,11.2,0.0,0.0,0.2,82.4
1747231885586,6.6,0.0,11.8,0.0,0.0,0.2,81.4
1747231887596,7.5,0.0,12.2,0.0,0.0,0.2,80.2
1747231889607,6.9,0.0,11.3,0.0,0.0,0.1,81.7
1747231891618,6.6,0.0,11.7,0.0,0.0,0.0,81.7
1747231893630,7.5,0.0,12.9,0.0,0.0,0.2,79.3
1747231895642,8.8,0.0,12.7,0.0,0.0,0.2,78.3
1747231897653,7.2,0.0,12.0,0.0,0.0,0.1,80.7
1747231899665,7.8,0.0,12.7,0.0,0.0,0.0,79.5
1747231901677,7.1,0.0,12.0,0.0,0.0,0.0,80.9
1747231903689,7.9,0.0,11.9,0.0,0.0,0.1,80.1
1747231905701,6.7,0.0,12.2,0.0,0.0,0.1,81.0
1747231907713,6.8,0.0,12.6,0.0,0.0,0.0,80.6
1747231909724,6.7,0.0,13.0,0.0,0.0,0.0,80.3
1747231911735,7.8,0.0,12.7,0.0,0.0,0.0,79.5
1747231913746,6.5,0.0,12.9,0.0,0.0,0.2,80.5
1747231915758,7.2,0.0,14.6,0.0,0.0,0.0,78.2
1747231917769,7.4,0.0,12.6,0.0,0.0,0.1,80.0
1747231919780,9.4,0.0,13.4,0.0,0.0,0.0,77.1
1747231921792,8.0,0.0,13.1,0.0,0.0,0.1,78.8
1747231923803,7.5,0.0,13.1,0.0,0.0,0.2,79.2
1747231925815,7.8,0.0,13.6,0.0,0.0,0.1,78.5
1747231927826,8.5,0.0,13.4,0.0,0.0,0.1,78.0
1747231929837,7.7,0.0,13.7,0.0,0.0,0.0,78.6
1747231931846,7.1,0.0,14.6,0.0,0.0,0.1,78.2
1747231933860,6.8,0.0,13.5,0.0,0.0,0.2,79.5
1747231935873,7.5,0.0,12.8,0.0,0.0,0.0,79.6
1747231937882,6.4,0.0,12.9,0.0,0.0,0.0,80.7
1747231939913,6.7,0.0,13.0,0.0,0.0,0.0,80.3
1747231941935,6.8,0.0,13.9,0.0,0.0,0.0,79.2
1747231943955,0.0,0.0,0.0,0.0,0.0,0.0,0.0
1747231945974,10.2,0.0,16.3,0.0,0.0,0.0,73.4
1747231947986,10.5,0.0,15.9,0.0,0.0,0.0,73.5
1747231949998,10.2,0.0,16.1,0.0,0.0,0.0,73.7
1747231952009,11.5,0.0,16.9,0.0,0.0,0.1,71.5
1747231954020,9.1,0.0,14.2,0.0,0.0,0.1,76.5
1747231956032,10.0,0.0,16.5,0.0,0.0,0.1,73.4
1747231958044,10.9,0.0,16.0,0.0,0.0,0.0,73.1
1747231960055,10.9,0.0,16.7,0.0,0.0,0.0,72.4
1747231962066,8.3,0.0,11.5,0.0,0.0,0.2,80.0
1747231964076,7.2,0.0,11.4,0.0,0.0,0.1,81.2
1747231966088,6.5,0.0,11.7,0.0,0.0,0.1,81.7
1747231968099,7.0,0.0,11.7,0.0,0.0,0.2,81.2
1747231970110,0.1,0.0,0.2,0.0,0.0,0.0,99.7
1747231972121,7.4,0.0,11.3,0.0,0.0,0.1,81.2
1747231974132,7.2,0.0,12.1,0.0,0.0,0.2,80.5
1747231976143,6.8,0.0,12.4,0.0,0.0,0.0,80.7
1747231978154,8.2,0.0,12.7,0.0,0.0,0.0,79.1
1747231980168,7.4,0.0,13.2,0.0,0.0,0.1,79.3
1747231982179,7.9,0.0,12.6,0.0,0.0,0.1,79.4
1747231984190,9.0,0.0,14.1,0.0,0.0,0.0,76.9
1747231986198,7.9,0.0,12.2,0.0,0.0,0.1,79.8
1747231988208,7.3,0.0,12.1,0.0,0.0,0.1,80.5
1747231990217,7.5,0.0,11.9,0.0,0.0,0.0,80.6
1747231992228,7.2,0.0,12.3,0.0,0.0,0.0,80.5
1747231994235,7.9,0.0,12.2,0.0,0.0,0.2,79.7
1747231996247,6.4,0.0,13.3,0.0,0.0,0.0,80.3
1747231998260,6.6,0.0,13.4,0.0,0.0,0.1,79.9
1747232000274,6.8,0.0,12.2,0.0,0.0,0.2,80.8
1747232002282,7.8,0.0,12.8,0.0,0.0,0.0,79.3
1747232004298,6.9,0.0,12.9,0.0,0.0,0.0,80.1
1747232006308,7.4,0.0,13.2,0.0,0.0,0.1,79.3
1747232008319,7.5,0.0,13.6,0.0,0.0,0.1,78.8
1747232010330,9.3,0.0,13.4,0.0,0.0,0.1,77.2
1747232012340,9.0,0.0,13.4,0.0,0.0,0.1,77.6
1747232014350,7.8,0.0,13.1,0.0,0.0,0.0,79.2
1747232016357,6.9,0.0,14.2,0.0,0.0,0.0,78.8
1747232018366,7.9,0.0,12.8,0.0,0.0,0.3,79.1
1747232020376,7.0,0.0,13.2,0.0,0.0,0.2,79.6
1747232022388,7.0,0.0,14.5,0.0,0.0,0.1,78.5
1747232024397,7.4,0.0,13.2,0.0,0.0,0.1,79.3
1747232026408,8.2,0.0,14.1,0.0,0.0,0.1,77.7
1747232028418,8.0,0.0,13.1,0.0,0.0,0.0,78.9
1747232030427,8.0,0.0,15.4,0.0,0.0,0.0,76.6
1747232032436,7.3,0.0,11.9,0.0,0.0,0.1,80.7
1747232034445,8.5,0.0,12.2,0.0,0.0,0.0,79.2
1747232036454,7.2,0.0,11.9,0.0,0.0,0.0,80.9
1747232038466,7.0,0.0,12.1,0.0,0.0,0.1,80.8
1747232040476,7.0,0.0,12.9,0.0,0.0,0.0,80.1
1747232042486,7.4,0.0,11.9,0.0,0.0,0.0,80.7
1747232044496,6.9,0.0,11.6,0.0,0.0,0.0,81.4
1747232046504,6.3,0.0,13.1,0.0,0.0,0.0,80.6
1747232048516,6.0,0.0,11.4,0.0,0.0,0.1,82.5
1747232050550,7.9,0.0,11.8,0.0,0.0,0.0,80.3
1747232052568,7.1,0.0,12.0,0.0,0.0,0.0,80.9
1747232054582,7.8,0.0,11.7,0.0,0.0,0.0,80.4
1747232056594,6.5,0.0,11.0,0.0,0.0,0.1,82.3
1747232058605,7.5,0.0,10.9,0.0,0.0,0.1,81.5
1747232060613,6.6,0.0,10.8,0.0,0.0,0.1,82.5
1747232062627,6.8,0.0,10.6,0.0,0.0,0.0,82.6
1747232064649,6.8,0.0,10.7,0.0,0.0,0.1,82.5
1747232066660,7.3,0.0,11.5,0.0,0.0,0.2,81.0
1747232068675,7.1,0.0,11.3,0.0,0.0,0.0,81.7
1747232070686,6.8,0.0,11.6,0.0,0.0,0.0,81.5
1747232072698,7.1,0.0,12.1,0.0,0.0,0.0,80.8
1747232074710,7.8,0.0,12.7,0.0,0.0,0.0,79.5
1747232076720,7.5,0.0,12.0,0.0,0.0,0.0,80.5
1747232078733,7.5,0.0,13.0,0.0,0.0,0.0,79.5
1747232080746,7.2,0.0,12.4,0.0,0.0,0.0,80.4
1747232082758,6.8,0.0,13.2,0.0,0.0,0.0,80.0
1747232084768,6.9,0.0,13.8,0.0,0.0,0.0,79.3
1747232086777,6.8,0.0,13.4,0.0,0.0,0.0,79.8
1747232088786,7.5,0.0,12.2,0.0,0.0,0.1,80.3
1747232090797,7.6,0.0,13.5,0.0,0.0,0.1,78.8
1747232092807,6.8,0.0,13.6,0.0,0.0,0.0,79.6
1747232094817,7.3,0.0,13.7,0.0,0.0,0.0,79.0
1747232096824,6.6,0.0,14.0,0.0,0.0,0.1,79.3
1747232098834,8.9,0.0,14.9,0.0,0.0,0.1,76.1
1747232100844,10.8,0.0,15.7,0.0,0.0,0.1,73.4
1747232102854,11.4,0.0,15.7,0.0,0.0,0.1,72.9
1747232104877,9.8,0.0,16.0,0.0,0.0,0.0,74.2
1747232106900,10.4,0.0,16.4,0.0,0.0,0.0,73.1
1747232108931,0.0,0.0,0.0,0.0,0.0,0.0,0.0
1747232110949,9.6,0.0,15.6,0.0,0.0,0.1,74.7
1747232112972,9.9,0.0,15.4,0.0,0.0,0.1,74.6
1747232114993,9.3,0.0,15.9,0.0,0.0,0.0,74.8
1747232117014,0.0,0.0,0.0,0.0,0.0,0.0,0.0
1747232119034,9.4,0.0,14.3,0.0,0.0,0.0,76.3
1747232121049,9.3,0.0,14.4,0.0,0.0,0.1,76.1
1747232123065,9.2,0.0,14.1,0.0,0.0,0.1,76.5
1747232125082,0.0,0.0,0.0,0.0,0.0,0.0,99.9
1747232127096,6.1,0.0,10.8,0.0,0.0,0.1,83.0
1747232129108,6.5,0.0,10.8,0.0,0.0,0.0,82.6
1747232131119,6.4,0.0,11.1,0.0,0.0,0.1,82.5
1747232133131,0.0,0.0,0.0,0.0,0.0,0.0,0.0
1747232135142,10.4,0.0,14.0,0.0,0.0,0.0,75.6
1747232137153,9.4,0.0,15.6,0.0,0.0,0.1,74.9
1747232139164,10.1,0.0,14.4,0.0,0.0,0.0,75.5
1747232141174,9.9,0.0,16.2,0.0,0.0,0.0,73.8
1747232143184,8.2,0.0,11.0,0.0,0.0,0.3,80.5
1747232145194,7.2,0.0,10.8,0.0,0.0,0.1,81.8
1747232147205,6.7,0.0,11.5,0.0,0.0,0.0,81.7
1747232149216,7.0,0.0,12.2,0.0,0.0,0.0,80.8
1747232151227,0.1,0.0,0.2,0.0,0.0,0.0,99.7
1747232153239,7.3,0.0,12.2,0.0,0.0,0.3,80.2
1747232155249,7.3,0.0,12.9,0.0,0.0,0.2,79.7
1747232157260,7.0,0.0,13.5,0.0,0.0,0.0,79.5
1747232159271,0.2,0.0,0.2,0.0,0.0,0.0,99.6
1747232161279,7.3,0.0,12.9,0.0,0.0,0.1,79.7
1747232163301,6.9,0.0,13.3,0.0,0.0,0.3,79.5
1747232165307,6.9,0.0,14.5,0.0,0.0,0.2,78.4
1747232167316,0.1,0.0,0.2,0.0,0.0,0.0,99.6
1747232169324,7.5,0.0,16.0,0.0,0.0,0.1,76.5
1747232171332,7.0,0.0,13.9,0.0,0.0,0.1,79.0
1747232173371,6.2,0.0,14.8,0.0,0.0,0.2,78.8
1747232175391,0.0,0.0,0.0,0.0,0.0,0.0,0.0
1747232177413,10.9,0.0,16.8,0.0,0.0,0.0,72.2
1747232179429,11.7,0.0,16.1,0.0,0.0,0.0,72.2
1747232181438,11.7,0.0,16.7,0.0,0.0,0.0,71.6
1747232183447,12.1,0.0,17.4,0.0,0.0,0.1,70.4
1747232185457,9.5,0.0,15.1,0.0,0.0,0.1,75.3
1747232187465,10.6,0.0,16.6,0.0,0.0,0.1,72.8
1747232189478,10.4,0.0,16.9,0.0,0.0,0.0,72.7
1747232191489,11.6,0.0,17.3,0.0,0.0,0.0,71.0
1747232193501,8.3,0.0,11.8,0.0,0.0,0.2,79.7
1747232195512,6.8,0.0,12.2,0.0,0.0,0.0,80.9
1747232197523,6.9,0.0,12.8,0.0,0.0,0.1,80.2
1747232199534,7.5,0.0,12.1,0.0,0.0,0.2,80.2
1747232201544,7.6,0.0,11.9,0.0,0.0,0.1,80.4
1747232203555,6.8,0.0,11.4,0.0,0.0,0.2,81.5
1747232205565,6.1,0.0,12.3,0.0,0.0,0.0,81.6
1747232207574,7.7,0.0,13.6,0.0,0.0,0.1,78.5
1747232209586,7.6,0.0,11.4,0.0,0.0,0.0,81.0
1747232211597,6.7,0.0,12.8,0.0,0.0,0.1,80.4
1747232213609,8.4,0.0,13.1,0.0,0.0,0.3,78.2
1747232215627,7.3,0.0,11.3,0.0,0.0,0.0,81.3
1747232217635,7.7,0.0,12.4,0.0,0.0,0.0,79.9
1747232219644,6.4,0.0,12.0,0.0,0.0,0.0,81.6
1747232221657,6.9,0.0,12.3,0.0,0.0,0.1,80.7
1747232223671,6.9,0.0,12.8,0.0,0.0,0.2,80.0
1747232225695,7.8,0.0,13.3,0.0,0.0,0.1,78.8
1747232227706,6.9,0.0,13.3,0.0,0.0,0.0,79.8
1747232229717,7.5,0.0,13.8,0.0,0.0,0.1,78.6
1747232231728,8.1,0.0,13.2,0.0,0.0,0.0,78.7
1747232233738,8.0,0.0,13.8,0.0,0.0,0.2,78.0
1747232235749,7.5,0.0,13.7,0.0,0.0,0.0,78.7
1747232237758,7.2,0.0,14.6,0.0,0.0,0.1,78.2
1747232239766,7.0,0.0,14.1,0.0,0.0,0.0,78.9
1747232241776,7.4,0.0,13.6,0.0,0.0,0.1,78.9
1747232243788,6.6,0.0,13.4,0.0,0.0,0.1,79.8
1747232245799,7.6,0.0,15.4,0.0,0.0,0.0,77.0
1747232247809,9.1,0.0,15.9,0.0,0.0,0.0,75.0
1747232249818,8.4,0.0,13.4,0.0,0.0,0.1,78.1
1747232251825,6.9,0.0,13.0,0.0,0.0,0.0,80.1
1747232253834,6.4,0.0,12.6,0.0,0.0,0.1,80.9
1747232255843,6.6,0.0,13.3,0.0,0.0,0.1,80.1
1747232257853,7.3,0.0,11.3,0.0,0.0,0.2,81.2
1747232259868,6.0,0.0,10.8,0.0,0.0,0.1,83.2
1747232261889,6.2,0.0,11.2,0.0,0.0,0.0,82.5
1747232263897,6.6,0.0,11.1,0.0,0.0,0.2,82.1
1747232265910,0.0,0.0,0.0,0.0,0.0,0.0,0.0
1747232267949,10.1,0.0,16.7,0.0,0.0,0.0,73.2
1747232269989,10.4,0.0,15.0,0.0,0.0,0.0,74.6
