timestamp_ms,usr%,nice%,sys%,iowait%,irq%,soft%,steal%,idle%
1747229047644,5.6,0.0,10.5,0.0,0.0,0.1,83.9
1747229049656,6.7,0.0,10.5,0.0,0.0,0.3,82.5
1747229051668,5.2,0.0,10.9,0.0,0.0,0.3,83.5
1747229053678,5.8,0.0,10.5,0.0,0.0,0.3,83.4
1747229055690,5.4,0.0,10.8,0.0,0.0,0.2,83.6
1747229057701,6.5,0.0,10.0,0.0,0.0,0.1,83.3
1747229059712,5.7,0.0,10.1,0.0,0.0,0.2,84.0
1747229061724,5.5,0.0,10.6,0.0,0.0,0.2,83.7
1747229063735,5.5,0.0,10.9,0.0,0.0,0.1,83.5
1747229065745,6.7,0.0,10.6,0.0,0.0,0.1,82.5
1747229067756,6.4,0.0,12.0,0.0,0.0,0.0,81.7
1747229069766,5.5,0.0,10.2,0.0,0.0,0.2,84.2
1747229071777,5.6,0.0,9.9,0.0,0.0,0.1,84.4
1747229073787,6.6,0.0,9.8,0.0,0.0,0.2,83.4
1747229075796,5.6,0.0,10.5,0.0,0.0,0.2,83.7
1747229077805,5.2,0.0,11.8,0.0,0.0,0.2,82.8
1747229079815,5.4,0.0,10.6,0.0,0.0,0.0,84.0
1747229081825,6.5,0.0,9.8,0.0,0.0,0.1,83.6
1747229083836,5.3,0.0,9.8,0.0,0.0,0.0,84.9
1747229085847,5.3,0.0,9.7,0.0,0.0,0.2,84.8
1747229087863,5.4,0.0,9.6,0.0,0.0,0.2,84.8
1747229089880,6.8,0.0,10.8,0.0,0.0,0.1,82.3
1747229091894,6.0,0.0,9.6,0.0,0.0,0.0,84.3
1747229093908,5.9,0.0,10.0,0.0,0.0,0.1,84.0
1747229095918,5.7,0.0,10.1,0.0,0.0,0.2,83.9
1747229097928,6.7,0.0,10.8,0.0,0.0,0.1,82.4
1747229099941,6.0,0.0,9.8,0.2,0.0,0.2,83.8
1747229101952,5.6,0.0,10.3,0.0,0.0,0.0,84.1
1747229103963,5.7,0.0,10.4,0.0,0.0,0.1,83.8
1747229105974,6.5,0.0,11.3,0.0,0.0,0.1,82.1
1747229107984,6.0,0.0,10.7,0.0,0.0,0.0,83.3
1747229109994,5.8,0.0,10.7,0.0,0.0,0.1,83.4
1747229112005,5.5,0.0,10.3,0.0,0.0,0.0,84.1
1747229114015,7.8,0.0,11.3,0.0,0.0,0.2,80.7
1747229116025,6.4,0.0,10.5,0.0,0.0,0.2,82.9
1747229118037,6.5,0.0,11.2,0.0,0.0,0.1,82.2
1747229120048,6.0,0.0,10.3,0.0,0.0,0.1,83.5
1747229122058,7.1,0.0,10.3,0.0,0.0,0.2,82.3
1747229124067,6.1,0.0,9.8,0.0,0.0,0.1,84.0
1747229126076,5.9,0.0,10.1,0.0,0.0,0.4,83.5
1747229128086,5.4,0.0,10.7,0.0,0.0,0.1,83.8
1747229130097,7.0,0.0,10.5,0.0,0.0,0.1,82.4
1747229132107,5.6,0.0,10.5,0.0,0.0,0.1,83.8
1747229134117,5.7,0.0,11.2,0.0,0.0,0.1,83.0
1747229136127,5.8,0.0,11.1,0.0,0.0,0.2,83.0
1747229138137,6.8,0.0,11.2,0.0,0.0,0.1,81.9
1747229140147,6.9,0.0,12.1,0.0,0.0,0.0,81.0
1747229142158,6.1,0.0,10.6,0.0,0.0,0.1,83.2
1747229144168,6.2,0.0,10.0,0.0,0.0,0.2,83.6
1747229146179,6.2,0.0,10.6,0.0,0.0,0.1,83.1
1747229148189,5.5,0.0,11.1,0.0,0.0,0.1,83.4
1747229150199,6.1,0.0,9.8,0.0,0.0,0.2,84.0
1747229152207,5.3,0.0,10.2,0.0,0.0,0.2,84.4
1747229154215,0.0,0.0,0.0,0.0,0.0,0.0,0.0
1747229156228,6.9,0.0,11.1,0.0,0.0,0.2,81.8
1747229158263,8.0,0.0,12.8,0.0,0.0,0.1,79.1
1747229160281,8.2,0.0,12.6,0.0,0.0,0.2,79.1
1747229162293,8.7,0.0,13.9,0.0,0.0,0.0,77.4
1747229164307,8.1,0.0,11.7,0.0,0.0,0.2,80.0
1747229166320,8.2,0.0,12.5,0.0,0.0,0.2,79.1
1747229168332,8.7,0.0,12.1,0.0,0.0,0.1,79.1
1747229170344,9.0,0.0,13.1,0.0,0.0,0.0,77.9
1747229172356,8.9,0.0,11.3,0.0,0.0,0.1,79.6
1747229174373,7.4,0.0,12.2,0.0,0.0,0.1,80.2
1747229176384,7.4,0.0,12.1,0.0,0.0,0.1,80.3
1747229178395,7.9,0.0,11.5,0.0,0.0,0.1,80.5
1747229180406,0.0,0.0,0.0,0.0,0.0,0.0,100.0
1747229182417,6.0,0.0,9.3,0.0,0.0,0.1,84.5
1747229184428,5.8,0.0,9.6,0.0,0.0,0.1,84.5
1747229186438,5.8,0.0,9.4,0.0,0.0,0.1,84.6
1747229188448,0.2,0.0,0.3,0.0,0.0,0.0,99.5
1747229190459,5.9,0.0,9.9,0.0,0.0,0.1,84.1
1747229192469,5.5,0.0,10.9,0.0,0.0,0.1,83.5
1747229194479,5.9,0.0,10.3,0.0,0.0,0.2,83.6
1747229196491,6.1,0.0,10.1,0.0,0.0,0.2,83.7
1747229198501,6.2,0.0,10.5,0.0,0.0,0.2,83.2
1747229200512,6.5,0.0,10.6,0.0,0.0,0.2,82.7
1747229202523,6.1,0.0,11.6,0.0,0.0,0.1,82.3
1747229204534,6.1,0.0,11.6,0.0,0.0,0.2,82.1
1747229206545,6.2,0.0,12.3,0.0,0.0,0.1,81.5
1747229208554,6.0,0.0,11.8,0.0,0.0,0.1,82.0
1747229210564,6.0,0.0,11.4,0.0,0.0,0.2,82.4
1747229212574,6.0,0.0,11.4,0.0,0.0,0.1,82.4
1747229214583,6.3,0.0,11.0,0.0,0.0,0.2,82.5
1747229216592,6.7,0.0,11.3,0.0,0.0,0.1,81.9
1747229218602,7.0,0.0,11.2,0.0,0.0,0.1,81.7
1747229220612,7.0,0.0,11.5,0.0,0.0,0.2,81.3
1747229222624,6.3,0.0,11.1,0.0,0.0,0.1,82.5
1747229224634,6.5,0.0,11.8,0.0,0.0,0.1,81.7
1747229226643,6.4,0.0,11.2,0.0,0.0,0.1,82.2
1747229228655,6.5,0.0,11.1,0.0,0.0,0.3,82.1
1747229230664,5.8,0.0,11.9,0.0,0.0,0.1,82.2
1747229232676,5.6,0.0,12.3,0.0,0.0,0.1,82.0
1747229234691,6.6,0.0,10.2,0.0,0.0,0.1,83.1
1747229236707,6.6,0.0,11.9,0.0,0.0,0.2,81.3
1747229238718,5.8,0.0,12.1,0.0,0.0,0.3,81.8
1747229240729,6.4,0.0,11.9,0.0,0.0,0.2,81.6
1747229242741,6.9,0.0,12.4,0.0,0.0,0.0,80.6
1747229244752,6.6,0.0,12.4,0.0,0.0,0.1,80.9
1747229246763,7.7,0.0,12.1,0.0,0.0,0.2,80.0
1747229248774,6.8,0.0,11.4,0.0,0.0,0.1,81.8
1747229250786,6.8,0.0,11.5,0.0,0.0,0.2,81.4
1747229252797,6.3,0.0,11.5,0.0,0.0,0.1,82.0
1747229254808,6.2,0.0,11.7,0.0,0.0,0.1,82.0
1747229256818,6.3,0.0,12.0,0.0,0.0,0.1,81.7
1747229258829,6.0,0.0,11.9,0.0,0.0,0.1,81.9
1747229260839,6.3,0.0,12.0,0.0,0.0,0.2,81.5
1747229262850,6.1,0.0,11.6,0.0,0.0,0.1,82.1
1747229264860,5.9,0.0,12.3,0.0,0.0,0.2,81.5
1747229266872,7.1,0.0,11.7,0.0,0.0,0.1,81.1
1747229268884,7.8,0.0,12.8,0.0,0.0,0.1,79.2
1747229270895,10.2,0.0,13.8,0.0,0.0,0.2,75.8
1747229272905,8.8,0.0,14.2,0.0,0.0,0.1,76.9
1747229274917,9.1,0.0,14.5,0.0,0.0,0.2,76.2
1747229276929,9.9,0.0,14.9,0.0,0.0,0.2,75.0
1747229278941,0.0,0.0,0.0,0.0,0.0,0.0,0.0
1747229280952,8.7,0.0,13.9,0.0,0.0,0.2,77.2
1747229282964,8.3,0.0,13.4,0.0,0.0,0.1,78.2
1747229284980,8.3,0.0,13.2,0.0,0.0,0.2,78.3
1747229286996,0.0,0.0,0.0,0.0,0.0,0.0,0.0
1747229289010,8.3,0.0,11.7,0.0,0.0,0.1,79.9
1747229291026,8.1,0.0,12.4,0.0,0.0,0.2,79.3
1747229293039,7.8,0.0,12.2,0.0,0.0,0.0,80.0
1747229295052,0.1,0.0,0.1,0.0,0.0,0.0,99.8
1747229297062,6.0,0.0,9.5,0.0,0.0,0.2,84.3
1747229299071,5.8,0.0,9.8,0.0,0.0,0.1,84.3
1747229301089,5.4,0.0,9.5,0.0,0.0,0.3,84.8
1747229303099,6.4,0.0,9.4,0.0,0.0,0.1,84.0
1747229305110,5.8,0.0,11.8,0.0,0.0,0.3,82.1
1747229307121,6.9,0.0,10.4,0.0,0.0,0.2,82.5
1747229309131,6.7,0.0,11.2,0.0,0.0,0.0,82.1
1747229311144,5.7,0.0,11.2,0.0,0.0,0.3,82.8
1747229313154,5.8,0.0,11.8,0.0,0.0,0.1,82.2
1747229315165,6.1,0.0,11.6,0.0,0.0,0.3,82.1
1747229317175,6.6,0.0,11.3,0.0,0.0,0.0,82.0
1747229319184,6.1,0.0,11.9,0.0,0.0,0.1,82.0
1747229321196,5.9,0.0,11.3,0.0,0.0,0.3,82.5
1747229323208,6.1,0.0,10.9,0.0,0.0,0.0,83.0
1747229325219,6.3,0.0,10.4,0.0,0.0,0.3,82.9
1747229327229,6.4,0.0,12.0,0.0,0.0,0.1,81.6
1747229329238,6.2,0.0,10.8,0.0,0.0,0.1,82.9
1747229331249,5.7,0.0,11.0,0.0,0.0,0.3,82.9
1747229333260,6.2,0.0,10.6,0.0,0.0,0.1,83.1
1747229335271,6.3,0.0,11.0,0.0,0.0,0.2,82.5
1747229337283,6.5,0.0,10.7,0.0,0.0,0.1,82.7
1747229339295,6.1,0.0,11.5,0.0,0.0,0.1,82.3
1747229341305,5.6,0.0,11.6,0.0,0.0,0.1,82.6
1747229343316,6.3,0.0,11.5,0.0,0.0,0.1,82.1
1747229345326,7.1,0.0,10.6,0.0,0.0,0.0,82.3
1747229347336,6.5,0.0,11.0,0.0,0.0,0.1,82.4
1747229349345,6.5,0.0,10.9,0.0,0.0,0.2,82.5
1747229351356,6.6,0.0,11.1,0.0,0.0,0.4,81.9
1747229353371,9.8,0.0,13.2,0.0,0.0,0.1,76.9
1747229355400,7.7,0.0,12.9,0.0,0.0,0.2,79.3
1747229357420,8.2,0.0,12.8,0.0,0.0,0.2,78.8
1747229359436,9.0,0.0,12.6,0.0,0.0,0.1,78.4
1747229361453,0.0,0.0,0.0,0.0,0.0,0.0,0.0
1747229363467,8.1,0.0,12.5,0.0,0.0,0.2,79.2
1747229365478,8.1,0.0,12.9,0.0,0.0,0.1,78.9
1747229367493,8.8,0.0,11.9,0.0,0.0,0.2,79.2
1747229369507,8.3,0.0,13.5,0.0,0.0,0.0,78.2
1747229371518,6.5,0.0,9.3,0.0,0.0,0.2,84.0
1747229373526,6.3,0.0,9.8,0.0,0.0,0.2,83.7
1747229375537,6.2,0.0,9.8,0.0,0.0,0.1,84.0
1747229377546,6.9,0.0,10.3,0.0,0.0,0.1,82.7
1747229379558,7.3,0.0,10.2,0.0,0.0,0.2,82.4
1747229381569,6.8,0.0,10.8,0.0,0.0,0.2,82.2
1747229383580,7.0,0.0,10.5,0.0,0.0,0.2,82.4
1747229385592,6.9,0.0,11.6,0.0,0.0,0.1,81.4
1747229387603,7.4,0.0,11.0,0.0,0.0,0.0,81.6
1747229389614,6.4,0.0,11.7,0.0,0.0,0.0,81.8
1747229391625,7.0,0.0,11.2,0.0,0.0,0.2,81.6
1747229393636,7.1,0.0,11.6,0.0,0.0,0.1,81.2
1747229395646,6.2,0.0,11.4,0.0,0.0,0.1,82.3
1747229397656,7.0,0.0,10.8,0.0,0.0,0.2,81.9
1747229399667,6.6,0.0,11.8,0.0,0.0,0.1,81.5
1747229401677,7.1,0.0,11.8,0.0,0.0,0.2,80.8
1747229403686,6.6,0.0,11.9,0.0,0.0,0.2,81.4
1747229405696,6.7,0.0,12.1,0.0,0.0,0.1,81.1
1747229407707,6.7,0.0,11.8,0.0,0.0,0.1,81.4
1747229409718,6.4,0.0,12.6,0.0,0.0,0.2,80.8
1747229411732,6.9,0.0,10.9,0.0,0.0,0.2,81.9
1747229413740,6.5,0.0,12.3,0.0,0.0,0.2,81.0
1747229415749,6.4,0.0,12.1,0.0,0.0,0.1,81.4
1747229417761,6.4,0.0,12.0,0.0,0.0,0.1,81.4
1747229419773,6.3,0.0,12.2,0.0,0.0,0.2,81.3
1747229421785,6.8,0.0,13.1,0.0,0.0,0.2,79.9
1747229423796,5.9,0.0,12.8,0.0,0.0,0.2,81.0
1747229425808,6.4,0.0,12.9,0.0,0.0,0.3,80.3
1747229427819,7.0,0.0,12.1,0.0,0.0,0.4,80.4
1747229429834,6.1,0.0,11.2,0.0,0.0,0.1,82.7
1747229431859,5.4,0.0,11.9,0.0,0.0,0.1,82.6
1747229433871,6.9,0.0,11.1,0.0,0.0,0.1,82.0
1747229435880,7.5,0.0,10.3,0.0,0.0,0.2,82.0
1747229437889,6.1,0.0,10.9,0.0,0.0,0.0,82.9
1747229439898,6.4,0.0,11.4,0.0,0.0,0.0,82.2
1747229441910,6.2,0.0,10.9,0.0,0.0,0.2,82.7
1747229443926,6.5,0.0,10.5,0.0,0.0,0.3,82.7
1747229445949,8.1,0.0,14.2,0.0,0.0,0.1,77.7
1747229447964,8.6,0.0,13.0,0.0,0.0,0.0,78.4
1747229449976,9.4,0.0,13.0,0.0,0.0,0.1,77.4
1747229451988,0.0,0.0,0.0,0.0,0.0,0.0,0.0
1747229453999,8.8,0.0,13.3,0.0,0.0,0.2,77.7
1747229456011,9.0,0.0,13.3,0.0,0.0,0.2,77.5
1747229458023,8.9,0.0,13.3,0.0,0.0,0.1,77.7
1747229460035,8.9,0.0,13.9,0.0,0.0,0.2,77.0
1747229462048,8.0,0.0,11.1,0.0,0.0,0.1,80.9
1747229464058,8.2,0.0,13.0,0.0,0.0,0.2,78.6
1747229466070,8.6,0.0,12.2,0.0,0.0,0.2,78.9
1747229468082,8.4,0.0,13.8,0.0,0.0,0.1,77.6
1747229470093,6.8,0.0,9.8,0.0,0.0,0.1,83.3
1747229472102,6.0,0.0,9.7,0.0,0.0,0.1,84.2
1747229474113,6.1,0.0,9.7,0.0,0.0,0.1,84.0
1747229476124,5.8,0.0,10.6,0.0,0.0,0.1,83.4
1747229478134,7.3,0.0,10.2,0.0,0.0,0.1,82.4
1747229480144,6.3,0.0,10.6,0.0,0.0,0.0,83.1
1747229482154,6.1,0.0,10.9,0.0,0.0,0.1,83.0
1747229484163,6.9,0.0,11.1,0.0,0.0,0.2,81.9
1747229486174,0.2,0.0,0.3,0.0,0.0,0.0,99.5
1747229488185,7.1,0.0,11.4,0.0,0.0,0.0,81.5
1747229490194,7.3,0.0,12.1,0.0,0.0,0.1,80.5
1747229492203,6.7,0.0,11.9,0.0,0.0,0.0,81.4
1747229494212,0.2,0.0,0.2,0.0,0.0,0.0,99.6
1747229496221,6.8,0.0,11.1,0.0,0.0,0.1,81.9
1747229498229,6.2,0.0,12.4,0.0,0.0,0.0,81.3
1747229500237,6.5,0.0,11.8,0.0,0.0,0.0,81.6
1747229502246,7.2,0.0,11.6,0.0,0.0,0.1,81.1
1747229504254,6.5,0.0,11.5,0.0,0.0,0.1,81.9
1747229506262,6.7,0.0,11.4,0.0,0.0,0.1,81.8
1747229508280,6.2,0.0,11.8,0.0,0.0,0.1,81.8
1747229510289,7.2,0.0,11.9,0.0,0.0,0.1,80.9
1747229512300,6.4,0.0,11.7,0.0,0.0,0.0,81.8
1747229514312,7.2,0.0,12.4,0.0,0.0,0.1,80.3
1747229516323,7.8,0.0,12.6,0.0,0.0,0.1,79.5
1747229518335,8.1,0.0,12.0,0.0,0.0,0.0,80.0
1747229520346,6.5,0.0,11.8,0.0,0.0,0.1,81.6
1747229522358,6.3,0.0,11.7,0.0,0.0,0.1,81.9
1747229524370,6.9,0.0,11.7,0.0,0.0,0.1,81.4
1747229526381,7.5,0.0,11.8,0.0,0.0,0.2,80.5
1747229528396,7.0,0.0,12.1,0.0,0.0,0.0,80.9
1747229530409,6.1,0.0,13.7,0.0,0.0,0.1,80.0
1747229532420,7.1,0.0,12.4,0.0,0.0,0.0,80.4
1747229534431,7.4,0.0,12.0,0.0,0.0,0.1,80.4
1747229536442,6.7,0.0,12.2,0.0,0.0,0.2,80.9
1747229538452,7.0,0.0,12.4,0.0,0.0,0.1,80.6
1747229540460,6.6,0.0,12.8,0.0,0.0,0.0,80.6
1747229542470,8.0,0.0,11.2,0.0,0.0,0.0,80.8
1747229544481,6.4,0.0,12.2,0.0,0.0,0.2,81.3
1747229546490,6.8,0.0,11.1,0.0,0.0,0.2,82.0
1747229548502,6.8,0.0,11.8,0.0,0.0,0.1,81.4
1747229550515,7.2,0.0,11.1,0.0,0.0,0.0,81.7
1747229552526,6.0,0.0,11.1,0.0,0.0,0.1,82.8
1747229554539,6.3,0.0,12.0,0.0,0.0,0.0,81.7
1747229556551,6.1,0.0,11.9,0.0,0.0,0.1,81.8
1747229558562,6.7,0.0,11.8,0.0,0.0,0.1,81.3
1747229560571,6.4,0.0,11.8,0.0,0.0,0.0,81.8
1747229562581,7.1,0.0,11.9,0.0,0.0,0.1,80.8
1747229564593,7.3,0.0,11.5,0.0,0.0,0.0,81.1
1747229566601,8.6,0.0,13.1,0.0,0.0,0.1,78.1
1747229568614,6.3,0.0,10.8,0.0,0.0,0.1,82.8
1747229570630,6.5,0.0,11.4,0.0,0.0,0.1,82.0
1747229572639,6.9,0.0,10.8,0.0,0.0,0.1,82.2
1747229574651,7.7,0.0,11.1,0.0,0.0,0.1,81.1
1747229576673,5.9,0.0,11.3,0.0,0.0,0.1,82.6
1747229578692,6.3,0.0,10.3,0.0,0.0,0.1,83.3
1747229580704,6.5,0.0,11.2,0.0,0.0,0.1,82.2
1747229582735,7.1,0.0,11.3,0.0,0.0,0.0,81.5
1747229584747,6.6,0.0,11.9,0.0,0.0,0.0,81.5
1747229586756,7.2,0.0,12.0,0.0,0.0,0.2,80.5
1747229588766,7.5,0.0,12.0,0.0,0.0,0.2,80.3
1747229590777,8.1,0.0,12.5,0.0,0.0,0.1,79.3
1747229592788,7.6,0.0,11.3,0.0,0.0,0.0,81.0
1747229594798,7.0,0.0,11.5,0.0,0.0,0.1,81.4
1747229596809,7.3,0.0,12.1,0.0,0.0,0.0,80.5
1747229598818,7.8,0.0,11.8,0.0,0.0,0.1,80.3
1747229600827,10.4,0.0,15.5,0.0,0.0,0.0,74.0
1747229602839,10.0,0.0,15.4,0.0,0.0,0.1,74.6
1747229604851,10.2,0.0,15.2,0.0,0.0,0.1,74.5
1747229606861,0.0,0.0,0.0,0.0,0.0,0.0,0.0
1747229608871,9.3,0.0,15.1,0.0,0.0,0.1,75.4
1747229610883,9.3,0.0,15.7,0.0,0.0,0.1,74.8
1747229612898,9.7,0.0,14.3,0.0,0.0,0.1,75.9
1747229614915,9.6,0.0,15.1,0.0,0.0,0.0,75.3
1747229616926,9.2,0.0,13.8,0.0,0.0,0.1,76.9
1747229618938,9.3,0.0,14.2,0.0,0.0,0.0,76.4
1747229620951,9.1,0.0,14.0,0.0,0.0,0.1,76.7
1747229622963,9.8,0.0,13.9,0.0,0.0,0.1,76.1
1747229624974,6.7,0.0,10.1,0.0,0.0,0.2,83.0
1747229626984,6.5,0.0,10.8,0.0,0.0,0.1,82.7
1747229628994,6.1,0.0,11.2,0.0,0.0,0.1,82.7
1747229631006,6.9,0.0,11.1,0.0,0.0,0.2,81.9
1747229633016,6.5,0.0,11.1,0.0,0.0,0.1,82.3
1747229635024,6.3,0.0,11.6,0.0,0.0,0.1,82.0
1747229637037,6.2,0.0,11.2,0.0,0.0,0.0,82.6
1747229639048,6.7,0.0,12.6,0.0,0.0,0.1,80.6
1747229641056,6.6,0.0,11.9,0.0,0.0,0.0,81.5
1747229643063,7.7,0.0,12.0,0.0,0.0,0.1,80.2
1747229645071,6.3,0.0,13.1,0.0,0.0,0.1,80.4
1747229647079,7.1,0.0,11.8,0.0,0.0,0.1,81.0
1747229649090,7.0,0.0,11.5,0.0,0.0,0.1,81.4
1747229651101,6.9,0.0,11.2,0.0,0.0,0.2,81.6
1747229653111,7.1,0.0,11.4,0.0,0.0,0.2,81.3
1747229655121,6.8,0.0,12.7,0.0,0.0,0.1,80.5
1747229657131,7.5,0.0,12.1,0.0,0.0,0.1,80.3
1747229659140,6.7,0.0,11.8,0.0,0.0,0.0,81.4
1747229661149,6.2,0.0,12.1,0.0,0.0,0.2,81.5
1747229663160,7.0,0.0,12.3,0.0,0.0,0.1,80.6
1747229665170,7.5,0.0,11.8,0.0,0.0,0.1,80.6
1747229667180,7.3,0.0,13.0,0.0,0.0,0.1,79.6
1747229669190,7.4,0.0,12.1,0.0,0.0,0.2,80.3
1747229671200,7.4,0.0,13.3,0.0,0.0,0.1,79.1
1747229673209,7.8,0.0,11.4,0.0,0.0,0.1,80.6
1747229675217,7.0,0.0,12.5,0.0,0.0,0.1,80.4
1747229677227,7.4,0.0,12.0,0.0,0.0,0.1,80.5
1747229679238,7.3,0.0,13.2,0.0,0.0,0.1,79.5
1747229681249,7.2,0.0,13.0,0.0,0.0,0.1,79.7
1747229683260,6.5,0.0,12.5,0.0,0.0,0.0,81.0
1747229685272,7.0,0.0,11.6,0.0,0.0,0.1,81.3
1747229687283,6.8,0.0,12.5,0.0,0.0,0.0,80.6
1747229689292,7.9,0.0,12.3,0.0,0.0,0.1,79.7
1747229691303,7.7,0.0,12.3,0.0,0.0,0.0,79.9
1747229693311,7.6,0.0,12.4,0.0,0.0,0.1,79.8
1747229695320,7.4,0.0,12.9,0.0,0.0,0.0,79.7
1747229697333,7.6,0.0,11.9,0.0,0.0,0.1,80.4
1747229699346,7.1,0.0,12.6,0.0,0.0,0.1,80.2
1747229701357,6.6,0.0,13.3,0.0,0.0,0.2,79.9
1747229703367,7.5,0.0,13.0,0.0,0.0,0.0,79.5
1747229705379,8.1,0.0,11.9,0.0,0.0,0.1,79.9
1747229707390,7.3,0.0,12.3,0.0,0.0,0.0,80.4
1747229709401,7.2,0.0,13.0,0.0,0.0,0.1,79.7
1747229711412,7.2,0.0,13.3,0.0,0.0,0.0,79.5
1747229713422,7.4,0.0,12.8,0.0,0.0,0.1,79.8
1747229715430,6.6,0.0,12.9,0.0,0.0,0.1,80.4
1747229717456,6.5,0.0,12.3,0.0,0.0,0.0,81.1
1747229719490,7.9,0.0,12.8,0.0,0.0,0.0,79.3
1747229721505,6.9,0.0,12.0,0.0,0.0,0.3,80.8
1747229723520,6.4,0.0,12.1,0.0,0.0,0.0,81.5
1747229725532,6.8,0.0,13.2,0.0,0.0,0.1,79.9
1747229727543,6.6,0.0,12.7,0.0,0.0,0.1,80.7
1747229729553,8.0,0.0,11.9,0.0,0.0,0.1,80.0
1747229731565,6.8,0.0,11.6,0.0,0.0,0.2,81.4
1747229733576,7.0,0.0,11.6,0.0,0.0,0.1,81.2
1747229735587,6.7,0.0,12.8,0.0,0.0,0.1,80.4
1747229737598,8.0,0.0,12.5,0.0,0.0,0.0,79.5
1747229739609,7.0,0.0,12.2,0.0,0.0,0.0,80.7
1747229741619,7.0,0.0,11.4,0.0,0.0,0.1,81.5
1747229743632,7.1,0.0,13.2,0.0,0.0,0.0,79.7
1747229745643,8.0,0.0,12.4,0.0,0.0,0.1,79.5
1747229747654,7.1,0.0,11.9,0.0,0.0,0.0,80.9
1747229749663,7.2,0.0,11.4,0.0,0.0,0.0,81.3
1747229751673,6.8,0.0,11.9,0.0,0.0,0.2,81.1
1747229753684,8.4,0.0,12.0,0.0,0.0,0.0,79.5
1747229755696,6.3,0.0,13.3,0.0,0.0,0.0,80.3
1747229757705,6.2,0.0,12.7,0.0,0.0,0.1,81.0
1747229759715,6.5,0.0,12.8,0.0,0.0,0.1,80.5
1747229761726,7.7,0.0,12.3,0.0,0.0,0.1,79.9
1747229763737,6.7,0.0,12.7,0.0,0.0,0.1,80.4
1747229765748,7.6,0.0,13.1,0.0,0.0,0.1,79.2
1747229767759,7.8,0.0,13.5,0.0,0.0,0.1,78.6
1747229769770,8.3,0.0,11.9,0.0,0.0,0.2,79.6
1747229771780,7.1,0.0,11.8,0.0,0.0,0.2,80.9
1747229773791,6.5,0.0,12.2,0.0,0.0,0.0,81.3
1747229775801,6.3,0.0,13.0,0.0,0.0,0.2,80.5
1747229777811,0.0,0.0,0.0,0.0,0.0,0.0,0.0
1747229779823,8.2,0.0,13.7,0.0,0.0,0.1,78.0
1747229781851,9.9,0.0,15.6,0.0,0.0,0.3,74.2
1747229783863,10.1,0.0,15.7,0.0,0.0,0.0,74.1
1747229785877,11.0,0.0,16.7,0.0,0.0,0.2,72.1
1747229787893,9.8,0.0,13.9,0.0,0.0,0.2,76.0
1747229789906,9.6,0.0,15.0,0.0,0.0,0.0,75.4
1747229791920,9.5,0.0,15.4,0.0,0.0,0.0,75.1
1747229793931,9.8,0.0,16.2,0.0,0.0,0.0,74.0
1747229795942,9.9,0.0,14.2,0.0,0.0,0.2,75.6
1747229797954,10.0,0.0,13.9,0.0,0.0,0.1,75.9
1747229799965,9.2,0.0,15.3,0.0,0.0,0.1,75.4
1747229801976,9.8,0.0,15.4,0.0,0.0,0.2,74.5
1747229803990,0.2,0.0,0.3,0.0,0.0,0.0,99.5
1747229806003,6.8,0.0,11.5,0.0,0.0,0.1,81.6
1747229808014,7.1,0.0,11.8,0.0,0.0,0.0,81.1
1747229810025,7.3,0.0,11.6,0.0,0.0,0.0,81.0
1747229812037,0.2,0.0,0.2,0.0,0.0,0.0,99.6
1747229814046,7.1,0.0,11.9,0.0,0.0,0.1,80.8
1747229816057,7.4,0.0,12.0,0.0,0.0,0.2,80.4
1747229818067,7.0,0.0,12.2,0.0,0.0,0.0,80.8
1747229820078,8.1,0.0,12.4,0.0,0.0,0.1,79.3
1747229822088,7.3,0.0,11.4,0.0,0.0,0.1,81.2
1747229824098,6.8,0.0,12.7,0.0,0.0,0.0,80.5
1747229826108,7.1,0.0,12.3,0.0,0.0,0.2,80.4
1747229828119,8.4,0.0,11.4,0.0,0.0,0.1,80.2
1747229830130,7.0,0.0,12.8,0.0,0.0,0.1,80.1
1747229832142,6.7,0.0,12.3,0.0,0.0,0.1,80.9
1747229834153,6.8,0.0,13.3,0.0,0.0,0.1,79.8
1747229836164,7.3,0.0,12.3,0.0,0.0,0.1,80.1
1747229838174,6.3,0.0,13.5,0.0,0.0,0.1,80.0
1747229840183,6.3,0.0,13.0,0.0,0.0,0.1,80.6
1747229842191,6.0,0.0,11.3,0.0,0.0,0.0,82.6
1747229844208,0.0,0.0,0.0,0.0,0.0,0.0,0.0
1747229846243,9.4,0.0,13.8,0.0,0.0,0.0,76.7
1747229848261,9.9,0.0,14.5,0.0,0.0,0.0,75.6
1747229850274,10.3,0.0,14.4,0.0,0.0,0.0,75.3
1747229852286,10.5,0.0,14.7,0.0,0.0,0.1,74.8
1747229854298,9.6,0.0,14.4,0.0,0.0,0.0,75.9
1747229856312,9.4,0.0,13.9,0.0,0.0,0.1,76.5
1747229858324,9.9,0.0,14.7,0.0,0.0,0.1,75.3
1747229860336,9.8,0.0,15.4,0.0,0.0,0.1,74.7
1747229862349,0.0,0.0,0.0,0.0,0.0,0.0,0.0
1747229864362,9.3,0.0,13.7,0.0,0.0,0.1,77.0
1747229866374,9.4,0.0,13.6,0.0,0.0,0.1,76.9
1747229868386,9.0,0.0,14.2,0.0,0.0,0.1,76.8
1747229870396,0.0,0.0,0.0,0.0,0.0,0.0,99.9
1747229872408,7.1,0.0,11.6,0.0,0.0,0.1,81.2
1747229874419,6.5,0.0,12.4,0.0,0.0,0.1,81.0
1747229876431,6.6,0.0,12.3,0.0,0.0,0.0,81.1
1747229878442,0.2,0.0,0.3,0.0,0.0,0.0,99.6
1747229880454,7.0,0.0,12.3,0.0,0.0,0.1,80.6
1747229882466,6.5,0.0,12.1,0.0,0.0,0.1,81.3
1747229884477,6.7,0.0,12.8,0.0,0.0,0.1,80.4
1747229886489,6.9,0.0,11.6,0.0,0.0,0.1,81.5
1747229888501,6.6,0.0,12.8,0.0,0.0,0.1,80.5
1747229890512,7.1,0.0,11.9,0.0,0.0,0.0,81.0
1747229892523,7.3,0.0,11.9,0.0,0.0,0.0,80.7
1747229894534,7.0,0.0,13.5,0.0,0.0,0.0,79.5
1747229896544,7.5,0.0,12.7,0.0,0.0,0.1,79.7
1747229898556,7.2,0.0,13.7,0.0,0.0,0.1,78.9
1747229900564,7.3,0.0,13.3,0.0,0.0,0.0,79.4
1747229902574,7.1,0.0,13.1,0.0,0.0,0.1,79.7
1747229904585,6.9,0.0,13.8,0.0,0.0,0.1,79.2
1747229906599,6.8,0.0,13.2,0.1,0.0,0.1,79.8
1747229908614,7.5,0.0,13.6,0.0,0.0,0.0,78.8
1747229910625,7.4,0.0,13.2,0.0,0.0,0.1,79.3
1747229912635,11.3,0.0,15.1,0.0,0.0,0.1,73.5
1747229914646,11.7,0.0,16.2,0.0,0.0,0.1,72.0
1747229916658,10.7,0.0,16.7,0.0,0.0,0.1,72.5
1747229918670,11.3,0.0,17.7,0.0,0.0,0.2,70.9
1747229920682,0.0,0.0,0.0,0.0,0.0,0.0,0.0
1747229922694,10.4,0.0,14.8,0.0,0.0,0.1,74.8
1747229924709,9.8,0.0,15.7,0.0,0.0,0.2,74.3
1747229926723,10.4,0.0,15.9,0.0,0.0,0.2,73.5
1747229928736,0.0,0.0,0.0,0.0,0.0,0.0,0.0
1747229930747,10.0,0.0,15.6,0.0,0.0,0.1,74.3
1747229932759,9.4,0.0,15.4,0.0,0.0,0.1,75.0
1747229934772,10.1,0.0,15.1,0.0,0.0,0.1,74.8
1747229936785,0.1,0.0,0.1,0.0,0.0,0.0,99.7
1747229938797,7.2,0.0,12.3,0.0,0.0,0.1,80.4
1747229940808,7.3,0.0,13.0,0.0,0.0,0.1,79.6
1747229942819,7.3,0.0,12.1,0.0,0.0,0.0,80.6
1747229944831,0.1,0.0,0.2,0.0,0.0,0.0,99.7
1747229946842,7.3,0.0,13.2,0.0,0.0,0.2,79.2
1747229948854,7.6,0.0,13.5,0.0,0.0,0.1,78.8
1747229950865,6.8,0.0,13.8,0.0,0.0,0.0,79.3
1747229952876,7.2,0.0,12.5,0.0,0.0,0.1,80.1
1747229954886,6.6,0.0,13.3,0.0,0.0,0.1,80.0
1747229956898,6.9,0.0,12.2,0.0,0.0,0.1,80.8
1747229958907,7.5,0.0,12.9,0.0,0.0,0.1,79.5
1747229960919,7.8,0.0,13.3,0.0,0.0,0.1,78.8
1747229962929,6.6,0.0,13.0,0.0,0.0,0.0,80.4
1747229964937,7.3,0.0,13.6,0.0,0.0,0.1,79.1
1747229966947,7.5,0.0,12.7,0.0,0.0,0.1,79.7
1747229968957,7.3,0.0,13.9,0.0,0.0,0.0,78.8
1747229970969,10.9,0.0,15.8,0.0,0.0,0.1,73.1
1747229972984,11.0,0.0,16.1,0.0,0.0,0.0,72.8
1747229974997,10.9,0.0,17.1,0.0,0.0,0.0,72.0
1747229977008,11.0,0.0,18.7,0.0,0.0,0.0,70.3
1747229979019,0.0,0.0,0.0,0.0,0.0,0.0,0.0
1747229981031,10.8,0.0,15.7,0.0,0.0,0.0,73.5
1747229983042,11.1,0.0,15.6,0.0,0.0,0.0,73.2
1747229985054,10.8,0.0,15.4,0.0,0.0,0.1,73.8
1747229987067,0.0,0.0,0.0,0.0,0.0,0.0,0.0
1747229989086,9.8,0.0,14.9,0.0,0.0,0.0,75.2
1747229991100,9.8,0.0,14.8,0.0,0.0,0.1,75.3
1747229993114,9.8,0.0,14.6,0.0,0.0,0.0,75.5
1747229995126,0.2,0.0,0.3,0.0,0.0,0.0,99.4
1747229997139,6.7,0.0,11.3,0.0,0.0,0.2,81.9
1747229999150,6.9,0.0,11.7,0.0,0.0,0.2,81.2
1747230001161,7.0,0.0,11.9,0.0,0.0,0.1,80.9
1747230003173,0.1,0.0,0.2,0.0,0.0,0.0,99.6
1747230005184,6.9,0.0,13.2,0.0,0.0,0.1,79.8
1747230007195,7.8,0.0,14.1,0.0,0.0,0.1,77.9
1747230009206,7.2,0.0,13.6,0.0,0.0,0.1,79.0
1747230011218,7.4,0.0,13.4,0.0,0.0,0.1,79.1
1747230013228,7.3,0.0,12.2,0.0,0.0,0.1,80.4
1747230015238,7.3,0.0,12.0,0.0,0.0,0.1,80.6
1747230017252,6.1,0.0,12.4,0.0,0.0,0.1,81.3
1747230019264,6.6,0.0,12.4,0.0,0.0,0.1,80.9
1747230021279,6.4,0.0,12.8,0.0,0.0,0.2,80.6
1747230023290,6.7,0.0,12.2,0.0,0.0,0.1,81.1
1747230025301,6.8,0.0,13.4,0.0,0.0,0.0,79.7
1747230027312,6.9,0.0,13.5,0.0,0.0,0.1,79.5
1747230029322,7.6,0.0,13.6,0.0,0.0,0.1,78.7
1747230031333,6.8,0.0,13.4,0.0,0.0,0.1,79.7
1747230033344,6.9,0.0,13.6,0.0,0.0,0.1,79.4
1747230035354,7.0,0.0,12.1,0.0,0.0,0.0,80.9
1747230037365,6.7,0.0,12.5,0.0,0.0,0.0,80.8
1747230039376,7.2,0.0,13.1,0.0,0.0,0.0,79.7
1747230041386,6.8,0.0,14.1,0.0,0.0,0.2,78.9
1747230043397,7.3,0.0,12.7,0.0,0.0,0.1,79.9
1747230045409,10.3,0.0,15.5,0.0,0.0,0.0,74.2
1747230047420,10.9,0.0,15.4,0.0,0.0,0.1,73.6
1747230049432,10.3,0.0,16.0,0.0,0.0,0.0,73.6
1747230051445,10.9,0.0,16.7,0.0,0.0,0.2,72.3
1747230053459,0.0,0.0,0.0,0.0,0.0,0.0,0.0
1747230055472,9.7,0.0,15.3,0.0,0.0,0.1,74.9
1747230057484,10.2,0.0,15.0,0.0,0.0,0.1,74.8
1747230059498,10.4,0.0,16.1,0.0,0.0,0.1,73.4
1747230061510,0.0,0.0,0.0,0.0,0.0,0.0,0.0
1747230063521,9.9,0.0,15.3,0.0,0.0,0.0,74.8
1747230065533,9.5,0.0,15.8,0.0,0.0,0.0,74.6
1747230067545,9.8,0.0,15.7,0.0,0.0,0.0,74.5
1747230069557,0.0,0.0,0.0,0.0,0.0,0.0,0.0
1747230071569,8.9,0.0,14.3,0.0,0.0,0.1,76.6
1747230073589,8.4,0.0,14.7,0.0,0.0,0.1,76.8
1747230075603,8.8,0.0,13.6,0.0,0.0,0.1,77.6
1747230077619,8.8,0.0,14.7,0.0,0.0,0.1,76.4
1747230079633,6.3,0.0,10.8,0.0,0.0,0.1,82.8
1747230081642,6.5,0.0,11.7,0.0,0.0,0.2,81.6
1747230083653,6.0,0.0,12.3,0.0,0.0,0.1,81.5
1747230085663,7.2,0.0,11.7,0.0,0.0,0.1,81.0
1747230087672,7.2,0.0,11.6,0.0,0.0,0.1,81.1
1747230089682,6.9,0.0,12.0,0.0,0.0,0.0,81.0
1747230091693,7.0,0.0,12.6,0.0,0.0,0.3,80.1
1747230093705,7.6,0.0,12.4,0.0,0.0,0.1,79.9
1747230095716,7.8,0.0,12.7,0.0,0.0,0.1,79.5
1747230097726,7.1,0.0,12.5,0.0,0.0,0.1,80.4
1747230099736,6.8,0.0,12.8,0.0,0.0,0.1,80.2
1747230101748,6.6,0.0,13.4,0.0,0.0,0.2,79.8
1747230103759,7.6,0.0,13.4,0.0,0.0,0.2,78.8
1747230105773,6.4,0.0,13.7,0.0,0.0,0.1,79.8
1747230107784,7.6,0.0,12.8,0.0,0.0,0.0,79.5
1747230109793,7.5,0.0,12.8,0.0,0.0,0.0,79.8
1747230111803,0.2,0.0,0.3,0.0,0.0,0.0,99.5
1747230113814,7.5,0.0,12.4,0.0,0.0,0.2,79.9
1747230115823,8.0,0.0,13.1,0.0,0.0,0.2,78.7
1747230117834,7.8,0.0,13.8,0.0,0.0,0.1,78.3
1747230119845,0.2,0.0,0.3,0.0,0.0,0.0,99.5
1747230121855,8.6,0.0,14.5,0.0,0.0,0.5,76.4
1747230123865,7.7,0.0,14.0,0.0,0.0,0.3,78.0
1747230125876,7.9,0.0,14.0,0.0,0.0,0.1,78.0
1747230127888,8.7,0.0,14.1,0.0,0.0,0.2,77.0
1747230129899,8.3,0.0,13.8,0.0,0.0,0.1,77.7
1747230131910,8.0,0.0,14.2,0.0,0.0,0.2,77.6
1747230133922,8.0,0.0,14.2,0.0,0.0,0.1,77.7
1747230135932,9.4,0.0,13.8,0.0,0.0,0.1,76.8
1747230137942,7.4,0.0,14.1,0.0,0.0,0.2,78.2
1747230139956,7.6,0.0,14.2,0.0,0.0,0.1,78.1
1747230141969,7.9,0.0,13.8,0.0,0.0,0.3,78.0
1747230143982,8.6,0.0,13.8,0.0,0.0,0.0,77.6
1747230145995,7.6,0.0,14.0,0.0,0.0,0.1,78.3
1747230148006,8.5,0.0,13.9,0.0,0.0,0.1,77.5
1747230150017,7.6,0.0,13.8,0.1,0.0,0.1,78.5
1747230152029,8.7,0.0,13.9,0.0,0.0,0.1,77.3
1747230154039,7.8,0.0,13.2,0.0,0.0,0.1,79.0
1747230156050,8.0,0.0,13.0,0.0,0.0,0.1,78.9
1747230158060,8.0,0.0,13.3,0.0,0.0,0.1,78.5
1747230160070,8.4,0.0,13.4,0.0,0.0,0.1,78.2
1747230162080,7.7,0.0,14.0,0.0,0.0,0.2,78.1
1747230164091,7.6,0.0,14.1,0.0,0.0,0.1,78.2
1747230166102,8.1,0.0,14.1,0.0,0.0,0.1,77.7
1747230168113,8.2,0.0,14.6,0.0,0.0,0.1,77.1
1747230170123,8.6,0.0,13.0,0.1,0.0,0.1,78.3
1747230172133,7.6,0.0,14.0,0.0,0.0,0.1,78.3
1747230174143,8.6,0.0,13.9,0.0,0.0,0.1,77.3
1747230176154,8.9,0.0,13.3,0.0,0.0,0.1,77.7
1747230178163,8.0,0.0,14.2,0.0,0.0,0.1,77.8
1747230180172,7.6,0.0,14.5,0.0,0.0,0.1,77.8
1747230182182,7.8,0.0,14.6,0.0,0.0,0.1,77.5
1747230184197,8.0,0.0,13.5,0.0,0.0,0.1,78.4
1747230186206,7.4,0.0,13.7,0.0,0.0,0.1,78.8
1747230188215,6.8,0.0,13.8,0.0,0.0,0.1,79.3
1747230190224,8.1,0.0,13.3,0.0,0.0,0.2,78.4
1747230192234,8.4,0.0,15.1,0.0,0.0,0.2,76.4
1747230194245,7.2,0.0,14.3,0.0,0.0,0.1,78.5
1747230196255,7.6,0.0,13.9,0.0,0.0,0.2,78.2
1747230198265,7.5,0.0,14.7,0.0,0.0,0.1,77.7
1747230200275,9.2,0.0,14.0,0.0,0.0,0.2,76.5
1747230202284,7.5,0.0,14.3,0.0,0.0,0.1,78.2
1747230204292,7.9,0.0,13.5,0.0,0.0,0.1,78.5
1747230206304,7.7,0.0,13.6,0.1,0.0,0.2,78.5
1747230208312,8.8,0.0,12.9,0.0,0.0,0.1,78.2
1747230210321,7.9,0.0,13.4,0.0,0.0,0.2,78.5
1747230212330,7.0,0.0,13.9,0.0,0.0,0.2,78.9
1747230214339,7.4,0.0,13.7,0.0,0.0,0.1,78.8
1747230216350,0.0,0.0,0.0,0.0,0.0,0.0,0.0
1747230218360,11.5,0.0,18.1,0.0,0.0,0.0,70.3
1747230220371,11.6,0.0,18.0,0.0,0.0,0.1,70.4
1747230222383,12.4,0.0,17.6,0.0,0.0,0.1,69.9
1747230224395,11.9,0.0,17.1,0.0,0.0,0.1,70.9
1747230226406,11.4,0.0,15.9,0.0,0.0,0.2,72.5
1747230228417,11.2,0.0,17.6,0.0,0.0,0.0,71.1
1747230230428,12.1,0.0,17.0,0.0,0.0,0.1,70.8
1747230232440,11.7,0.0,17.6,0.0,0.0,0.1,70.6
1747230234452,11.1,0.0,16.3,0.0,0.0,0.0,72.6
1747230236463,11.0,0.0,15.9,0.0,0.0,0.1,72.9
1747230238476,9.9,0.0,16.9,0.0,0.0,0.1,73.1
1747230240490,11.5,0.0,16.9,0.0,0.0,0.1,71.5
1747230242502,8.2,0.0,12.5,0.0,0.0,0.2,79.2
1747230244512,8.0,0.0,13.1,0.0,0.0,0.1,78.9
1747230246521,7.4,0.0,12.0,0.0,0.0,0.1,80.5
1747230248532,7.4,0.0,13.6,0.0,0.0,0.1,78.9
1747230250543,8.6,0.0,12.5,0.0,0.0,0.2,78.7
1747230252554,7.3,0.0,13.2,0.0,0.0,0.1,79.4
1747230254566,7.4,0.0,14.2,0.0,0.0,0.1,78.3
1747230256578,8.1,0.0,14.1,0.0,0.0,0.1,77.7
1747230258589,8.0,0.0,13.4,0.0,0.0,0.1,78.5
1747230260600,7.3,0.0,13.8,0.0,0.0,0.0,78.8
1747230262611,7.5,0.0,14.3,0.0,0.0,0.2,78.0
1747230264622,8.4,0.0,14.5,0.0,0.0,0.1,77.0
1747230266630,8.5,0.0,12.6,0.0,0.0,0.1,78.8
1747230268639,7.5,0.0,12.6,0.0,0.0,0.1,79.7
1747230270649,6.8,0.0,14.2,0.0,0.0,0.1,79.0
1747230272659,7.7,0.0,13.8,0.0,0.0,0.0,78.4
1747230274668,8.0,0.0,13.0,0.0,0.0,0.2,78.9
1747230276680,7.4,0.0,12.8,0.0,0.0,0.1,79.7
1747230278690,7.3,0.0,12.9,0.0,0.0,0.0,79.8
1747230280701,7.2,0.0,13.8,0.0,0.0,0.0,79.0
1747230282712,9.3,0.0,13.2,0.0,0.0,0.0,77.4
1747230284724,8.7,0.0,13.2,0.0,0.0,0.0,78.1
1747230286735,8.4,0.0,13.6,0.0,0.0,0.2,77.8
1747230288746,8.2,0.0,14.2,0.0,0.0,0.0,77.5
1747230290757,8.3,0.0,13.5,0.0,0.0,0.1,78.2
1747230292768,7.6,0.0,13.9,0.0,0.0,0.1,78.5
1747230294779,7.3,0.0,13.2,0.0,0.0,0.1,79.3
1747230296788,7.5,0.0,13.2,0.0,0.0,0.3,79.0
1747230298797,8.2,0.0,12.7,0.0,0.0,0.0,79.1
1747230300806,7.3,0.0,12.0,0.0,0.0,0.1,80.6
1747230302817,7.6,0.0,12.4,0.0,0.0,0.0,80.0
1747230304824,6.8,0.0,12.5,0.0,0.0,0.1,80.6
1747230306834,7.9,0.0,12.9,0.0,0.0,0.0,79.2
1747230308843,8.3,0.0,12.5,0.0,0.0,0.0,79.1
1747230310854,7.5,0.0,13.5,0.0,0.0,0.0,78.9
1747230312865,8.0,0.0,14.2,0.0,0.0,0.1,77.7
1747230314876,9.1,0.0,12.5,0.0,0.0,0.1,78.3
1747230316887,7.2,0.0,13.1,0.0,0.0,0.1,79.5
1747230318898,7.1,0.0,12.9,0.0,0.0,0.0,80.0
1747230320910,7.2,0.0,12.6,0.2,0.0,0.1,79.9
1747230322921,8.3,0.0,12.7,0.0,0.0,0.1,78.8
1747230324933,6.9,0.0,13.2,0.0,0.0,0.1,79.8
1747230326944,7.8,0.0,12.3,0.0,0.0,0.1,79.8
1747230328956,7.1,0.0,12.8,0.0,0.0,0.0,80.1
1747230330967,8.4,0.0,13.4,0.1,0.0,0.0,78.0
1747230332978,7.8,0.0,13.3,0.0,0.0,0.1,78.8
1747230334988,8.0,0.0,13.9,0.0,0.0,0.1,78.0
1747230336998,8.0,0.0,13.1,0.0,0.0,0.1,78.7
1747230339008,9.0,0.0,12.9,0.0,0.0,0.1,78.0
1747230341017,7.5,0.0,13.4,0.1,0.0,0.1,78.9
1747230343026,7.1,0.0,14.4,0.0,0.0,0.0,78.5
1747230345035,7.0,0.0,13.3,0.0,0.0,0.1,79.7
1747230347056,8.3,0.0,14.0,0.0,0.0,0.2,77.5
1747230349068,6.8,0.0,14.4,0.0,0.0,0.1,78.7
1747230351079,7.8,0.0,12.4,0.0,0.0,0.1,79.6
1747230353090,7.2,0.0,14.4,0.0,0.0,0.1,78.3
1747230355102,8.7,0.0,13.3,0.0,0.0,0.1,77.9
1747230357113,7.7,0.0,12.2,0.0,0.0,0.1,80.0
1747230359124,7.5,0.0,12.4,0.0,0.0,0.0,80.1
1747230361134,7.2,0.0,12.2,0.0,0.0,0.1,80.5
1747230363144,8.1,0.0,12.3,0.0,0.0,0.1,79.6
1747230365154,7.0,0.0,12.5,0.0,0.0,0.0,80.5
1747230367171,6.5,0.0,13.3,0.0,0.0,0.1,80.1
1747230369185,6.8,0.0,12.9,0.0,0.0,0.0,80.2
1747230371198,7.9,0.0,13.0,0.0,0.0,0.0,79.1
1747230373215,7.7,0.0,12.8,0.0,0.0,0.1,79.5
1747230375224,7.2,0.0,13.6,0.0,0.0,0.1,79.1
1747230377234,7.4,0.0,13.8,0.0,0.0,0.1,78.8
1747230379247,9.1,0.0,13.9,0.0,0.0,0.1,76.9
1747230381259,8.5,0.0,13.8,0.0,0.0,0.0,77.7
1747230383269,7.2,0.0,13.1,0.0,0.0,0.0,79.8
1747230385280,7.7,0.0,13.2,0.0,0.0,0.1,79.0
1747230387290,8.1,0.0,13.1,0.0,0.0,0.1,78.7
1747230389300,7.5,0.0,13.1,0.0,0.0,0.1,79.3
1747230391311,7.9,0.0,13.0,0.0,0.0,0.0,79.0
1747230393322,8.2,0.0,14.1,0.0,0.0,0.1,77.6
1747230395333,9.8,0.0,13.7,0.0,0.0,0.1,76.3
1747230397344,8.1,0.0,12.7,0.0,0.0,0.2,79.0
1747230399354,7.6,0.0,13.4,0.0,0.0,0.1,78.8
1747230401364,8.0,0.0,12.8,0.0,0.0,0.1,79.1
1747230403375,9.1,0.0,13.9,0.0,0.0,0.1,77.0
1747230405383,7.8,0.0,14.1,0.0,0.0,0.2,78.0
1747230407391,8.1,0.0,14.1,0.0,0.0,0.1,77.7
1747230409402,8.1,0.0,13.8,0.0,0.0,0.1,78.1
1747230411413,8.2,0.0,14.0,0.0,0.0,0.0,77.8
1747230413424,7.7,0.0,13.9,0.0,0.0,0.0,78.3
1747230415433,7.3,0.0,14.4,0.0,0.0,0.1,78.3
1747230417441,6.9,0.0,14.5,0.0,0.0,0.1,78.5
1747230419452,8.2,0.0,13.2,0.0,0.0,0.1,78.5
1747230421462,7.6,0.0,13.2,0.0,0.0,0.2,79.0
1747230423471,7.3,0.0,13.0,0.0,0.0,0.1,79.6
1747230425479,7.3,0.0,13.9,0.0,0.0,0.2,78.6
1747230427489,7.5,0.0,13.1,0.0,0.0,0.1,79.3
1747230429499,7.3,0.0,13.4,0.0,0.0,0.1,79.2
1747230431510,8.1,0.0,14.4,0.0,0.0,0.1,77.3
1747230433520,7.7,0.0,13.4,0.0,0.0,0.1,78.8
1747230435532,7.1,0.0,12.5,0.0,0.0,0.1,80.3
1747230437549,6.8,0.0,12.7,0.0,0.0,0.1,80.3
1747230439557,6.5,0.0,12.9,0.0,0.0,0.1,80.5
1747230441572,7.6,0.0,13.3,0.0,0.0,0.1,79.0
1747230443581,7.7,0.0,12.7,0.0,0.0,0.0,79.5
1747230445593,7.2,0.0,13.3,0.0,0.0,0.0,79.5
1747230447604,7.5,0.0,15.0,0.0,0.0,0.0,77.5
1747230449616,7.8,0.0,13.4,0.0,0.0,0.0,78.7
1747230451627,7.1,0.0,13.5,0.0,0.0,0.1,79.2
1747230453638,7.9,0.0,13.7,0.0,0.0,0.1,78.3
1747230455649,7.3,0.0,14.0,0.0,0.0,0.0,78.7
1747230457660,7.7,0.0,13.4,0.0,0.0,0.0,79.0
1747230459671,8.0,0.0,13.6,0.0,0.0,0.1,78.3
1747230461683,7.5,0.0,13.1,0.0,0.0,0.1,79.3
1747230463692,8.2,0.0,12.4,0.0,0.0,0.0,79.3
1747230465704,7.8,0.0,13.5,0.0,0.0,0.1,78.5
1747230467715,8.2,0.0,13.7,0.0,0.0,0.1,77.9
1747230469727,7.2,0.0,13.6,0.0,0.0,0.0,79.2
1747230471737,8.1,0.0,12.9,0.0,0.0,0.1,78.9
1747230473747,7.6,0.0,12.9,0.0,0.0,0.1,79.4
1747230475757,8.2,0.0,13.9,0.0,0.0,0.1,77.8
1747230477768,7.1,0.0,13.5,0.0,0.0,0.1,79.3
1747230479778,7.8,0.0,13.2,0.0,0.0,0.1,78.9
1747230481789,7.9,0.0,13.5,0.0,0.0,0.2,78.4
1747230483800,8.6,0.0,13.3,0.0,0.0,0.1,77.9
1747230485809,7.8,0.0,13.1,0.0,0.0,0.0,79.0
1747230487822,7.2,0.0,13.2,0.0,0.0,0.0,79.5
1747230489830,7.1,0.0,14.4,0.0,0.0,0.1,78.4
1747230491841,8.7,0.0,13.5,0.0,0.0,0.1,77.7
1747230493850,7.8,0.0,13.4,0.0,0.0,0.2,78.6
1747230495858,7.7,0.0,13.8,0.0,0.0,0.0,78.5
1747230497867,7.1,0.0,13.9,0.0,0.0,0.0,79.0
1747230499877,7.7,0.0,14.0,0.0,0.0,0.1,78.1
1747230501886,8.6,0.0,14.3,0.0,0.0,0.2,76.9
1747230503895,7.5,0.0,13.8,0.0,0.0,0.1,78.5
1747230505904,7.2,0.0,14.1,0.0,0.0,0.0,78.7
1747230507913,8.2,0.0,13.9,0.0,0.0,0.1,77.7
1747230509921,8.5,0.0,14.5,0.0,0.0,0.1,77.0
1747230511929,8.1,0.0,14.2,0.0,0.0,0.2,77.4
1747230513938,7.5,0.0,13.6,0.0,0.0,0.1,78.8
1747230515947,8.1,0.0,13.4,0.0,0.0,0.0,78.5
1747230517960,8.2,0.0,13.4,0.0,0.0,0.1,78.3
1747230519971,7.6,0.0,14.1,0.0,0.0,0.1,78.2
1747230521982,7.6,0.0,13.9,0.0,0.0,0.2,78.4
1747230523993,7.9,0.0,14.1,0.0,0.0,0.1,77.9
1747230526004,8.2,0.0,13.8,0.0,0.0,0.1,78.0
1747230528014,7.9,0.0,13.8,0.0,0.0,0.1,78.3
1747230530025,7.8,0.0,14.3,0.0,0.0,0.1,77.9
1747230532036,8.6,0.0,14.4,0.0,0.0,0.2,76.8
1747230534047,10.1,0.0,14.7,0.0,0.0,0.1,75.1
1747230536057,8.0,0.0,13.8,0.0,0.0,0.1,78.2
1747230538065,8.0,0.0,13.5,0.0,0.0,0.2,78.3
1747230540074,7.2,0.0,14.6,0.0,0.0,0.1,78.1
1747230542085,8.6,0.0,12.9,0.0,0.0,0.1,78.3
1747230544094,7.2,0.0,14.3,0.0,0.0,0.1,78.4
1747230546105,7.8,0.0,14.1,0.0,0.0,0.1,78.1
1747230548116,8.3,0.0,13.8,0.0,0.0,0.1,77.8
1747230550126,8.2,0.0,14.0,0.0,0.0,0.1,77.7
1747230552136,7.7,0.0,13.5,0.0,0.0,0.2,78.7
1747230554148,8.6,0.0,12.7,0.0,0.0,0.1,78.5
1747230556158,7.8,0.0,13.9,0.0,0.0,0.1,78.1
1747230558168,11.0,0.0,15.2,0.0,0.0,0.1,73.7
1747230560178,10.2,0.0,15.4,0.0,0.0,0.0,74.4
1747230562186,9.4,0.0,16.2,0.0,0.0,0.1,74.3
1747230564195,7.3,0.0,13.2,0.0,0.0,0.1,79.4
1747230566206,0.0,0.0,0.0,0.0,0.0,0.0,0.0
1747230568238,10.7,0.0,16.6,0.0,0.0,0.1,72.6
1747230570255,10.8,0.0,16.2,0.0,0.0,0.1,73.0
1747230572269,10.7,0.0,16.7,0.0,0.0,0.3,72.3
1747230574289,10.7,0.0,16.8,0.0,0.0,0.0,72.5
1747230576305,10.1,0.0,15.2,0.0,0.0,0.2,74.5
1747230578315,10.6,0.0,16.5,0.0,0.0,0.0,72.9
1747230580326,10.6,0.0,16.2,0.0,0.0,0.1,73.1
1747230582337,11.5,0.0,16.5,0.0,0.0,0.2,71.8
1747230584347,9.5,0.0,14.7,0.0,0.0,0.1,75.7
1747230586357,10.3,0.0,15.4,0.0,0.0,0.1,74.2
1747230588367,9.8,0.0,15.9,0.0,0.0,0.1,74.2
1747230590378,10.5,0.0,16.7,0.0,0.0,0.1,72.7
1747230592390,8.8,0.0,12.2,0.0,0.0,0.1,78.8
1747230594401,7.9,0.0,11.9,0.0,0.0,0.0,80.1
1747230596412,8.2,0.0,11.9,0.0,0.0,0.1,79.8
1747230598424,7.9,0.0,13.2,0.0,0.0,0.1,78.8
1747230600435,0.1,0.0,0.1,0.0,0.0,0.0,99.8
1747230602445,8.0,0.0,13.4,0.0,0.0,0.2,78.4
1747230604455,7.9,0.0,13.8,0.0,0.0,0.2,78.1
1747230606465,8.0,0.0,13.1,0.0,0.0,0.1,78.8
1747230608475,0.2,0.0,0.3,0.0,0.0,0.0,99.5
1747230610487,8.4,0.0,14.5,0.0,0.0,0.1,77.0
1747230612497,8.1,0.0,13.7,0.0,0.0,0.3,77.8
1747230614506,7.8,0.0,14.1,0.0,0.0,0.2,77.8
1747230616517,0.1,0.0,0.2,0.0,0.0,0.0,99.6
1747230618527,7.4,0.0,14.4,0.0,0.0,0.1,78.1
1747230620539,8.0,0.0,13.9,0.0,0.0,0.1,78.1
1747230622548,7.9,0.0,14.1,0.0,0.0,0.2,77.8
1747230624558,8.7,0.0,14.1,0.0,0.0,0.1,77.1
1747230626569,8.1,0.0,13.7,0.0,0.0,0.1,78.1
1747230628580,8.3,0.0,14.9,0.0,0.0,0.1,76.7
1747230630589,7.8,0.0,15.1,0.0,0.0,0.1,77.0
1747230632596,8.5,0.0,13.9,0.0,0.0,0.2,77.4
1747230634608,7.0,0.0,13.6,0.0,0.0,0.1,79.3
1747230636633,7.2,0.0,14.6,0.0,0.0,0.2,78.0
1747230638645,7.5,0.0,12.9,0.0,0.0,0.1,79.4
1747230640657,8.8,0.0,14.1,0.0,0.0,0.1,77.1
1747230642669,7.4,0.0,13.9,0.0,0.0,0.2,78.5
1747230644681,7.2,0.0,13.9,0.0,0.0,0.1,78.8
1747230646692,7.6,0.0,14.2,0.0,0.0,0.1,78.0
1747230648704,9.8,0.0,13.9,0.0,0.0,0.0,76.2
1747230650715,7.4,0.0,12.9,0.0,0.0,0.1,79.6
1747230652726,7.3,0.0,13.2,0.0,0.0,0.2,79.4
1747230654737,7.1,0.0,13.6,0.0,0.0,0.1,79.2
1747230656748,8.1,0.0,13.3,0.0,0.0,0.2,78.4
1747230658759,7.5,0.0,13.4,0.0,0.0,0.0,79.0
1747230660770,7.7,0.0,13.7,0.0,0.0,0.1,78.5
1747230662781,8.1,0.0,13.1,0.0,0.0,0.2,78.6
1747230664792,9.0,0.0,14.2,0.0,0.0,0.1,76.7
1747230666804,7.5,0.0,14.1,0.0,0.0,0.2,78.2
1747230668814,7.5,0.0,14.2,0.0,0.0,0.0,78.3
1747230670825,8.4,0.0,13.5,0.0,0.0,0.0,78.1
1747230672836,9.7,0.0,14.1,0.0,0.0,0.2,76.0
1747230674847,7.3,0.0,13.8,0.0,0.0,0.0,78.8
1747230676857,7.7,0.0,13.2,0.0,0.0,0.2,78.9
1747230678868,7.3,0.0,13.7,0.0,0.0,0.1,78.9
1747230680878,8.7,0.0,13.4,0.0,0.0,0.1,77.8
1747230682888,7.3,0.0,13.2,0.0,0.0,0.1,79.4
1747230684898,7.1,0.0,13.6,0.0,0.0,0.0,79.3
1747230686907,7.3,0.0,13.7,0.0,0.0,0.1,78.9
1747230688917,8.2,0.0,13.3,0.0,0.0,0.0,78.5
1747230690936,7.5,0.0,14.7,0.0,0.0,0.0,77.7
1747230692946,8.0,0.0,15.1,0.0,0.0,0.1,76.8
1747230694967,8.2,0.0,13.6,0.0,0.0,0.0,78.2
1747230696980,8.2,0.0,13.2,0.0,0.0,0.2,78.4
1747230698995,7.1,0.0,13.4,0.0,0.0,0.0,79.4
1747230701005,8.0,0.0,12.9,0.0,0.0,0.0,79.0
1747230703017,7.5,0.0,13.5,0.0,0.0,0.0,78.9
1747230705028,8.7,0.0,13.1,0.0,0.0,0.1,78.1
1747230707040,7.2,0.0,13.9,0.0,0.0,0.1,78.8
1747230709050,7.9,0.0,13.1,0.0,0.0,0.0,78.9
1747230711061,7.9,0.0,13.7,0.0,0.0,0.0,78.4
1747230713073,8.3,0.0,14.2,0.0,0.0,0.1,77.4
1747230715084,8.2,0.0,13.3,0.0,0.0,0.1,78.4
1747230717096,8.4,0.0,14.1,0.0,0.0,0.1,77.5
1747230719108,7.6,0.0,13.8,0.0,0.0,0.1,78.5
1747230721120,10.5,0.0,16.0,0.0,0.0,0.1,73.4
1747230723131,7.5,0.0,13.4,0.0,0.0,0.1,79.1
1747230725142,7.6,0.0,13.6,0.0,0.0,0.1,78.7
1747230727153,7.4,0.0,14.0,0.0,0.0,0.2,78.5
1747230729165,0.0,0.0,0.0,0.0,0.0,0.0,0.0
1747230731175,11.3,0.0,19.0,0.0,0.0,0.1,69.6
1747230733185,12.1,0.0,17.4,0.0,0.0,0.0,70.5
1747230735203,11.6,0.0,16.2,0.0,0.0,0.1,72.1
1747230737230,11.4,0.0,18.1,0.0,0.0,0.1,70.4
1747230739241,10.3,0.0,14.0,0.6,0.0,0.0,75.0
1747230741258,10.7,0.0,14.8,1.0,0.0,0.0,73.4
1747230743284,10.7,0.0,15.3,0.0,0.0,0.1,73.8
1747230745301,10.7,0.0,16.2,0.0,0.0,0.1,73.0
1747230747315,0.0,0.0,0.0,0.0,0.0,0.0,0.0
1747230749326,10.5,0.0,14.3,0.0,0.0,0.0,75.2
1747230751340,10.0,0.0,15.2,0.0,0.0,0.1,74.7
1747230753353,9.9,0.0,15.7,0.0,0.0,0.0,74.4
1747230755367,0.2,0.0,0.3,0.0,0.0,0.0,99.4
1747230757379,7.3,0.0,11.6,0.0,0.0,0.1,81.0
1747230759388,7.4,0.0,11.7,0.0,0.0,0.0,80.9
1747230761397,7.4,0.0,11.1,0.0,0.0,0.0,81.5
1747230763409,0.2,0.0,0.2,0.0,0.0,0.0,99.6
1747230765424,7.3,0.0,12.7,0.0,0.0,0.1,79.9
1747230767434,7.2,0.0,13.1,0.0,0.0,0.2,79.5
1747230769442,7.5,0.0,12.6,0.0,0.0,0.1,79.8
1747230771451,0.1,0.0,0.2,0.0,0.0,0.0,99.6
1747230773463,7.6,0.0,13.4,0.0,0.0,0.1,78.9
1747230775473,7.2,0.0,14.5,0.0,0.0,0.1,78.2
1747230777483,7.8,0.0,13.7,0.0,0.0,0.2,78.3
1747230779492,8.5,0.0,13.6,0.0,0.0,0.0,77.8
1747230781502,7.9,0.0,13.9,0.0,0.0,0.1,78.0
1747230783512,7.8,0.0,15.3,0.0,0.0,0.1,76.8
1747230785523,9.2,0.0,15.1,0.0,0.0,0.0,75.7
1747230787530,7.2,0.0,14.7,0.0,0.0,0.1,78.0
1747230789539,7.4,0.0,13.8,0.0,0.0,0.1,78.6
1747230791549,7.7,0.0,14.3,0.0,0.0,0.0,77.9
1747230793559,8.1,0.0,15.4,0.0,0.0,0.0,76.5
1747230795570,7.8,0.0,14.6,0.0,0.0,0.0,77.6
1747230797579,7.5,0.0,15.1,0.0,0.0,0.2,77.2
1747230799589,7.2,0.0,14.8,0.0,0.0,0.1,77.9
1747230801599,7.8,0.0,14.4,0.0,0.0,0.1,77.7
1747230803609,9.2,0.0,14.4,0.0,0.0,0.0,76.4
1747230805626,10.5,0.0,15.1,0.0,0.0,0.0,74.4
1747230807657,10.8,0.0,15.9,0.0,0.0,0.1,73.2
1747230809674,10.7,0.0,16.3,0.0,0.0,0.0,73.0
1747230811698,10.4,0.0,17.0,0.0,0.0,0.0,72.6
1747230813712,0.0,0.0,0.0,0.0,0.0,0.0,0.0
1747230815726,10.7,0.0,15.8,0.0,0.0,0.1,73.4
1747230817739,10.6,0.0,16.3,0.0,0.0,0.1,73.0
1747230819752,10.8,0.0,16.3,0.0,0.0,0.0,72.9
1747230821765,0.0,0.0,0.0,0.0,0.0,0.0,0.0
1747230823775,10.3,0.0,15.3,0.0,0.0,0.0,74.4
1747230825786,10.0,0.0,15.9,0.0,0.0,0.1,74.0
1747230827797,10.6,0.0,15.1,0.0,0.0,0.1,74.1
1747230829806,0.1,0.0,0.1,0.0,0.0,0.0,99.8
1747230831817,7.4,0.0,11.2,0.0,0.0,0.0,81.4
1747230833828,7.0,0.0,12.0,0.0,0.0,0.0,81.0
1747230835838,7.8,0.0,11.5,0.0,0.0,0.0,80.6
1747230837849,6.9,0.0,12.8,0.0,0.0,0.2,80.1
1747230839860,7.3,0.0,12.6,0.0,0.0,0.0,80.0
1747230841871,6.9,0.0,13.9,0.0,0.0,0.0,79.2
1747230843882,7.4,0.0,13.6,0.0,0.0,0.0,79.0
1747230845892,7.9,0.0,13.2,0.0,0.0,0.2,78.7
1747230847903,8.1,0.0,13.5,0.0,0.0,0.1,78.4
1747230849915,9.1,0.0,13.4,0.0,0.0,0.1,77.4
1747230851926,7.5,0.0,13.3,0.0,0.0,0.1,79.0
1747230853938,7.7,0.0,15.1,0.0,0.0,0.1,77.1
1747230855950,7.5,0.0,13.5,0.0,0.0,0.0,78.9
1747230857961,7.5,0.0,14.0,0.0,0.0,0.2,78.3
1747230859972,7.5,0.0,13.0,0.0,0.0,0.1,79.3
1747230861983,8.0,0.0,13.9,0.0,0.0,0.0,78.1
1747230863993,7.3,0.0,13.2,0.0,0.0,0.1,79.4
1747230866004,7.3,0.0,14.1,0.0,0.0,0.2,78.4
1747230868015,7.2,0.0,14.2,0.0,0.0,0.1,78.5
1747230870028,7.7,0.0,13.9,0.0,0.0,0.1,78.2
1747230872041,7.8,0.0,14.0,0.0,0.0,0.1,78.2
