timestamp_ms,usr%,nice%,sys%,iowait%,irq%,soft%,steal%,idle%
1747229010782,6.1,0.0,11.0,0.0,0.0,0.2,82.8
1747229012794,6.8,0.0,11.7,0.0,0.0,0.1,81.4
1747229014806,5.0,0.0,12.0,0.0,0.0,0.1,82.9
1747229016817,7.2,0.0,9.9,0.0,0.0,0.2,82.7
1747229018830,5.9,0.0,10.0,0.0,0.0,0.1,84.0
1747229020841,6.0,0.0,9.8,0.0,0.0,0.3,83.9
1747229022853,5.7,0.0,10.1,0.0,0.0,0.0,84.2
1747229024864,6.3,0.0,10.1,0.0,0.0,0.1,83.4
1747229026875,5.5,0.0,10.2,0.0,0.0,0.1,84.1
1747229028886,5.7,0.0,9.9,0.0,0.0,0.2,84.3
1747229030897,5.6,0.0,10.0,0.0,0.0,0.2,84.2
1747229032907,6.6,0.0,10.0,0.0,0.0,0.1,83.4
1747229034920,5.3,0.0,9.7,0.0,0.0,0.1,84.8
1747229036938,5.7,0.0,9.9,0.0,0.0,0.2,84.2
1747229038949,5.7,0.0,9.9,0.0,0.0,0.2,84.2
1747229040959,6.3,0.0,10.3,0.0,0.0,0.2,83.2
1747229042976,6.2,0.0,10.0,0.0,0.0,0.1,83.7
1747229044989,5.1,0.0,9.5,0.0,0.0,0.1,85.3
1747229046997,5.4,0.0,9.9,0.0,0.0,0.2,84.5
1747229049007,5.6,0.0,10.6,0.0,0.0,0.1,83.6
1747229051019,5.6,0.0,10.0,0.0,0.0,0.3,84.1
1747229053029,6.0,0.0,10.4,0.0,0.0,0.2,83.4
1747229055041,5.7,0.0,9.7,0.0,0.0,0.1,84.5
1747229057052,6.1,0.0,10.2,0.0,0.0,0.1,83.6
1747229059061,5.8,0.0,10.4,0.0,0.0,0.2,83.7
1747229061072,5.5,0.0,10.5,0.0,0.0,0.3,83.7
1747229063083,6.2,0.0,9.8,0.0,0.0,0.1,84.0
1747229065094,5.7,0.0,10.9,0.0,0.0,0.1,83.2
1747229067105,6.8,0.0,10.6,0.0,0.0,0.0,82.6
1747229069116,6.2,0.0,10.8,0.0,0.0,0.2,82.8
1747229071127,5.7,0.0,10.1,0.0,0.0,0.4,83.8
1747229073137,5.5,0.0,10.0,0.0,0.0,0.2,84.4
1747229075147,5.7,0.0,10.8,0.0,0.0,0.0,83.6
1747229077156,5.7,0.0,10.8,0.0,0.0,0.1,83.4
1747229079167,5.9,0.0,10.3,0.0,0.0,0.0,83.7
1747229081178,5.3,0.0,10.5,0.0,0.0,0.3,83.9
1747229083190,5.2,0.0,10.6,0.0,0.0,0.1,84.1
1747229085201,5.5,0.0,10.3,0.0,0.0,0.0,84.1
1747229087212,5.9,0.0,9.9,0.0,0.0,0.1,84.1
1747229089223,6.2,0.0,10.5,0.0,0.0,0.1,83.2
1747229091232,5.8,0.0,10.3,0.0,0.0,0.3,83.6
1747229093241,6.2,0.0,10.2,0.0,0.0,0.1,83.6
1747229095250,5.8,0.0,10.3,0.0,0.0,0.1,83.8
1747229097258,5.9,0.0,10.1,0.0,0.0,0.1,83.9
1747229099267,5.7,0.0,9.9,0.0,0.0,0.1,84.3
1747229101280,5.2,0.0,10.6,0.0,0.0,0.2,84.0
1747229103292,5.8,0.0,10.1,0.0,0.0,0.0,84.2
1747229105303,5.9,0.0,10.8,0.0,0.0,0.0,83.3
1747229107313,5.8,0.0,10.4,0.0,0.0,0.0,83.8
1747229109326,5.3,0.0,9.9,0.0,0.0,0.1,84.8
1747229111345,5.3,0.0,9.7,0.0,0.0,0.1,84.9
1747229113357,5.9,0.0,9.8,0.0,0.0,0.1,84.2
1747229115374,6.2,0.0,11.1,0.0,0.0,0.1,82.6
1747229117391,7.0,0.0,11.1,0.0,0.0,0.1,81.9
1747229119403,6.0,0.0,10.1,0.0,0.0,0.1,83.9
1747229121413,6.0,0.0,10.9,0.0,0.0,0.1,83.0
1747229123423,5.8,0.0,9.8,0.0,0.0,0.1,84.3
1747229125433,5.7,0.0,10.3,0.0,0.0,0.3,83.6
1747229127445,5.4,0.0,10.3,0.0,0.0,0.0,84.2
1747229129457,5.7,0.0,10.7,0.0,0.0,0.0,83.5
1747229131468,6.0,0.0,10.2,0.0,0.0,0.2,83.7
1747229133478,5.9,0.0,9.8,0.0,0.0,0.1,84.2
1747229135490,6.1,0.0,10.7,0.0,0.0,0.1,83.1
1747229137501,5.9,0.0,10.8,0.0,0.0,0.1,83.2
1747229139511,6.3,0.0,11.7,0.0,0.0,0.0,82.0
1747229141521,6.9,0.0,11.5,0.0,0.0,0.0,81.6
1747229143531,6.2,0.0,10.6,0.0,0.0,0.1,83.1
1747229145542,5.5,0.0,10.7,0.0,0.0,0.2,83.6
1747229147554,5.5,0.0,10.7,0.0,0.0,0.0,83.8
1747229149565,5.9,0.0,10.1,0.0,0.0,0.1,84.0
1747229151574,5.4,0.0,9.9,0.0,0.0,0.2,84.5
1747229153586,5.9,0.0,10.6,0.0,0.0,0.3,83.2
1747229155596,7.8,0.0,12.2,0.0,0.0,0.4,79.6
1747229157606,8.4,0.0,13.1,0.0,0.0,0.1,78.4
1747229159617,8.7,0.0,12.7,0.0,0.0,0.1,78.6
1747229161629,8.8,0.0,13.5,0.0,0.0,0.2,77.6
1747229163641,0.0,0.0,0.0,0.0,0.0,0.0,0.0
1747229165654,7.9,0.0,11.9,0.0,0.0,0.2,80.0
1747229167669,8.2,0.0,11.6,0.0,0.0,0.1,80.0
1747229169684,8.1,0.0,11.3,0.0,0.0,0.0,80.5
1747229171697,0.0,0.0,0.0,0.0,0.0,0.0,0.0
1747229173712,7.3,0.0,11.8,0.0,0.0,0.1,80.8
1747229175726,7.4,0.0,11.7,0.0,0.0,0.2,80.8
1747229177740,7.4,0.0,11.3,0.0,0.0,0.1,81.2
1747229179753,7.3,0.0,11.8,0.0,0.0,0.0,80.9
1747229181767,6.1,0.0,8.8,0.0,0.0,0.1,85.0
1747229183774,5.2,0.0,9.3,0.0,0.0,0.1,85.3
1747229185783,6.1,0.0,8.2,0.0,0.0,0.1,85.6
1747229187799,5.7,0.0,10.0,0.0,0.0,0.1,84.2
1747229189808,5.6,0.0,9.6,0.0,0.0,0.1,84.7
1747229191819,6.1,0.0,10.0,0.0,0.0,0.1,83.8
1747229193831,5.7,0.0,11.0,0.0,0.0,0.4,82.9
1747229195842,6.0,0.0,10.9,0.0,0.0,0.3,82.8
1747229197853,6.3,0.0,10.8,0.0,0.0,0.1,82.8
1747229199864,6.4,0.0,10.7,0.0,0.0,0.2,82.6
1747229201876,6.4,0.0,11.0,0.0,0.0,0.1,82.5
1747229203887,6.3,0.0,12.2,0.0,0.0,0.2,81.3
1747229205899,7.3,0.0,11.3,0.0,0.0,0.2,81.2
1747229207909,6.2,0.0,12.6,0.0,0.0,0.1,81.1
1747229209919,6.0,0.0,11.8,0.0,0.0,0.1,82.0
1747229211929,6.4,0.0,12.0,0.0,0.0,0.1,81.5
1747229213940,7.0,0.0,11.4,0.0,0.0,0.2,81.4
1747229215952,6.7,0.0,11.2,0.0,0.0,0.1,82.1
1747229217962,6.6,0.0,11.6,0.0,0.0,0.2,81.6
1747229219971,6.5,0.0,12.3,0.0,0.0,0.1,81.1
1747229221981,7.1,0.0,10.9,0.0,0.0,0.1,81.8
1747229223992,6.1,0.0,11.4,0.0,0.0,0.2,82.3
1747229226004,6.3,0.0,11.2,0.0,0.0,0.2,82.3
1747229228016,6.8,0.0,11.2,0.0,0.0,0.3,81.7
1747229230024,7.0,0.0,11.5,0.0,0.0,0.0,81.5
1747229232033,5.8,0.0,13.3,0.0,0.0,0.0,80.8
1747229234044,6.6,0.0,11.1,0.0,0.0,0.1,82.1
1747229236056,6.6,0.0,11.6,0.0,0.0,0.2,81.7
1747229238067,6.2,0.0,11.6,0.0,0.0,0.3,81.8
1747229240078,6.3,0.0,11.6,0.0,0.0,0.2,82.0
1747229242088,6.5,0.0,12.3,0.0,0.0,0.0,81.1
1747229244097,6.2,0.0,11.3,0.0,0.0,0.2,82.3
1747229246107,8.7,0.0,11.8,0.0,0.0,0.1,79.3
1747229248118,6.6,0.0,10.8,0.0,0.0,0.2,82.4
1747229250128,6.5,0.0,11.3,0.0,0.0,0.1,82.1
1747229252136,5.7,0.0,11.4,0.0,0.0,0.1,82.8
1747229254147,6.4,0.0,11.1,0.0,0.0,0.2,82.3
1747229256156,5.6,0.0,10.8,0.0,0.0,0.2,83.5
1747229258172,5.0,0.0,11.2,0.0,0.0,0.1,83.6
1747229260182,5.6,0.0,11.5,0.0,0.0,0.1,82.8
1747229262195,6.4,0.0,10.7,0.0,0.0,0.2,82.7
1747229264207,5.9,0.0,12.0,0.0,0.0,0.2,81.9
1747229266219,6.4,0.0,11.7,0.0,0.0,0.3,81.6
1747229268230,6.7,0.0,12.8,0.0,0.0,0.3,80.3
1747229270241,7.3,0.0,10.5,0.0,0.0,0.1,82.1
1747229272251,9.3,0.0,13.4,0.0,0.0,0.0,77.2
1747229274263,9.3,0.0,13.0,0.0,0.0,0.0,77.6
1747229276274,8.5,0.0,13.8,0.0,0.0,0.2,77.5
1747229278284,0.0,0.0,0.0,0.0,0.0,0.0,0.0
1747229280295,8.7,0.0,12.9,0.0,0.0,0.2,78.2
1747229282306,8.7,0.0,12.9,0.0,0.0,0.0,78.4
1747229284317,8.4,0.0,13.1,0.0,0.0,0.2,78.2
1747229286329,8.4,0.0,12.5,0.0,0.0,0.1,79.0
1747229288341,8.2,0.0,12.4,0.0,0.0,0.1,79.3
1747229290352,8.3,0.0,12.3,0.0,0.0,0.0,79.4
1747229292364,7.8,0.0,12.4,0.0,0.0,0.1,79.7
1747229294376,8.8,0.0,12.5,0.0,0.0,0.2,78.5
1747229296388,5.8,0.0,9.7,0.0,0.0,0.2,84.3
1747229298398,5.9,0.0,9.7,0.0,0.0,0.1,84.3
1747229300408,6.1,0.0,10.0,0.0,0.0,0.1,83.8
1747229302418,6.6,0.0,9.6,0.0,0.0,0.1,83.6
1747229304426,6.5,0.0,11.6,0.0,0.0,0.2,81.8
1747229306434,6.7,0.0,10.8,0.0,0.0,0.2,82.2
1747229308447,6.7,0.0,11.1,0.0,0.0,0.1,82.2
1747229310461,6.0,0.0,11.4,0.0,0.0,0.2,82.4
1747229312474,6.6,0.0,11.9,0.0,0.0,0.1,81.4
1747229314484,6.3,0.0,11.3,0.0,0.0,0.2,82.3
1747229316494,6.8,0.0,10.7,0.0,0.0,0.2,82.3
1747229318504,6.2,0.0,11.4,0.0,0.0,0.1,82.3
1747229320517,7.2,0.0,10.8,0.0,0.0,0.1,81.8
1747229322531,6.3,0.0,9.9,0.0,0.0,0.0,83.8
1747229324540,6.1,0.0,10.5,0.0,0.0,0.2,83.1
1747229326552,5.9,0.0,11.6,0.0,0.0,0.1,82.4
1747229328564,7.1,0.0,11.0,0.0,0.0,0.1,81.9
1747229330575,6.2,0.0,11.0,0.0,0.0,0.2,82.6
1747229332586,6.0,0.0,10.8,0.0,0.0,0.2,83.0
1747229334597,6.0,0.0,10.9,0.0,0.0,0.2,82.9
1747229336608,6.9,0.0,11.4,0.0,0.0,0.1,81.5
1747229338620,6.2,0.0,11.2,0.0,0.0,0.1,82.4
1747229340631,6.3,0.0,12.0,0.0,0.0,0.1,81.6
1747229342643,6.1,0.0,12.8,0.0,0.0,0.1,81.0
1747229344653,8.3,0.0,12.0,0.0,0.0,0.0,79.8
1747229346664,6.5,0.0,11.2,0.0,0.0,0.1,82.1
1747229348675,6.5,0.0,11.4,0.0,0.0,0.0,82.1
1747229350685,5.4,0.0,12.8,0.0,0.0,0.3,81.5
1747229352697,0.0,0.0,0.0,0.0,0.0,0.0,0.0
1747229354708,9.3,0.0,13.3,0.0,0.0,0.1,77.3
1747229356719,8.8,0.0,13.8,0.0,0.0,0.1,77.3
1747229358730,9.7,0.0,12.8,0.0,0.0,0.2,77.2
1747229360742,9.5,0.0,14.3,0.0,0.0,0.2,76.0
1747229362753,8.4,0.0,12.9,0.0,0.0,0.2,78.6
1747229364765,8.6,0.0,13.2,0.0,0.0,0.0,78.2
1747229366777,8.7,0.0,12.5,0.0,0.0,0.2,78.7
1747229368790,8.4,0.0,13.3,0.0,0.0,0.1,78.2
1747229370814,0.2,0.0,0.2,0.0,0.0,0.0,99.6
1747229372825,6.0,0.0,9.8,0.0,0.0,0.1,84.2
1747229374836,6.0,0.0,9.7,0.0,0.0,0.1,84.2
1747229376847,6.6,0.0,9.4,0.0,0.0,0.1,83.9
1747229378856,0.1,0.0,0.2,0.0,0.0,0.0,99.6
1747229380867,6.2,0.0,10.6,0.0,0.0,0.1,83.0
1747229382877,6.2,0.0,11.2,0.0,0.0,0.1,82.5
1747229384887,6.2,0.0,11.0,0.0,0.0,0.1,82.7
1747229386901,7.3,0.0,11.1,0.0,0.0,0.0,81.5
1747229388909,6.1,0.0,11.7,0.0,0.0,0.1,82.2
1747229390919,6.5,0.0,10.9,0.0,0.0,0.3,82.3
1747229392934,6.2,0.0,10.8,0.0,0.0,0.0,82.9
1747229394946,6.6,0.0,11.7,0.0,0.0,0.0,81.6
1747229396957,6.6,0.0,10.2,0.0,0.0,0.1,83.1
1747229398967,6.5,0.0,10.3,0.0,0.0,0.1,83.1
1747229400976,6.1,0.0,11.3,0.0,0.0,0.2,82.4
1747229402986,6.9,0.0,11.0,0.0,0.0,0.1,82.0
1747229404997,6.1,0.0,11.6,0.0,0.0,0.1,82.2
1747229407009,6.5,0.0,11.7,0.0,0.0,0.0,81.7
1747229409020,6.1,0.0,12.2,0.0,0.0,0.1,81.7
1747229411033,7.5,0.0,11.2,0.0,0.0,0.4,80.9
1747229413044,6.7,0.0,11.7,0.0,0.0,0.1,81.5
1747229415057,6.5,0.0,11.3,0.0,0.0,0.1,82.1
1747229417069,6.1,0.0,11.7,0.0,0.0,0.1,82.1
1747229419081,7.1,0.0,12.1,0.0,0.0,0.1,80.8
1747229421092,6.8,0.0,11.9,0.0,0.0,0.2,81.1
1747229423103,6.5,0.0,12.2,0.0,0.0,0.1,81.2
1747229425114,5.8,0.0,12.5,0.0,0.0,0.2,81.5
1747229427125,7.0,0.0,11.8,0.0,0.0,0.3,81.0
1747229429136,5.9,0.0,12.7,0.0,0.0,0.1,81.2
1747229431148,6.1,0.0,12.1,0.0,0.0,0.2,81.5
1747229433159,6.3,0.0,10.8,0.0,0.0,0.1,82.8
1747229435170,7.0,0.0,10.8,0.0,0.0,0.1,82.1
1747229437181,6.5,0.0,10.8,0.0,0.0,0.0,82.7
1747229439192,5.7,0.0,11.7,0.0,0.0,0.0,82.7
1747229441203,6.2,0.0,11.4,0.0,0.0,0.1,82.4
1747229443213,0.0,0.0,0.0,0.0,0.0,0.0,0.0
1747229445223,8.5,0.0,14.4,0.0,0.0,0.1,77.0
1747229447240,8.6,0.0,12.4,0.0,0.0,0.0,78.9
1747229449264,8.5,0.0,12.6,0.0,0.0,0.1,78.7
1747229451279,8.8,0.0,14.5,0.0,0.0,0.2,76.5
1747229453300,8.2,0.0,12.4,0.0,0.0,0.2,79.2
1747229455316,8.5,0.0,13.6,0.0,0.0,0.3,77.6
1747229457337,8.4,0.0,13.5,0.0,0.0,0.1,78.0
1747229459352,9.4,0.0,13.4,0.0,0.0,0.2,77.0
1747229461368,0.0,0.0,0.0,0.0,0.0,0.0,0.0
1747229463384,8.0,0.0,12.8,0.0,0.0,0.1,79.1
1747229465401,9.4,0.0,11.7,0.0,0.0,0.2,78.6
1747229467413,8.7,0.0,13.1,0.0,0.0,0.1,78.1
1747229469424,0.0,0.0,0.0,0.0,0.0,0.0,99.9
1747229471436,6.2,0.0,10.0,0.0,0.0,0.2,83.6
1747229473448,6.2,0.0,10.0,0.0,0.0,0.1,83.8
1747229475461,5.9,0.0,10.5,0.0,0.0,0.1,83.6
1747229477474,0.2,0.0,0.2,0.0,0.0,0.0,99.6
1747229479486,6.1,0.0,10.7,0.0,0.0,0.1,83.1
1747229481497,6.0,0.0,10.7,0.0,0.0,0.1,83.1
1747229483508,6.0,0.0,10.9,0.0,0.0,0.2,82.8
1747229485520,0.2,0.0,0.2,0.0,0.0,0.0,99.6
1747229487530,6.8,0.0,11.5,0.0,0.0,0.0,81.7
1747229489541,6.9,0.0,11.7,0.0,0.0,0.0,81.3
1747229491552,6.2,0.0,11.1,0.0,0.0,0.2,82.6
1747229493563,0.1,0.0,0.2,0.0,0.0,0.0,99.6
1747229495573,6.7,0.0,11.3,0.0,0.0,0.1,81.9
1747229497585,6.3,0.0,11.8,0.0,0.0,0.1,81.8
1747229499597,6.7,0.0,12.0,0.0,0.0,0.0,81.3
1747229501609,6.5,0.0,12.7,0.0,0.0,0.2,80.6
1747229503619,6.7,0.0,11.8,0.0,0.0,0.1,81.4
1747229505630,6.7,0.0,11.5,0.0,0.0,0.1,81.7
1747229507639,6.4,0.0,12.2,0.0,0.0,0.1,81.3
1747229509650,7.5,0.0,11.7,0.0,0.0,0.1,80.7
1747229511662,6.7,0.0,12.4,0.0,0.0,0.1,80.8
1747229513672,7.3,0.0,12.1,0.0,0.0,0.2,80.3
1747229515683,7.6,0.0,12.2,0.0,0.0,0.1,80.0
1747229517691,7.9,0.0,11.4,0.0,0.0,0.0,80.6
1747229519700,7.0,0.0,11.5,0.0,0.0,0.1,81.4
1747229521711,6.6,0.0,11.7,0.0,0.0,0.2,81.5
1747229523721,6.6,0.0,11.2,0.0,0.0,0.1,82.1
1747229525730,7.7,0.0,12.3,0.0,0.0,0.3,79.7
1747229527738,6.8,0.0,12.8,0.0,0.0,0.0,80.4
1747229529747,5.9,0.0,13.0,0.0,0.0,0.1,81.0
1747229531755,6.3,0.0,11.9,0.0,0.0,0.0,81.7
1747229533766,7.1,0.0,12.1,0.0,0.0,0.1,80.8
1747229535789,6.0,0.0,11.8,0.0,0.0,0.3,81.9
1747229537801,6.7,0.0,12.5,0.0,0.0,0.0,80.8
1747229539810,7.1,0.0,12.4,0.0,0.0,0.1,80.4
1747229541822,8.7,0.0,12.7,0.0,0.0,0.1,78.5
1747229543833,7.5,0.0,11.5,0.0,0.0,0.1,80.8
1747229545844,7.7,0.0,11.3,0.0,0.0,0.1,80.8
1747229547854,6.7,0.0,12.2,0.0,0.0,0.1,81.0
1747229549865,7.3,0.0,12.3,0.0,0.0,0.0,80.4
1747229551876,6.4,0.0,12.2,0.0,0.0,0.0,81.3
1747229553887,5.7,0.0,12.4,0.0,0.0,0.1,81.7
1747229555899,6.3,0.0,12.7,0.0,0.0,0.2,80.8
1747229557909,7.7,0.0,11.7,0.0,0.0,0.1,80.6
1747229559921,7.0,0.0,11.3,0.0,0.0,0.1,81.6
1747229561932,6.2,0.0,13.3,0.0,0.0,0.1,80.4
1747229563944,7.5,0.0,12.3,0.0,0.0,0.0,80.2
1747229565955,8.6,0.0,12.5,0.0,0.0,0.2,78.7
1747229567966,7.3,0.0,11.8,0.0,0.0,0.1,80.7
1747229569977,6.6,0.0,11.3,0.0,0.0,0.1,82.0
1747229571988,6.8,0.0,11.2,0.0,0.0,0.1,81.8
1747229573998,7.3,0.0,11.2,0.0,0.0,0.1,81.3
1747229576013,6.5,0.0,11.6,0.0,0.0,0.2,81.7
1747229578024,6.4,0.0,10.8,0.0,0.0,0.1,82.7
1747229580036,6.0,0.0,11.7,0.0,0.0,0.1,82.3
1747229582047,7.4,0.0,12.0,0.0,0.0,0.1,80.5
1747229584058,6.1,0.0,11.7,0.0,0.0,0.1,82.0
1747229586070,7.1,0.0,12.2,0.0,0.0,0.2,80.5
1747229588081,6.8,0.0,12.5,0.0,0.0,0.0,80.6
1747229590093,8.1,0.0,12.8,0.0,0.0,0.1,79.0
1747229592103,7.2,0.0,11.8,0.0,0.0,0.1,81.0
1747229594113,6.7,0.0,11.6,0.0,0.0,0.1,81.6
1747229596122,6.5,0.0,11.7,0.0,0.0,0.3,81.5
1747229598130,0.0,0.0,0.0,0.0,0.0,0.0,0.0
1747229600148,8.3,0.0,13.7,0.0,0.0,0.1,78.0
1747229602171,9.0,0.0,14.7,0.0,0.0,0.1,76.2
1747229604184,9.2,0.0,13.9,0.0,0.0,0.1,76.7
1747229606201,9.9,0.0,14.7,0.0,0.0,0.2,75.1
1747229608213,7.8,0.0,12.8,0.0,0.0,0.1,79.3
1747229610225,9.2,0.0,14.5,0.0,0.0,0.1,76.2
1747229612237,9.9,0.0,13.9,0.0,0.0,0.1,76.0
1747229614248,9.1,0.0,15.9,0.0,0.0,0.1,74.9
1747229616258,7.4,0.0,11.1,0.0,0.0,0.1,81.3
1747229618267,8.5,0.0,13.9,0.0,0.0,0.1,77.5
1747229620279,9.4,0.0,13.0,0.0,0.0,0.1,77.5
1747229622290,9.9,0.0,13.5,0.0,0.0,0.1,76.4
1747229624301,8.0,0.0,10.8,0.0,0.0,0.1,81.1
1747229626312,6.5,0.0,11.1,0.0,0.0,0.0,82.3
1747229628322,7.0,0.0,10.5,0.0,0.0,0.1,82.4
1747229630332,6.7,0.0,10.8,0.0,0.0,0.1,82.4
1747229632342,0.1,0.0,0.2,0.0,0.0,0.0,99.7
1747229634354,6.8,0.0,11.6,0.0,0.0,0.2,81.5
1747229636365,7.3,0.0,12.1,0.0,0.0,0.1,80.5
1747229638376,6.8,0.0,11.8,0.0,0.0,0.1,81.3
1747229640387,0.2,0.0,0.3,0.0,0.0,0.0,99.5
1747229642398,7.3,0.0,11.7,0.0,0.0,0.1,81.0
1747229644409,7.0,0.0,12.4,0.0,0.0,0.2,80.4
1747229646420,6.2,0.0,12.1,0.0,0.0,0.1,81.5
1747229648432,8.0,0.0,11.6,0.0,0.0,0.1,80.3
1747229650443,7.0,0.0,11.4,0.0,0.0,0.0,81.5
1747229652453,6.6,0.0,11.8,0.0,0.0,0.2,81.4
1747229654463,6.5,0.0,12.2,0.0,0.0,0.1,81.2
1747229656473,8.2,0.0,12.1,0.0,0.0,0.1,79.6
1747229658482,6.5,0.0,11.8,0.0,0.0,0.0,81.6
1747229660492,6.0,0.0,11.9,0.0,0.0,0.0,82.0
1747229662500,6.5,0.0,11.2,0.0,0.0,0.1,82.2
1747229664508,7.7,0.0,10.8,0.0,0.0,0.1,81.4
1747229666517,7.1,0.0,12.0,0.0,0.0,0.1,80.9
1747229668531,6.9,0.0,11.2,0.0,0.0,0.2,81.7
1747229670543,6.9,0.0,11.6,0.0,0.0,0.0,81.5
1747229672554,7.1,0.0,11.2,0.0,0.0,0.0,81.7
1747229674563,6.3,0.0,11.7,0.0,0.0,0.2,81.8
1747229676570,6.2,0.0,10.6,0.0,0.0,0.0,83.1
1747229678593,6.3,0.0,11.7,0.0,0.0,0.0,82.0
1747229680605,7.1,0.0,12.8,0.0,0.0,0.0,80.1
1747229682617,7.0,0.0,11.8,0.0,0.0,0.0,81.2
1747229684628,6.7,0.0,11.5,0.0,0.0,0.1,81.8
1747229686639,7.0,0.0,11.2,0.0,0.0,0.0,81.8
1747229688650,7.9,0.0,11.9,0.0,0.0,0.1,80.1
1747229690662,7.1,0.0,12.2,0.0,0.0,0.1,80.6
1747229692673,7.4,0.0,11.5,0.0,0.0,0.1,81.0
1747229694684,7.3,0.0,12.6,0.0,0.0,0.2,80.0
1747229696694,7.7,0.0,12.7,0.0,0.0,0.1,79.4
1747229698704,7.5,0.0,11.8,0.0,0.0,0.1,80.7
1747229700713,7.0,0.0,12.5,0.0,0.0,0.0,80.4
1747229702724,6.5,0.0,11.8,0.0,0.0,0.0,81.7
1747229704734,7.9,0.0,12.1,0.0,0.0,0.1,79.9
1747229706745,6.8,0.0,12.5,0.0,0.0,0.1,80.6
1747229708756,7.1,0.0,12.1,0.0,0.0,0.1,80.7
1747229710766,7.1,0.0,12.8,0.0,0.0,0.1,80.0
1747229712778,7.8,0.0,12.2,0.0,0.0,0.0,80.0
1747229714789,6.0,0.0,13.3,0.0,0.0,0.1,80.6
1747229716800,7.1,0.0,13.5,0.0,0.0,0.0,79.4
1747229718811,8.5,0.0,13.3,0.0,0.0,0.0,78.1
1747229720821,8.1,0.0,12.1,0.0,0.0,0.1,79.8
1747229722833,6.8,0.0,12.4,0.0,0.0,0.1,80.8
1747229724845,6.8,0.0,13.1,0.0,0.0,0.1,80.0
1747229726855,6.4,0.0,12.5,0.0,0.0,0.0,81.0
1747229728866,8.3,0.0,12.1,0.0,0.0,0.0,79.5
1747229730875,6.6,0.0,12.2,0.0,0.0,0.1,81.1
1747229732884,6.8,0.0,11.6,0.0,0.0,0.0,81.5
1747229734893,6.7,0.0,11.3,0.0,0.0,0.0,82.0
1747229736904,6.7,0.0,11.5,0.0,0.0,0.1,81.7
1747229738917,7.0,0.0,11.7,0.0,0.0,0.0,81.3
1747229740925,7.2,0.0,12.1,0.0,0.0,0.0,80.7
1747229742935,7.2,0.0,11.7,0.0,0.0,0.1,81.0
1747229744948,7.8,0.0,11.8,0.0,0.0,0.0,80.4
1747229746959,7.5,0.0,12.8,0.0,0.0,0.0,79.7
1747229748975,6.4,0.0,12.1,0.0,0.0,0.0,81.4
1747229750989,7.0,0.0,12.1,0.0,0.0,0.2,80.8
1747229753001,7.5,0.0,12.6,0.0,0.0,0.0,79.9
1747229755012,6.6,0.0,12.9,0.0,0.0,0.0,80.5
1747229757023,7.1,0.0,12.1,0.0,0.0,0.1,80.8
1747229759034,7.2,0.0,12.5,0.0,0.0,0.0,80.3
1747229761045,7.5,0.0,12.7,0.0,0.0,0.1,79.7
1747229763055,7.4,0.0,11.9,0.0,0.0,0.1,80.6
1747229765067,6.7,0.0,12.0,0.0,0.0,0.1,81.2
1747229767078,7.5,0.0,13.6,0.0,0.0,0.0,78.9
1747229769088,7.4,0.0,12.5,0.0,0.0,0.1,80.0
1747229771099,6.7,0.0,12.5,0.0,0.0,0.3,80.5
1747229773109,6.8,0.0,12.0,0.0,0.0,0.1,81.1
1747229775121,6.7,0.0,12.8,0.0,0.0,0.0,80.5
1747229777132,7.2,0.0,11.8,0.0,0.0,0.0,81.0
1747229779143,10.2,0.0,14.7,0.0,0.0,0.1,75.0
1747229781154,10.3,0.0,15.7,0.0,0.0,0.4,73.7
1747229783165,11.1,0.0,15.8,0.0,0.0,0.1,73.1
1747229785176,11.3,0.0,16.6,0.0,0.0,0.0,72.1
1747229787188,0.0,0.0,0.0,0.0,0.0,0.0,0.0
1747229789199,10.0,0.0,14.9,0.0,0.0,0.0,75.1
1747229791211,9.6,0.0,14.8,0.0,0.0,0.1,75.5
1747229793225,9.4,0.0,14.6,0.0,0.0,0.0,76.0
1747229795240,0.0,0.0,0.0,0.0,0.0,0.0,0.0
1747229797255,8.9,0.0,13.0,0.0,0.0,0.0,78.1
1747229799268,8.4,0.0,13.8,0.0,0.0,0.1,77.7
1747229801282,9.0,0.0,13.6,0.0,0.0,0.2,77.2
1747229803295,0.2,0.0,0.3,0.0,0.0,0.0,99.5
1747229805306,6.7,0.0,10.7,0.0,0.0,0.1,82.6
1747229807319,6.8,0.0,11.1,0.0,0.0,0.1,82.0
1747229809327,6.5,0.0,11.4,0.0,0.0,0.1,82.0
1747229811338,6.8,0.0,11.6,0.0,0.0,0.2,81.5
1747229813350,6.6,0.0,11.7,0.0,0.0,0.1,81.5
1747229815362,6.7,0.0,12.4,0.0,0.0,0.1,80.9
1747229817372,6.9,0.0,12.0,0.0,0.0,0.1,81.1
1747229819383,6.9,0.0,11.9,0.0,0.0,0.0,81.2
1747229821392,6.9,0.0,11.4,0.0,0.0,0.3,81.4
1747229823402,7.3,0.0,11.9,0.0,0.0,0.0,80.8
1747229825413,7.0,0.0,12.4,0.0,0.0,0.1,80.5
1747229827425,7.2,0.0,12.1,0.0,0.0,0.0,80.6
1747229829437,7.0,0.0,12.1,0.0,0.0,0.1,80.8
1747229831451,6.9,0.0,12.8,0.0,0.0,0.1,80.2
1747229833464,6.7,0.0,12.0,0.0,0.0,0.1,81.1
1747229835474,6.5,0.0,12.8,0.0,0.0,0.1,80.5
1747229837486,7.1,0.0,12.2,0.0,0.0,0.1,80.7
1747229839498,6.6,0.0,12.1,0.0,0.0,0.0,81.2
1747229841510,7.1,0.0,12.3,0.0,0.0,0.2,80.5
1747229843522,7.3,0.0,11.6,0.0,0.0,0.1,81.0
1747229845533,10.7,0.0,15.5,0.0,0.0,0.1,73.8
1747229847545,10.4,0.0,14.5,0.0,0.0,0.1,75.0
1747229849556,9.8,0.0,14.9,0.0,0.0,0.1,75.2
1747229851566,10.3,0.0,14.6,0.0,0.0,0.2,75.0
1747229853578,0.0,0.0,0.0,0.0,0.0,0.0,0.0
1747229855589,9.7,0.0,13.8,0.0,0.0,0.1,76.4
1747229857603,9.3,0.0,14.6,0.0,0.0,0.1,76.0
1747229859618,9.6,0.0,14.4,0.0,0.0,0.1,75.9
1747229861632,0.0,0.0,0.0,0.0,0.0,0.0,0.0
1747229863644,8.8,0.0,14.0,0.0,0.0,0.1,77.1
1747229865656,9.0,0.0,14.8,0.0,0.0,0.1,76.1
1747229867667,9.5,0.0,13.7,0.0,0.0,0.1,76.8
1747229869679,8.9,0.0,14.2,0.0,0.0,0.1,76.7
1747229871691,7.2,0.0,10.4,0.0,0.0,0.2,82.2
1747229873701,6.8,0.0,11.2,0.0,0.0,0.1,81.8
1747229875711,6.6,0.0,12.0,0.0,0.0,0.0,81.4
1747229877722,6.0,0.0,11.0,0.0,0.0,0.0,83.0
1747229879739,7.0,0.0,11.7,0.0,0.0,0.1,81.2
1747229881750,7.0,0.0,12.5,0.0,0.0,0.1,80.5
1747229883761,6.8,0.0,12.7,0.0,0.0,0.0,80.4
1747229885772,7.2,0.0,12.0,0.0,0.0,0.1,80.7
1747229887783,7.0,0.0,11.9,0.0,0.0,0.0,81.0
1747229889804,7.1,0.0,11.5,0.0,0.0,0.1,81.2
1747229891815,7.0,0.0,12.1,0.0,0.0,0.2,80.8
1747229893826,7.5,0.0,13.4,0.0,0.0,0.0,79.0
1747229895835,8.5,0.0,12.6,0.0,0.0,0.1,78.8
1747229897846,7.9,0.0,13.5,0.0,0.0,0.1,78.5
1747229899857,7.7,0.0,13.2,0.0,0.0,0.0,79.0
1747229901868,7.4,0.0,13.6,0.0,0.0,0.1,78.8
1747229903878,8.1,0.0,13.1,0.0,0.0,0.1,78.7
1747229905889,7.7,0.0,13.1,0.0,0.0,0.1,79.1
1747229907900,7.3,0.0,13.6,0.0,0.0,0.1,78.9
1747229909911,7.5,0.0,13.3,0.0,0.0,0.0,79.1
1747229911922,10.1,0.0,13.8,0.0,0.0,0.2,75.9
1747229913937,10.2,0.0,14.8,0.0,0.0,0.1,74.8
1747229915952,10.1,0.0,15.8,0.0,0.0,0.2,73.9
1747229917965,10.5,0.0,15.1,0.0,0.0,0.1,74.3
1747229919982,0.0,0.0,0.0,0.0,0.0,0.0,0.0
1747229921998,9.2,0.0,14.5,0.0,0.0,0.2,76.1
1747229924013,9.5,0.0,14.5,0.0,0.0,0.1,75.9
1747229926025,9.7,0.0,13.9,0.0,0.0,0.2,76.1
1747229928038,0.0,0.0,0.0,0.0,0.0,0.0,0.0
1747229930049,9.5,0.0,13.8,0.0,0.0,0.1,76.5
1747229932061,9.4,0.0,15.0,0.0,0.0,0.1,75.4
1747229934073,9.8,0.0,14.1,0.0,0.0,0.1,75.9
1747229936085,9.8,0.0,14.6,0.0,0.0,0.2,75.4
1747229938096,6.8,0.0,12.0,0.0,0.0,0.2,81.0
1747229940105,7.3,0.0,12.0,0.0,0.0,0.1,80.6
1747229942114,6.8,0.0,11.2,0.0,0.0,0.2,81.8
1747229944124,7.2,0.0,12.4,0.0,0.0,0.1,80.3
1747229946132,7.2,0.0,12.4,0.0,0.0,0.2,80.3
1747229948142,7.2,0.0,13.9,0.0,0.0,0.0,78.9
1747229950152,7.4,0.0,12.6,0.0,0.0,0.1,79.8
1747229952171,6.9,0.0,12.7,0.0,0.0,0.2,80.2
1747229954191,7.8,0.0,12.7,0.0,0.0,0.2,79.2
1747229956202,7.2,0.0,13.3,0.0,0.0,0.3,79.3
1747229958213,7.9,0.0,12.7,0.0,0.0,0.1,79.3
1747229960224,8.1,0.0,14.0,0.0,0.0,0.1,77.8
1747229962234,7.6,0.0,13.5,0.0,0.0,0.1,78.8
1747229964245,7.6,0.0,12.6,0.0,0.0,0.0,79.8
1747229966256,7.7,0.0,14.0,0.0,0.0,0.2,78.2
1747229968267,7.6,0.0,13.5,0.0,0.0,0.1,78.7
1747229970280,9.5,0.0,14.3,0.0,0.0,0.1,76.0
1747229972291,10.9,0.0,16.7,0.0,0.0,0.1,72.3
1747229974303,10.8,0.0,17.0,0.0,0.0,0.2,72.0
1747229976318,9.9,0.0,16.6,0.0,0.0,0.1,73.3
1747229978331,0.0,0.0,0.0,0.0,0.0,0.0,0.0
1747229980342,9.9,0.0,16.1,0.0,0.0,0.1,73.9
1747229982354,10.2,0.0,15.2,0.0,0.0,0.2,74.5
1747229984369,10.4,0.0,14.5,0.0,0.0,0.2,74.9
1747229986382,9.8,0.0,14.4,0.0,0.0,0.0,75.7
1747229988398,9.5,0.0,13.1,0.0,0.0,0.0,77.4
1747229990412,9.5,0.0,14.7,0.0,0.0,0.0,75.9
1747229992426,10.0,0.0,14.4,0.0,0.0,0.0,75.6
1747229994438,9.8,0.0,15.3,0.0,0.0,0.1,74.7
1747229996451,6.6,0.0,11.3,0.0,0.0,0.2,81.9
1747229998462,7.0,0.0,11.5,0.0,0.0,0.1,81.4
1747230000473,7.2,0.0,12.0,0.0,0.0,0.1,80.8
1747230002483,6.8,0.0,12.9,0.0,0.0,0.2,80.1
1747230004493,7.4,0.0,13.8,0.0,0.0,0.0,78.8
1747230006502,7.3,0.0,14.4,0.0,0.0,0.1,78.2
1747230008512,8.3,0.0,14.5,0.0,0.0,0.1,77.1
1747230010522,7.2,0.0,13.0,0.0,0.0,0.1,79.6
1747230012531,7.1,0.0,13.1,0.0,0.0,0.3,79.6
1747230014542,6.8,0.0,12.1,0.0,0.0,0.1,81.0
1747230016552,6.7,0.0,12.5,0.0,0.0,0.2,80.6
1747230018563,7.5,0.0,13.2,0.0,0.0,0.0,79.3
1747230020573,7.1,0.0,12.3,0.0,0.0,0.1,80.5
1747230022582,7.0,0.0,14.4,0.0,0.0,0.1,78.5
1747230024593,7.2,0.0,13.0,0.0,0.0,0.1,79.7
1747230026605,7.7,0.0,13.0,0.0,0.0,0.2,79.1
1747230028616,7.5,0.0,14.1,0.0,0.0,0.1,78.3
1747230030627,6.9,0.0,13.6,0.0,0.0,0.1,79.4
1747230032637,7.6,0.0,13.8,0.0,0.0,0.1,78.5
1747230034645,7.8,0.0,12.4,0.0,0.0,0.1,79.7
1747230036657,6.4,0.0,12.2,0.0,0.0,0.1,81.3
1747230038665,6.4,0.0,12.7,0.0,0.0,0.0,80.8
1747230040672,6.3,0.0,12.0,0.0,0.0,0.1,81.5
1747230042683,6.3,0.0,12.7,0.0,0.0,0.1,80.9
1747230044692,8.3,0.0,12.2,0.0,0.0,0.1,79.4
1747230046704,10.8,0.0,15.3,0.0,0.0,0.2,73.7
1747230048717,10.4,0.0,15.6,0.0,0.0,0.0,73.9
1747230050729,10.2,0.0,15.7,0.0,0.0,0.1,74.0
1747230052741,0.0,0.0,0.0,0.0,0.0,0.0,0.0
1747230054752,10.1,0.0,14.9,0.0,0.0,0.1,74.9
1747230056764,9.7,0.0,14.9,0.1,0.0,0.2,75.2
1747230058776,10.1,0.0,14.5,0.0,0.0,0.1,75.3
1747230060788,9.3,0.0,15.3,0.0,0.0,0.2,75.1
1747230062800,8.8,0.0,14.3,0.0,0.0,0.1,76.8
1747230064819,8.9,0.0,14.2,0.0,0.0,0.1,76.8
1747230066831,9.4,0.0,14.1,0.0,0.0,0.1,76.4
1747230068846,9.7,0.0,14.8,0.0,0.0,0.0,75.5
1747230070861,8.5,0.0,12.4,0.0,0.0,0.1,78.9
1747230072884,8.8,0.0,13.8,0.0,0.0,0.0,77.3
1747230074900,9.1,0.0,14.2,0.0,0.0,0.1,76.7
1747230076912,9.8,0.0,14.6,0.0,0.0,0.1,75.5
1747230078925,0.0,0.0,0.0,0.0,0.0,0.0,100.0
1747230080936,6.6,0.0,11.8,0.0,0.0,0.1,81.6
1747230082947,6.6,0.0,12.2,0.0,0.0,0.1,81.0
1747230084956,6.7,0.0,12.2,0.0,0.0,0.1,81.0
1747230086965,0.0,0.0,0.0,0.0,0.0,0.0,100.0
1747230088974,6.6,0.0,12.2,0.0,0.0,0.1,81.1
1747230090985,6.6,0.0,12.1,0.0,0.0,0.1,81.2
1747230092995,6.6,0.0,11.8,0.0,0.0,0.0,81.6
1747230095003,0.2,0.0,0.3,0.0,0.0,0.0,99.5
1747230097012,6.6,0.0,11.4,0.0,0.0,0.2,81.8
1747230099025,6.2,0.0,11.3,0.0,0.0,0.0,82.5
1747230101059,6.2,0.0,12.6,0.0,0.0,0.1,81.2
1747230103073,0.2,0.0,0.3,0.0,0.0,0.0,99.6
1747230105084,7.2,0.0,12.2,0.0,0.0,0.0,80.6
1747230107096,6.8,0.0,12.2,0.0,0.0,0.1,80.9
1747230109107,7.1,0.0,11.9,0.0,0.0,0.1,81.0
1747230111117,0.2,0.0,0.3,0.0,0.0,0.0,99.5
1747230113129,7.1,0.0,12.5,0.0,0.0,0.2,80.2
1747230115138,7.4,0.0,13.2,0.0,0.0,0.1,79.3
1747230117148,7.4,0.0,13.6,0.0,0.0,0.1,78.8
1747230119157,8.0,0.0,13.2,0.0,0.0,0.1,78.7
1747230121166,8.0,0.0,14.0,0.0,0.0,0.1,77.8
1747230123175,8.1,0.0,13.1,0.0,0.0,0.2,78.6
1747230125186,7.5,0.0,13.7,0.0,0.0,0.1,78.7
1747230127197,7.8,0.0,13.4,0.0,0.0,0.1,78.6
1747230129207,7.5,0.0,13.0,0.1,0.0,0.2,79.3
1747230131217,7.5,0.0,13.4,0.0,0.0,0.1,79.0
1747230133228,7.3,0.0,12.7,0.0,0.0,0.1,79.9
1747230135237,7.8,0.0,13.7,0.0,0.0,0.1,78.5
1747230137254,7.3,0.0,13.3,0.0,0.0,0.1,79.3
1747230139270,8.0,0.0,13.5,0.0,0.0,0.1,78.4
1747230141279,8.1,0.0,13.3,0.0,0.0,0.2,78.3
1747230143288,8.1,0.0,12.9,0.0,0.0,0.1,79.0
1747230145300,7.4,0.0,14.2,0.0,0.0,0.1,78.3
1747230147311,8.1,0.0,13.6,0.0,0.0,0.1,78.2
1747230149322,7.4,0.0,13.8,0.1,0.0,0.1,78.7
1747230151331,7.8,0.0,13.1,0.0,0.0,0.1,79.1
1747230153339,7.4,0.0,13.2,0.0,0.0,0.1,79.3
1747230155348,7.4,0.0,13.1,0.1,0.0,0.1,79.3
1747230157358,7.4,0.0,13.0,0.0,0.0,0.1,79.6
1747230159372,7.2,0.0,13.1,0.0,0.0,0.1,79.5
1747230161385,7.6,0.0,13.6,0.0,0.0,0.1,78.7
1747230163396,7.1,0.0,13.6,0.0,0.0,0.1,79.2
1747230165415,8.0,0.0,13.9,0.1,0.0,0.1,78.0
1747230167432,7.8,0.0,14.5,0.0,0.0,0.1,77.6
1747230169442,8.0,0.0,12.7,0.0,0.0,0.1,79.3
1747230171456,7.7,0.0,13.7,0.0,0.0,0.1,78.4
1747230173467,7.8,0.0,14.5,0.0,0.0,0.1,77.6
1747230175477,8.1,0.0,13.9,0.0,0.0,0.1,77.8
1747230177487,8.3,0.0,13.0,0.0,0.0,0.1,78.6
1747230179497,7.7,0.0,14.2,0.0,0.0,0.1,78.0
1747230181509,7.7,0.0,15.6,0.1,0.0,0.1,76.6
1747230183519,8.0,0.0,14.0,0.0,0.0,0.1,77.8
1747230185527,7.8,0.0,13.6,0.0,0.0,0.2,78.4
1747230187537,7.0,0.0,15.1,0.0,0.0,0.1,78.0
1747230189548,8.5,0.0,13.6,0.0,0.0,0.1,77.8
1747230191558,8.5,0.0,14.8,0.0,0.0,0.2,76.5
1747230193568,7.9,0.0,14.1,0.0,0.0,0.1,77.9
1747230195577,7.8,0.0,14.1,0.0,0.0,0.1,78.1
1747230197586,7.9,0.0,14.3,0.0,0.0,0.1,77.7
1747230199595,8.7,0.0,14.0,0.0,0.0,0.1,77.2
1747230201606,7.4,0.0,15.0,0.0,0.0,0.1,77.5
1747230203616,7.8,0.0,14.3,0.0,0.0,0.1,77.8
1747230205626,8.0,0.0,13.5,0.0,0.0,0.1,78.4
1747230207642,7.8,0.0,13.8,0.0,0.0,0.1,78.3
1747230209654,7.7,0.0,13.3,0.0,0.0,0.1,79.0
1747230211675,6.9,0.0,14.3,0.0,0.0,0.1,78.7
1747230213687,7.3,0.0,13.7,0.0,0.0,0.1,79.0
1747230215701,0.0,0.0,0.0,0.0,0.0,0.0,0.0
1747230217712,12.1,0.0,17.5,0.0,0.0,0.0,70.4
1747230219723,11.6,0.0,18.3,0.0,0.0,0.0,70.1
1747230221734,12.2,0.0,17.3,0.0,0.0,0.2,70.2
1747230223746,12.6,0.0,17.9,0.0,0.0,0.0,69.5
1747230225756,10.6,0.0,13.1,0.0,0.0,0.1,76.2
1747230227766,10.4,0.0,17.0,0.0,0.0,0.1,72.5
1747230229779,11.5,0.0,15.7,0.0,0.0,0.0,72.7
1747230231793,11.5,0.0,17.5,0.0,0.0,0.0,71.0
1747230233809,10.1,0.0,13.2,0.0,0.0,0.0,76.7
1747230235819,10.3,0.0,16.4,0.0,0.0,0.1,73.2
1747230237832,10.6,0.0,16.0,0.0,0.0,0.1,73.2
1747230239843,11.6,0.0,16.1,0.0,0.0,0.0,72.2
1747230241855,0.2,0.0,0.2,0.0,0.0,0.0,99.6
1747230243866,7.5,0.0,13.4,0.0,0.0,0.1,79.1
1747230245876,7.6,0.0,13.3,0.0,0.0,0.0,79.0
1747230247886,7.2,0.0,13.2,0.0,0.0,0.1,79.5
1747230249897,9.1,0.0,12.8,0.0,0.0,0.2,78.0
1747230251908,7.0,0.0,13.1,0.0,0.0,0.2,79.5
1747230253919,7.3,0.0,13.7,0.0,0.0,0.0,78.9
1747230255930,7.3,0.0,13.7,0.0,0.0,0.1,78.9
1747230257939,8.5,0.0,13.4,0.0,0.0,0.1,78.0
1747230259950,7.2,0.0,13.5,0.0,0.0,0.0,79.4
1747230261958,7.1,0.0,13.8,0.0,0.0,0.2,78.9
1747230263967,7.1,0.0,13.0,0.0,0.0,0.1,79.8
1747230265977,8.0,0.0,12.4,0.0,0.0,0.2,79.4
1747230267988,7.3,0.0,12.1,0.0,0.0,0.2,80.5
1747230270008,6.2,0.0,13.6,0.0,0.0,0.0,80.1
1747230272020,7.2,0.0,13.9,0.0,0.0,0.0,78.9
1747230274033,7.3,0.0,14.6,0.0,0.0,0.1,78.0
1747230276046,7.4,0.0,13.7,0.0,0.0,0.0,78.9
1747230278058,6.6,0.0,13.1,0.0,0.0,0.1,80.2
1747230280070,7.2,0.0,12.9,0.0,0.0,0.1,79.8
1747230282082,8.3,0.0,12.7,0.0,0.0,0.1,78.9
1747230284094,7.7,0.0,13.1,0.0,0.0,0.1,79.1
1747230286104,7.6,0.0,13.0,0.0,0.0,0.1,79.2
1747230288114,7.9,0.0,14.0,0.0,0.0,0.1,77.9
1747230290125,7.0,0.0,13.1,0.0,0.0,0.1,79.8
1747230292133,7.0,0.0,12.9,0.0,0.0,0.2,80.0
1747230294141,7.2,0.0,11.8,0.0,0.0,0.0,81.0
1747230296150,7.2,0.0,12.3,0.0,0.0,0.1,80.3
1747230298162,7.0,0.0,12.3,0.0,0.0,0.0,80.7
1747230300171,7.2,0.0,12.2,0.0,0.0,0.1,80.5
1747230302181,7.4,0.0,11.8,0.0,0.0,0.1,80.7
1747230304196,7.3,0.0,12.2,0.0,0.0,0.1,80.4
1747230306206,7.5,0.0,13.2,0.0,0.0,0.0,79.2
1747230308217,8.1,0.0,12.2,0.0,0.0,0.0,79.7
1747230310228,7.5,0.0,13.6,0.0,0.0,0.0,78.9
1747230312238,8.0,0.0,13.9,0.0,0.0,0.1,77.9
1747230314249,7.8,0.0,12.9,0.0,0.0,0.2,79.1
1747230316258,7.5,0.0,12.9,0.0,0.0,0.1,79.6
1747230318267,7.5,0.0,12.6,0.0,0.0,0.0,79.9
1747230320277,7.5,0.0,12.2,0.0,0.0,0.1,80.2
1747230322285,7.8,0.0,12.1,0.0,0.0,0.2,79.9
1747230324295,7.2,0.0,14.1,0.0,0.0,0.0,78.6
1747230326314,6.6,0.0,12.7,0.0,0.0,0.1,80.6
1747230328334,6.4,0.0,12.3,0.0,0.0,0.1,81.2
1747230330353,6.8,0.0,12.9,0.0,0.0,0.1,80.2
1747230332379,7.0,0.0,12.3,0.0,0.0,0.2,80.4
1747230334392,7.7,0.0,13.6,0.0,0.0,0.1,78.6
1747230336404,8.1,0.0,13.4,0.0,0.0,0.0,78.4
1747230338415,7.9,0.0,13.1,0.0,0.0,0.1,78.9
1747230340425,8.2,0.0,13.4,0.0,0.0,0.0,78.3
1747230342437,7.4,0.0,13.8,0.0,0.0,0.1,78.7
1747230344449,7.7,0.0,14.4,0.0,0.0,0.0,77.8
1747230346458,7.5,0.0,14.1,0.0,0.0,0.1,78.3
1747230348469,7.4,0.0,13.7,0.0,0.0,0.1,78.9
1747230350477,7.1,0.0,13.4,0.0,0.0,0.1,79.3
1747230352486,7.5,0.0,13.3,0.0,0.0,0.1,79.1
1747230354496,7.6,0.0,13.5,0.0,0.0,0.0,78.8
1747230356507,8.5,0.0,12.7,0.0,0.0,0.1,78.6
1747230358519,8.0,0.0,12.4,0.0,0.0,0.0,79.5
1747230360530,7.3,0.0,12.2,0.0,0.0,0.1,80.4
1747230362541,7.1,0.0,12.7,0.0,0.0,0.2,79.9
1747230364552,7.6,0.0,12.7,0.0,0.0,0.0,79.6
1747230366563,7.0,0.0,13.8,0.0,0.0,0.0,79.1
1747230368573,6.9,0.0,13.9,0.0,0.0,0.0,79.2
1747230370582,7.2,0.0,12.8,0.0,0.0,0.0,79.9
1747230372590,7.2,0.0,12.2,0.0,0.0,0.1,80.5
1747230374598,7.2,0.0,12.8,0.0,0.0,0.1,79.9
1747230376605,7.2,0.0,13.7,0.0,0.0,0.1,78.9
1747230378613,8.1,0.0,12.8,0.0,0.0,0.0,79.0
1747230380622,8.6,0.0,13.4,0.0,0.0,0.1,77.9
1747230382634,7.1,0.0,12.9,0.0,0.0,0.1,79.8
1747230384644,7.3,0.0,12.9,0.0,0.0,0.1,79.8
1747230386653,6.8,0.0,12.4,0.0,0.0,0.2,80.6
1747230388662,7.3,0.0,12.2,0.0,0.0,0.1,80.4
1747230390671,7.1,0.0,12.9,0.0,0.0,0.1,80.0
1747230392681,7.3,0.0,12.6,0.0,0.0,0.1,80.0
1747230394693,8.0,0.0,13.3,0.0,0.0,0.0,78.7
1747230396704,8.1,0.0,12.2,0.0,0.0,0.2,79.5
1747230398712,7.7,0.0,12.7,0.0,0.0,0.1,79.5
1747230400724,7.2,0.0,13.2,0.0,0.0,0.1,79.5
1747230402734,7.8,0.0,13.1,0.0,0.0,0.0,79.1
1747230404745,7.6,0.0,13.2,0.0,0.0,0.1,79.0
1747230406755,7.8,0.0,13.4,0.0,0.0,0.2,78.6
1747230408765,7.7,0.0,13.8,0.0,0.0,0.0,78.4
1747230410777,8.8,0.0,14.3,0.0,0.0,0.0,76.8
1747230412787,7.1,0.0,13.6,0.0,0.0,0.1,79.1
1747230414799,6.9,0.0,14.1,0.0,0.0,0.1,78.9
1747230416809,7.1,0.0,13.5,0.0,0.0,0.2,79.2
1747230418819,8.5,0.0,14.1,0.0,0.0,0.1,77.2
1747230420831,7.4,0.0,13.2,0.0,0.0,0.2,79.3
1747230422843,7.8,0.0,12.7,0.0,0.0,0.1,79.5
1747230424855,7.7,0.0,13.2,0.0,0.0,0.2,78.9
1747230426867,7.7,0.0,12.9,0.0,0.0,0.2,79.2
1747230428878,7.2,0.0,12.9,0.0,0.0,0.1,79.7
1747230430889,7.6,0.0,13.2,0.0,0.0,0.1,79.0
1747230432900,7.7,0.0,13.3,0.0,0.0,0.1,79.0
1747230434912,7.6,0.0,13.6,0.0,0.0,0.1,78.8
1747230436923,7.3,0.0,12.5,0.0,0.0,0.2,80.0
1747230438933,7.2,0.0,12.8,0.0,0.0,0.1,80.0
1747230440944,7.3,0.0,13.5,0.0,0.0,0.1,79.1
1747230442955,8.0,0.0,13.3,0.0,0.0,0.0,78.6
1747230444964,7.1,0.0,12.7,0.0,0.0,0.1,80.1
1747230446976,7.1,0.0,13.6,0.0,0.0,0.1,79.1
1747230448987,7.3,0.0,12.9,0.0,0.0,0.1,79.7
1747230451001,7.1,0.0,13.5,0.0,0.0,0.0,79.4
1747230453012,7.5,0.0,13.8,0.0,0.0,0.0,78.7
1747230455023,7.7,0.0,13.8,0.0,0.0,0.1,78.4
1747230457034,7.8,0.0,13.3,0.0,0.0,0.1,78.8
1747230459045,8.0,0.0,13.3,0.0,0.0,0.1,78.6
1747230461057,8.6,0.0,12.4,0.0,0.0,0.0,79.0
1747230463067,7.3,0.0,12.7,0.0,0.0,0.1,80.0
1747230465076,7.9,0.0,12.7,0.0,0.0,0.1,79.3
1747230467086,8.0,0.0,13.3,0.0,0.0,0.2,78.5
1747230469100,8.0,0.0,13.2,0.0,0.0,0.1,78.7
1747230471112,8.0,0.0,13.3,0.0,0.0,0.1,78.7
1747230473122,7.5,0.0,13.2,0.0,0.0,0.1,79.2
1747230475131,8.7,0.0,13.5,0.0,0.0,0.2,77.7
1747230477142,8.8,0.0,13.1,0.0,0.0,0.1,78.0
1747230479154,7.9,0.0,12.6,0.0,0.0,0.1,79.4
1747230481167,7.9,0.0,14.2,0.0,0.0,0.2,77.7
1747230483178,8.3,0.0,13.5,0.0,0.0,0.1,78.1
1747230485189,9.1,0.0,13.1,0.0,0.0,0.1,77.7
1747230487200,7.5,0.0,13.6,0.0,0.0,0.1,78.8
1747230489210,7.2,0.0,14.1,0.0,0.0,0.0,78.7
1747230491221,7.6,0.0,13.8,0.0,0.0,0.1,78.5
1747230493230,9.8,0.0,13.5,0.0,0.0,0.2,76.5
1747230495240,7.4,0.0,14.1,0.0,0.0,0.1,78.4
1747230497249,7.2,0.0,13.9,0.0,0.0,0.1,78.8
1747230499260,8.1,0.0,13.9,0.0,0.0,0.0,78.0
1747230501271,9.0,0.0,13.4,0.0,0.0,0.1,77.5
1747230503282,7.2,0.0,14.3,0.0,0.0,0.0,78.4
1747230505293,7.7,0.0,13.9,0.0,0.0,0.0,78.3
1747230507304,8.0,0.0,13.6,0.0,0.0,0.1,78.3
1747230509312,8.6,0.0,14.4,0.0,0.0,0.1,76.8
1747230511322,7.5,0.0,14.2,0.0,0.0,0.0,78.3
1747230513333,7.1,0.0,14.4,0.0,0.0,0.1,78.4
1747230515346,7.8,0.0,13.6,0.0,0.0,0.1,78.5
1747230517358,8.9,0.0,13.0,0.0,0.0,0.1,78.0
1747230519368,7.6,0.0,13.5,0.0,0.0,0.0,78.9
1747230521379,7.4,0.0,13.8,0.0,0.0,0.0,78.8
1747230523389,7.6,0.0,13.8,0.0,0.0,0.0,78.6
1747230525399,8.7,0.0,13.2,0.0,0.0,0.0,78.1
1747230527409,7.6,0.0,12.8,0.0,0.0,0.1,79.4
1747230529417,7.5,0.0,13.2,0.0,0.0,0.1,79.3
1747230531429,7.9,0.0,13.9,0.0,0.0,0.1,78.1
1747230533443,9.6,0.0,14.4,0.0,0.0,0.1,75.9
1747230535459,8.9,0.0,13.5,0.0,0.0,0.1,77.5
1747230537469,8.1,0.0,12.6,0.0,0.0,0.1,79.1
1747230539478,7.5,0.0,13.3,0.0,0.0,0.1,79.1
1747230541494,8.8,0.0,13.1,0.0,0.0,0.1,78.0
1747230543504,7.6,0.0,13.7,0.0,0.0,0.1,78.5
1747230545514,7.5,0.0,13.2,0.0,0.0,0.1,79.2
1747230547525,7.0,0.0,14.4,0.0,0.0,0.1,78.5
1747230549537,8.8,0.0,13.4,0.0,0.0,0.1,77.7
1747230551548,7.6,0.0,13.5,0.0,0.0,0.1,78.9
1747230553560,7.8,0.0,13.0,0.0,0.0,0.0,79.1
1747230555571,8.1,0.0,12.8,0.0,0.0,0.1,79.0
1747230557581,10.2,0.0,14.1,0.0,0.0,0.1,75.6
1747230559591,10.4,0.0,14.4,0.0,0.0,0.1,75.0
1747230561602,8.5,0.0,14.7,0.0,0.0,0.0,76.8
1747230563613,8.8,0.0,13.7,0.0,0.0,0.1,77.4
1747230565623,0.0,0.0,0.0,0.0,0.0,0.0,0.0
1747230567632,10.9,0.0,16.8,0.0,0.0,0.1,72.2
1747230569641,10.8,0.0,17.4,0.0,0.0,0.1,71.7
1747230571652,11.4,0.0,17.1,0.0,0.0,0.1,71.4
1747230573663,11.9,0.0,18.0,0.0,0.0,0.2,69.9
1747230575673,9.4,0.0,14.3,0.0,0.0,0.1,76.2
1747230577684,10.5,0.0,15.5,0.0,0.0,0.0,73.9
1747230579701,10.3,0.0,16.0,0.0,0.0,0.1,73.5
1747230581716,11.1,0.0,15.7,0.0,0.0,0.1,73.0
1747230583732,0.0,0.0,0.0,0.0,0.0,0.0,0.0
1747230585746,9.8,0.0,15.3,0.0,0.0,0.1,74.8
1747230587759,9.5,0.0,15.4,0.0,0.0,0.1,75.0
1747230589772,10.2,0.0,15.8,0.0,0.0,0.1,73.8
1747230591784,0.0,0.0,0.0,0.0,0.0,0.0,99.9
1747230593794,7.6,0.0,11.7,0.0,0.0,0.1,80.6
1747230595803,7.8,0.0,11.4,0.0,0.0,0.1,80.7
1747230597811,7.1,0.0,12.3,0.0,0.0,0.2,80.5
1747230599821,0.1,0.0,0.1,0.0,0.0,0.0,99.8
1747230601830,7.7,0.0,13.1,0.0,0.0,0.2,79.0
1747230603840,7.1,0.0,12.9,0.0,0.0,0.2,79.8
1747230605850,7.4,0.0,13.5,0.0,0.0,0.1,79.0
1747230607860,0.2,0.0,0.3,0.0,0.0,0.0,99.5
1747230609871,7.9,0.0,14.0,0.0,0.0,0.1,78.1
1747230611882,8.3,0.0,13.9,0.0,0.0,0.1,77.6
1747230613892,8.6,0.0,14.0,0.0,0.0,0.1,77.3
1747230615903,8.0,0.0,14.2,0.0,0.0,0.1,77.7
1747230617913,7.8,0.0,14.5,0.0,0.0,0.2,77.5
1747230619924,8.0,0.0,13.6,0.0,0.0,0.1,78.2
1747230621935,7.9,0.0,14.1,0.0,0.0,0.2,77.8
1747230623946,7.6,0.0,13.8,0.0,0.0,0.1,78.4
1747230625957,7.9,0.0,13.6,0.0,0.0,0.0,78.4
1747230627967,8.0,0.0,14.7,0.0,0.0,0.1,77.3
1747230629976,8.3,0.0,15.3,0.0,0.0,0.0,76.4
1747230631983,7.9,0.0,14.1,0.0,0.0,0.1,77.9
1747230633992,8.1,0.0,13.6,0.0,0.0,0.1,78.3
1747230636009,7.0,0.0,14.5,0.0,0.0,0.1,78.3
1747230638035,8.0,0.0,12.4,0.0,0.0,0.0,79.5
1747230640051,7.4,0.0,14.1,0.0,0.0,0.1,78.4
1747230642061,7.3,0.0,13.4,0.0,0.0,0.2,79.1
1747230644069,7.6,0.0,13.3,0.0,0.0,0.1,79.1
1747230646082,8.0,0.0,13.8,0.0,0.0,0.1,78.1
1747230648092,9.2,0.0,14.6,0.0,0.0,0.0,76.2
1747230650100,8.0,0.0,12.1,0.0,0.0,0.0,79.9
1747230652108,7.1,0.0,13.3,0.0,0.0,0.2,79.4
1747230654116,7.1,0.0,13.2,0.0,0.0,0.1,79.6
1747230656125,7.1,0.0,12.6,0.0,0.0,0.1,80.2
1747230658142,7.5,0.0,13.0,0.0,0.0,0.0,79.5
1747230660152,7.6,0.0,13.0,0.0,0.0,0.1,79.2
1747230662174,7.3,0.0,12.9,0.0,0.0,0.2,79.5
1747230664193,8.7,0.0,13.2,0.0,0.0,0.1,78.0
1747230666205,7.7,0.0,14.2,0.0,0.0,0.0,78.1
1747230668217,7.3,0.0,14.8,0.0,0.0,0.0,77.9
1747230670226,8.1,0.0,14.5,0.0,0.0,0.0,77.3
1747230672237,9.0,0.0,13.4,0.0,0.0,0.2,77.4
1747230674248,7.8,0.0,13.3,0.0,0.0,0.1,78.8
1747230676263,7.8,0.0,13.5,0.0,0.0,0.0,78.7
1747230678274,7.1,0.0,14.2,0.0,0.0,0.0,78.7
1747230680285,7.5,0.0,14.3,0.0,0.0,0.1,78.1
1747230682294,7.4,0.0,13.3,0.0,0.0,0.1,79.2
1747230684305,8.2,0.0,12.7,0.0,0.0,0.1,79.0
1747230686317,7.9,0.0,13.2,0.0,0.0,0.0,78.9
1747230688329,7.2,0.0,15.0,0.0,0.0,0.0,77.7
1747230690341,8.6,0.0,14.6,0.0,0.0,0.0,76.8
1747230692352,9.1,0.0,14.9,0.0,0.0,0.0,75.9
1747230694363,8.7,0.0,14.1,0.0,0.0,0.0,77.1
1747230696374,7.9,0.0,13.4,0.0,0.0,0.1,78.5
1747230698384,7.0,0.0,14.1,0.0,0.0,0.1,78.7
1747230700395,7.6,0.0,13.4,0.0,0.0,0.1,78.9
1747230702406,7.4,0.0,13.2,0.0,0.0,0.2,79.1
1747230704417,7.8,0.0,13.3,0.0,0.0,0.1,78.8
1747230706427,6.9,0.0,14.1,0.0,0.0,0.2,78.8
1747230708436,7.9,0.0,13.3,0.0,0.0,0.0,78.7
1747230710446,8.0,0.0,12.9,0.0,0.0,0.1,79.1
1747230712456,6.8,0.0,14.4,0.0,0.0,0.0,78.7
1747230714467,7.8,0.0,12.7,0.0,0.0,0.0,79.4
1747230716487,7.6,0.0,13.3,0.0,0.0,0.0,79.1
1747230718502,7.2,0.0,13.8,0.0,0.0,0.2,78.8
1747230720512,8.8,0.0,14.8,0.0,0.0,0.1,76.2
1747230722525,7.5,0.0,13.5,0.0,0.0,0.2,78.8
1747230724536,7.4,0.0,12.3,0.0,0.0,0.2,80.1
1747230726558,7.3,0.0,12.4,0.0,0.0,0.0,80.3
1747230728575,7.6,0.0,14.2,0.0,0.0,0.1,78.2
1747230730586,10.0,0.0,14.9,0.0,0.0,0.0,75.1
1747230732596,11.6,0.0,17.2,0.0,0.0,0.1,71.1
1747230734608,11.5,0.0,17.7,0.0,0.0,0.1,70.7
1747230736619,10.7,0.0,17.8,0.0,0.0,0.1,71.4
1747230738630,0.0,0.0,0.0,0.0,0.0,0.0,0.0
1747230740640,10.7,0.0,15.8,3.5,0.0,0.1,69.9
1747230742650,10.5,0.0,15.9,0.0,0.0,0.0,73.6
1747230744660,10.8,0.0,15.9,0.0,0.0,0.0,73.3
1747230746670,0.0,0.0,0.0,0.0,0.0,0.0,0.0
1747230748678,10.3,0.0,15.2,0.0,0.0,0.1,74.4
1747230750689,10.3,0.0,15.6,0.0,0.0,0.0,74.0
1747230752700,10.4,0.0,15.8,0.0,0.0,0.1,73.7
1747230754711,9.8,0.0,15.5,0.0,0.0,0.0,74.7
1747230756725,7.3,0.0,11.8,0.0,0.0,0.0,80.9
1747230758734,7.6,0.0,11.5,0.0,0.0,0.1,80.8
1747230760741,7.2,0.0,12.1,0.0,0.0,0.0,80.7
1747230762749,8.0,0.0,12.0,0.0,0.0,0.2,79.8
1747230764759,7.3,0.0,12.4,0.0,0.0,0.1,80.1
1747230766768,7.5,0.0,12.8,0.0,0.0,0.2,79.5
1747230768778,7.4,0.0,12.6,0.0,0.0,0.1,79.9
1747230770786,7.8,0.0,13.7,0.0,0.0,0.1,78.5
1747230772796,8.2,0.0,13.4,0.0,0.0,0.1,78.2
1747230774804,7.5,0.0,14.1,0.0,0.0,0.2,78.2
1747230776815,7.6,0.0,13.4,0.0,0.0,0.1,78.9
1747230778824,8.4,0.0,13.7,0.0,0.0,0.1,77.8
1747230780836,8.1,0.0,13.8,0.0,0.0,0.1,78.0
1747230782861,7.4,0.0,13.3,0.0,0.0,0.1,79.1
1747230784872,8.8,0.0,14.7,0.0,0.0,0.0,76.6
1747230786882,8.4,0.0,14.1,0.0,0.0,0.1,77.3
1747230788893,8.0,0.0,13.7,0.0,0.0,0.1,78.3
1747230790903,7.4,0.0,14.5,0.0,0.0,0.1,78.0
1747230792913,7.9,0.0,15.0,0.0,0.0,0.1,77.0
1747230794923,8.3,0.0,14.7,0.0,0.0,0.1,76.9
1747230796933,8.0,0.0,15.1,0.0,0.0,0.2,76.8
1747230798942,7.9,0.0,13.6,0.0,0.0,0.0,78.5
1747230800953,7.6,0.0,14.2,0.0,0.0,0.1,78.1
1747230802965,8.6,0.0,15.1,0.0,0.0,0.1,76.1
1747230804979,10.4,0.0,14.2,0.0,0.0,0.0,75.4
1747230806990,11.1,0.0,17.6,0.0,0.0,0.1,71.2
1747230809000,11.2,0.0,17.0,0.0,0.0,0.0,71.8
1747230811010,10.6,0.0,17.3,0.0,0.0,0.0,72.1
1747230813020,9.9,0.0,16.6,0.0,0.0,0.1,73.4
1747230815044,10.7,0.0,15.6,0.0,0.0,0.1,73.6
1747230817063,10.4,0.0,16.1,0.0,0.0,0.0,73.5
1747230819089,10.5,0.0,16.0,0.0,0.0,0.0,73.5
1747230821107,10.3,0.0,16.4,0.0,0.0,0.0,73.3
1747230823121,9.7,0.0,14.1,0.0,0.0,0.1,76.1
1747230825135,9.7,0.0,14.9,0.0,0.0,0.1,75.2
1747230827149,10.0,0.0,14.4,0.0,0.0,0.2,75.4
1747230829163,10.2,0.0,15.6,0.0,0.0,0.0,74.2
1747230831175,7.5,0.0,11.1,0.0,0.0,0.1,81.3
1747230833184,7.0,0.0,11.9,0.0,0.0,0.1,81.0
1747230835192,8.0,0.0,11.2,0.0,0.0,0.0,80.8
