timestamp_ms,usr%,nice%,sys%,iowait%,irq%,soft%,steal%,idle%
1747230006107,7.2,0.0,13.8,0.0,0.0,0.1,78.9
1747230008119,8.4,0.0,14.0,0.0,0.0,0.1,77.5
1747230010130,7.6,0.0,13.4,0.0,0.0,0.1,78.9
1747230012140,7.5,0.0,12.8,0.0,0.0,0.5,79.3
1747230014155,7.2,0.0,11.4,0.0,0.0,0.1,81.3
1747230016167,6.7,0.0,11.3,0.0,0.0,0.1,81.8
1747230018180,7.0,0.0,12.9,0.0,0.0,0.0,80.0
1747230020191,7.7,0.0,12.5,0.0,0.0,0.0,79.8
1747230022203,7.2,0.0,13.2,0.0,0.0,0.2,79.4
1747230024214,7.0,0.0,12.6,0.0,0.0,0.1,80.3
1747230026225,7.6,0.0,12.8,0.0,0.0,0.1,79.5
1747230028235,8.4,0.0,13.5,0.0,0.0,0.1,78.0
1747230030247,7.2,0.0,13.2,0.0,0.0,0.1,79.6
1747230032257,7.6,0.0,12.9,0.0,0.0,0.2,79.3
1747230034268,7.0,0.0,12.4,0.0,0.0,0.2,80.4
1747230036280,7.3,0.0,11.9,0.0,0.0,0.1,80.7
1747230038292,6.8,0.0,11.9,0.0,0.0,0.1,81.2
1747230040304,6.3,0.0,12.4,0.0,0.0,0.0,81.3
1747230042315,6.3,0.0,12.6,0.0,0.0,0.1,81.0
1747230044326,0.0,0.0,0.0,0.0,0.0,0.0,0.0
1747230046341,9.5,0.0,14.3,0.0,0.0,0.2,76.0
1747230048363,9.7,0.0,15.1,0.0,0.0,0.1,75.2
1747230050378,9.6,0.0,15.1,0.0,0.0,0.1,75.3
1747230052394,9.7,0.0,15.0,0.0,0.0,0.2,75.2
1747230054406,9.2,0.0,14.6,0.0,0.0,0.1,76.1
1747230056417,9.6,0.0,14.7,0.1,0.0,0.3,75.3
1747230058429,9.8,0.0,14.9,0.0,0.0,0.1,75.3
1747230060441,10.0,0.0,15.8,0.0,0.0,0.1,74.1
1747230062454,9.0,0.0,14.4,0.0,0.0,0.1,76.4
1747230064466,9.2,0.0,14.6,0.0,0.0,0.1,76.1
1747230066479,9.6,0.0,14.1,0.0,0.0,0.1,76.1
1747230068493,9.7,0.0,14.9,0.0,0.0,0.1,75.3
1747230070511,9.0,0.0,12.7,0.0,0.0,0.1,78.2
1747230072533,8.7,0.0,13.7,0.0,0.0,0.1,77.5
1747230074556,8.9,0.0,13.8,0.0,0.0,0.0,77.2
1747230076573,9.4,0.0,13.5,0.0,0.0,0.1,77.1
1747230078588,0.0,0.0,0.0,0.0,0.0,0.0,99.9
1747230080600,6.7,0.0,11.1,0.0,0.0,0.1,82.1
1747230082611,6.7,0.0,12.1,0.0,0.0,0.1,81.1
1747230084623,6.3,0.0,12.4,0.0,0.0,0.1,81.2
1747230086634,0.0,0.0,0.0,0.0,0.0,0.0,100.0
1747230088643,7.1,0.0,11.6,0.0,0.0,0.1,81.3
1747230090655,6.8,0.0,12.0,0.0,0.0,0.1,81.1
1747230092667,6.4,0.0,12.0,0.0,0.0,0.0,81.6
1747230094679,0.2,0.0,0.3,0.0,0.0,0.0,99.5
1747230096690,6.9,0.0,11.6,0.0,0.0,0.2,81.3
1747230098701,6.5,0.0,12.6,0.0,0.0,0.1,80.8
1747230100712,6.5,0.0,12.7,0.0,0.0,0.0,80.7
1747230102723,6.8,0.0,11.8,0.0,0.0,0.0,81.3
1747230104732,7.3,0.0,11.9,0.0,0.0,0.1,80.7
1747230106741,6.6,0.0,12.2,0.0,0.0,0.0,81.1
1747230108751,6.8,0.0,11.0,0.0,0.0,0.2,82.0
1747230110761,6.8,0.0,11.8,0.0,0.0,0.0,81.3
1747230112773,6.7,0.0,11.8,0.0,0.0,0.2,81.2
1747230114783,7.5,0.0,12.7,0.0,0.0,0.1,79.7
1747230116792,7.5,0.0,13.3,0.0,0.0,0.2,79.0
1747230118803,7.8,0.0,13.9,0.0,0.0,0.2,78.1
1747230120813,7.8,0.0,14.2,0.0,0.0,0.2,77.8
1747230122826,7.9,0.0,13.1,0.0,0.0,0.2,78.8
1747230124837,7.5,0.0,13.8,0.0,0.0,0.1,78.5
1747230126848,7.9,0.0,13.8,0.0,0.0,0.2,78.1
1747230128859,7.4,0.0,13.2,0.1,0.0,0.1,79.2
1747230130871,7.8,0.0,13.1,0.0,0.0,0.1,79.0
1747230132882,7.5,0.0,13.4,0.0,0.0,0.1,79.0
1747230134891,7.7,0.0,14.7,0.1,0.0,0.1,77.5
1747230136905,7.2,0.0,13.4,0.0,0.0,0.1,79.2
1747230138918,7.7,0.0,13.8,0.0,0.0,0.1,78.4
1747230140928,7.7,0.0,13.6,0.0,0.0,0.1,78.7
1747230142937,8.3,0.0,13.9,0.0,0.0,0.0,77.8
1747230144949,7.0,0.0,15.1,0.0,0.0,0.1,77.9
1747230146957,7.9,0.0,13.6,0.0,0.0,0.0,78.5
1747230148968,7.3,0.0,14.8,0.0,0.0,0.1,77.8
1747230150980,7.9,0.0,13.3,0.0,0.0,0.1,78.7
1747230152991,8.2,0.0,12.6,0.0,0.0,0.1,79.1
1747230155001,7.8,0.0,13.4,0.1,0.0,0.1,78.7
1747230157013,7.6,0.0,12.9,0.0,0.0,0.1,79.5
1747230159025,8.0,0.0,14.1,0.0,0.0,0.1,77.9
1747230161037,7.8,0.0,13.9,0.0,0.0,0.1,78.2
1747230163048,7.0,0.0,14.7,0.0,0.0,0.1,78.1
1747230165059,8.2,0.0,14.1,0.1,0.0,0.1,77.6
1747230167071,8.3,0.0,15.1,0.0,0.0,0.1,76.5
1747230169083,8.3,0.0,13.3,0.0,0.0,0.1,78.3
1747230171095,8.0,0.0,13.7,0.0,0.0,0.1,78.2
1747230173107,7.8,0.0,14.2,0.0,0.0,0.1,77.9
1747230175118,8.5,0.0,14.1,0.0,0.0,0.1,77.3
1747230177129,8.1,0.0,13.5,0.0,0.0,0.2,78.2
1747230179139,7.5,0.0,14.8,0.0,0.0,0.1,77.7
1747230181149,7.7,0.0,15.1,0.1,0.0,0.1,77.1
1747230183165,7.8,0.0,13.6,0.0,0.0,0.1,78.5
1747230185175,7.5,0.0,12.9,0.0,0.0,0.1,79.5
1747230187189,7.1,0.0,14.5,0.0,0.0,0.1,78.4
1747230189199,7.4,0.0,14.4,0.0,0.0,0.1,78.1
1747230191210,8.6,0.0,15.3,0.1,0.0,0.1,75.9
1747230193222,8.3,0.0,14.1,0.0,0.0,0.1,77.5
1747230195235,7.8,0.0,14.2,0.0,0.0,0.1,77.9
1747230197248,8.1,0.0,13.9,0.0,0.0,0.2,77.7
1747230199260,8.4,0.0,14.2,0.0,0.0,0.1,77.3
1747230201272,8.7,0.0,14.6,0.1,0.0,0.1,76.6
1747230203282,7.6,0.0,14.4,0.0,0.0,0.1,78.0
1747230205293,8.0,0.0,13.3,0.0,0.0,0.1,78.5
1747230207301,7.4,0.0,14.1,0.0,0.0,0.1,78.5
1747230209318,7.8,0.0,12.5,0.0,0.0,0.1,79.6
1747230211328,6.9,0.0,13.8,0.0,0.0,0.1,79.2
1747230213341,7.5,0.0,13.5,0.0,0.0,0.1,79.0
1747230215350,7.3,0.0,14.5,0.0,0.0,0.1,78.2
1747230217362,11.7,0.0,15.8,0.0,0.0,0.1,72.5
1747230219371,11.3,0.0,17.6,0.0,0.0,0.0,71.0
1747230221383,12.0,0.0,17.0,0.0,0.0,0.2,70.9
1747230223394,12.7,0.0,18.0,0.0,0.0,0.1,69.2
1747230225407,0.0,0.0,0.0,0.0,0.0,0.0,0.0
1747230227418,11.1,0.0,16.6,0.0,0.0,0.1,72.2
1747230229430,11.7,0.0,16.3,0.0,0.0,0.0,71.9
1747230231441,11.4,0.0,17.3,0.0,0.0,0.0,71.3
1747230233454,0.0,0.0,0.0,0.0,0.0,0.0,0.0
1747230235465,10.3,0.0,16.3,0.0,0.0,0.1,73.3
1747230237478,10.3,0.0,15.3,0.0,0.0,0.0,74.4
1747230239492,10.7,0.0,14.9,0.0,0.0,0.0,74.4
1747230241509,0.2,0.0,0.2,0.0,0.0,0.0,99.6
1747230243519,7.4,0.0,12.3,0.0,0.0,0.1,80.2
1747230245530,7.1,0.0,12.9,0.0,0.0,0.0,79.9
1747230247539,6.9,0.0,12.4,0.0,0.0,0.1,80.5
1747230249553,7.7,0.0,12.9,0.0,0.0,0.1,79.4
1747230251564,6.8,0.0,12.9,0.0,0.0,0.2,80.1
1747230253574,6.7,0.0,13.5,0.0,0.0,0.0,79.8
1747230255584,7.0,0.0,13.7,0.0,0.0,0.1,79.2
1747230257597,7.2,0.0,14.1,0.0,0.0,0.1,78.6
1747230259609,7.2,0.0,12.9,0.0,0.0,0.0,79.9
1747230261620,6.8,0.0,13.6,0.0,0.0,0.1,79.4
1747230263630,7.8,0.0,12.6,0.0,0.0,0.1,79.5
1747230265639,7.8,0.0,12.9,0.0,0.0,0.2,79.0
1747230267647,6.8,0.0,12.3,0.0,0.0,0.2,80.7
1747230269656,6.6,0.0,13.8,0.0,0.0,0.1,79.5
1747230271666,7.1,0.0,13.4,0.0,0.0,0.0,79.5
1747230273675,6.7,0.0,14.6,0.0,0.0,0.0,78.7
1747230275683,6.8,0.0,13.1,0.0,0.0,0.1,80.0
1747230277695,6.5,0.0,12.7,0.0,0.0,0.1,80.7
1747230279709,7.2,0.0,13.1,0.0,0.0,0.1,79.7
1747230281721,7.4,0.0,12.9,0.0,0.0,0.1,79.6
1747230283734,7.3,0.0,14.2,0.0,0.0,0.1,78.4
1747230285746,7.7,0.0,12.9,0.0,0.0,0.0,79.4
1747230287758,7.2,0.0,13.1,0.0,0.0,0.1,79.5
1747230289770,7.2,0.0,13.1,0.0,0.0,0.1,79.6
1747230291780,7.2,0.0,12.5,0.0,0.0,0.1,80.2
1747230293792,7.5,0.0,11.6,0.0,0.0,0.0,80.8
1747230295803,7.6,0.0,12.2,0.0,0.0,0.0,80.2
1747230297815,7.3,0.0,12.7,0.0,0.0,0.0,80.0
1747230299825,7.4,0.0,12.4,0.0,0.0,0.1,80.0
1747230301836,7.2,0.0,12.4,0.0,0.0,0.2,80.3
1747230303849,7.0,0.0,12.3,0.0,0.0,0.1,80.5
1747230305863,6.9,0.0,13.6,0.0,0.0,0.0,79.4
1747230307879,7.0,0.0,12.4,0.0,0.0,0.0,80.5
1747230309889,7.4,0.0,13.4,0.0,0.0,0.1,79.1
1747230311898,7.6,0.0,13.4,0.0,0.0,0.1,78.9
1747230313910,7.8,0.0,13.7,0.0,0.0,0.2,78.3
1747230315920,7.4,0.0,13.3,0.0,0.0,0.1,79.1
1747230317931,7.5,0.0,12.8,0.0,0.0,0.0,79.6
1747230319941,7.5,0.0,12.3,0.0,0.0,0.0,80.1
1747230321952,7.7,0.0,12.5,0.0,0.0,0.1,79.6
1747230323963,7.1,0.0,14.5,0.0,0.0,0.0,78.3
1747230325974,6.7,0.0,14.0,0.0,0.0,0.1,79.3
1747230327984,7.4,0.0,12.9,0.0,0.0,0.0,79.7
1747230329993,7.4,0.0,12.9,0.0,0.0,0.1,79.5
1747230332003,7.0,0.0,13.3,0.0,0.0,0.2,79.4
1747230334015,8.0,0.0,13.6,0.0,0.0,0.1,78.2
1747230336026,8.4,0.0,13.3,0.0,0.0,0.0,78.3
1747230338036,8.2,0.0,13.3,0.0,0.0,0.0,78.4
1747230340046,8.2,0.0,12.9,0.0,0.0,0.0,78.8
1747230342056,7.0,0.0,13.6,0.0,0.0,0.2,79.2
1747230344067,7.4,0.0,14.2,0.0,0.0,0.1,78.3
1747230346078,7.1,0.0,13.6,0.0,0.0,0.1,79.3
1747230348094,7.2,0.0,13.2,0.0,0.0,0.1,79.5
1747230350105,6.7,0.0,13.8,0.0,0.0,0.1,79.4
1747230352116,7.6,0.0,13.5,0.0,0.0,0.2,78.7
1747230354127,8.1,0.0,13.7,0.0,0.0,0.1,78.1
1747230356138,8.4,0.0,12.9,0.0,0.0,0.1,78.7
1747230358149,7.8,0.0,12.4,0.0,0.0,0.0,79.7
1747230360160,7.0,0.0,12.4,0.0,0.0,0.1,80.5
1747230362172,7.5,0.0,12.9,0.0,0.0,0.2,79.4
1747230364181,7.4,0.0,12.6,0.0,0.0,0.0,80.0
1747230366191,6.9,0.0,13.6,0.0,0.0,0.0,79.4
1747230368211,6.6,0.0,12.8,0.0,0.0,0.0,80.6
1747230370238,6.9,0.0,12.8,0.0,0.0,0.1,80.3
1747230372255,7.3,0.0,12.0,0.0,0.0,0.1,80.6
1747230374266,7.4,0.0,12.1,0.0,0.0,0.0,80.5
1747230376276,7.6,0.0,13.6,0.0,0.0,0.1,78.7
1747230378285,8.1,0.0,13.0,0.0,0.0,0.0,78.9
1747230380294,7.8,0.0,12.8,0.0,0.0,0.1,79.2
1747230382304,7.9,0.0,12.7,0.0,0.0,0.2,79.3
1747230384315,7.1,0.0,12.1,0.0,0.0,0.1,80.7
1747230386325,7.6,0.0,12.2,0.0,0.0,0.1,80.1
1747230388335,7.5,0.0,12.2,0.0,0.0,0.1,80.2
1747230390344,7.5,0.0,12.7,0.0,0.0,0.1,79.8
1747230392354,7.5,0.0,13.1,0.0,0.0,0.2,79.2
1747230394364,7.9,0.0,14.0,0.0,0.0,0.0,78.0
1747230396375,8.3,0.0,12.1,0.0,0.0,0.2,79.4
1747230398385,8.0,0.0,12.7,0.0,0.0,0.1,79.3
1747230400394,7.2,0.0,13.4,0.0,0.0,0.1,79.2
1747230402404,7.8,0.0,13.2,0.0,0.0,0.2,78.8
1747230404414,7.5,0.0,13.1,0.0,0.0,0.1,79.3
1747230406426,8.0,0.0,13.0,0.0,0.0,0.2,78.8
1747230408437,7.7,0.0,13.7,0.0,0.0,0.0,78.5
1747230410448,8.7,0.0,14.7,0.0,0.0,0.0,76.5
1747230412458,7.8,0.0,13.5,0.0,0.0,0.1,78.6
1747230414468,6.9,0.0,13.8,0.0,0.0,0.1,79.2
1747230416476,7.4,0.0,13.3,0.0,0.0,0.2,79.1
1747230418483,8.1,0.0,13.5,0.0,0.0,0.1,78.4
1747230420518,7.8,0.0,13.1,0.0,0.0,0.1,79.0
1747230422535,7.8,0.0,12.7,0.0,0.0,0.1,79.5
1747230424546,7.0,0.0,13.3,0.0,0.0,0.0,79.6
1747230426558,7.2,0.0,13.1,0.0,0.0,0.2,79.5
1747230428567,7.8,0.0,12.4,0.0,0.0,0.2,79.7
1747230430577,7.2,0.0,13.4,0.0,0.0,0.1,79.3
1747230432587,7.9,0.0,13.6,0.0,0.0,0.0,78.5
1747230434598,7.7,0.0,13.9,0.0,0.0,0.1,78.3
1747230436609,8.4,0.0,12.4,0.0,0.0,0.2,79.0
1747230438616,7.7,0.0,12.3,0.0,0.0,0.1,80.0
1747230440633,6.8,0.0,12.9,0.0,0.0,0.0,80.3
1747230442645,7.7,0.0,13.1,0.0,0.0,0.1,79.1
1747230444656,8.4,0.0,12.8,0.0,0.0,0.1,78.8
1747230446665,7.6,0.0,12.5,0.0,0.0,0.1,79.7
1747230448677,7.7,0.0,13.4,0.0,0.0,0.2,78.8
1747230450688,8.2,0.0,13.6,0.0,0.0,0.0,78.2
1747230452699,8.4,0.0,13.6,0.0,0.0,0.1,77.9
1747230454711,8.0,0.0,13.2,0.0,0.0,0.0,78.8
1747230456723,7.5,0.0,13.7,0.0,0.0,0.2,78.7
1747230458735,8.3,0.0,13.5,0.0,0.0,0.1,78.0
1747230460745,9.7,0.0,13.3,0.0,0.0,0.0,76.9
1747230462757,7.5,0.0,12.8,0.0,0.0,0.1,79.6
1747230464769,8.0,0.0,12.5,0.0,0.0,0.1,79.4
1747230466779,8.2,0.0,13.5,0.0,0.0,0.2,78.0
1747230468790,8.5,0.0,13.3,0.0,0.0,0.1,78.0
1747230470801,7.8,0.0,13.0,0.0,0.0,0.1,79.0
1747230472814,7.3,0.0,13.4,0.0,0.0,0.1,79.2
1747230474826,7.9,0.0,12.7,0.0,0.0,0.1,79.3
1747230476837,9.0,0.0,12.9,0.0,0.0,0.2,78.0
1747230478849,8.0,0.0,12.7,0.0,0.0,0.1,79.2
1747230480860,7.9,0.0,14.3,0.0,0.0,0.1,77.7
1747230482872,8.2,0.0,13.2,0.0,0.0,0.1,78.5
1747230484882,9.1,0.0,13.1,0.0,0.0,0.1,77.7
1747230486892,7.8,0.0,13.4,0.0,0.0,0.1,78.7
1747230488902,7.3,0.0,13.8,0.0,0.0,0.1,78.8
1747230490913,7.6,0.0,13.7,0.0,0.0,0.1,78.6
1747230492922,9.3,0.0,13.1,0.0,0.0,0.1,77.5
1747230494931,6.9,0.0,14.4,0.0,0.0,0.1,78.6
1747230496941,7.3,0.0,13.7,0.0,0.0,0.1,78.9
1747230498951,7.6,0.0,14.2,0.0,0.0,0.0,78.2
1747230500960,8.2,0.0,12.9,0.0,0.0,0.1,78.8
1747230502975,7.0,0.0,13.7,0.0,0.0,0.0,79.2
1747230504985,7.6,0.0,12.8,0.0,0.0,0.1,79.5
1747230506996,7.9,0.0,12.9,0.0,0.0,0.1,79.1
1747230509010,8.4,0.0,13.7,0.0,0.0,0.1,77.8
1747230511021,6.9,0.0,13.7,0.0,0.0,0.0,79.3
1747230513029,6.8,0.0,13.9,0.0,0.0,0.1,79.2
1747230515038,7.4,0.0,12.9,0.0,0.0,0.1,79.5
1747230517050,8.0,0.0,13.0,0.0,0.0,0.1,78.9
1747230519062,8.1,0.0,13.1,0.0,0.0,0.1,78.7
1747230521071,7.5,0.0,13.2,0.0,0.0,0.0,79.3
1747230523080,7.5,0.0,13.9,0.0,0.0,0.1,78.6
1747230525091,8.7,0.0,13.3,0.0,0.0,0.0,78.0
1747230527103,8.0,0.0,12.9,0.0,0.0,0.1,79.0
1747230529115,7.7,0.0,13.6,0.0,0.0,0.0,78.6
1747230531125,8.2,0.0,14.1,0.0,0.0,0.1,77.6
1747230533135,8.9,0.0,15.0,0.0,0.0,0.0,76.0
1747230535146,8.9,0.0,14.5,0.0,0.0,0.1,76.5
1747230537157,8.2,0.0,12.9,0.0,0.0,0.1,78.8
1747230539167,8.2,0.0,13.6,0.0,0.0,0.1,78.1
1747230541177,7.8,0.0,13.1,0.0,0.0,0.1,79.0
1747230543187,7.7,0.0,13.7,0.0,0.0,0.1,78.5
1747230545197,7.2,0.0,13.1,0.0,0.0,0.1,79.5
1747230547208,7.1,0.0,14.3,0.0,0.0,0.1,78.5
1747230549218,7.3,0.0,12.7,0.0,0.0,0.0,80.0
1747230551227,7.5,0.0,13.8,0.0,0.0,0.1,78.6
1747230553237,8.0,0.0,13.2,0.0,0.0,0.0,78.8
1747230555248,7.9,0.0,12.8,0.0,0.0,0.0,79.2
1747230557259,8.3,0.0,14.1,0.0,0.0,0.1,77.5
1747230559269,10.7,0.0,14.4,0.0,0.0,0.1,74.7
1747230561280,9.1,0.0,15.5,0.0,0.0,0.1,75.4
1747230563291,8.7,0.0,13.8,0.0,0.0,0.0,77.5
1747230565301,7.6,0.0,13.5,0.0,0.0,0.0,78.8
1747230567321,9.2,0.0,14.4,0.0,0.0,0.2,76.2
1747230569343,10.7,0.0,17.1,0.0,0.0,0.1,72.1
1747230571357,11.3,0.0,16.9,0.0,0.0,0.0,71.8
1747230573372,11.8,0.0,18.1,0.0,0.0,0.2,69.9
1747230575392,0.0,0.0,0.0,0.0,0.0,0.0,0.0
1747230577408,10.9,0.0,15.6,0.0,0.0,0.0,73.5
1747230579421,10.8,0.0,15.1,0.0,0.0,0.1,73.9
1747230581433,10.7,0.0,15.4,0.0,0.0,0.1,73.7
1747230583445,0.0,0.0,0.0,0.0,0.0,0.0,0.0
1747230585457,10.1,0.0,15.2,0.0,0.0,0.1,74.6
1747230587470,10.3,0.0,15.4,0.0,0.0,0.1,74.2
1747230589483,10.3,0.0,15.8,0.0,0.0,0.1,73.7
1747230591496,0.0,0.0,0.0,0.0,0.0,0.0,99.9
1747230593508,7.7,0.0,11.4,0.0,0.0,0.1,80.8
1747230595519,7.7,0.0,11.3,0.0,0.0,0.1,80.9
1747230597530,7.2,0.0,12.4,0.0,0.0,0.1,80.3
1747230599541,7.6,0.0,12.7,0.0,0.0,0.1,79.6
1747230601551,7.6,0.0,12.7,0.0,0.0,0.2,79.5
1747230603562,7.4,0.0,12.9,0.0,0.0,0.2,79.6
1747230605575,7.6,0.0,13.4,0.0,0.0,0.1,78.8
1747230607587,8.1,0.0,13.7,0.0,0.0,0.2,78.0
1747230609599,7.6,0.0,14.0,0.0,0.0,0.1,78.3
1747230611611,8.1,0.0,14.1,0.0,0.0,0.1,77.8
1747230613621,8.5,0.0,14.1,0.0,0.0,0.2,77.2
1747230615631,8.4,0.0,14.3,0.0,0.0,0.0,77.2
1747230617640,7.6,0.0,14.3,0.0,0.0,0.2,77.9
1747230619648,7.8,0.0,13.8,0.0,0.0,0.2,78.3
1747230621658,7.2,0.0,14.2,0.0,0.0,0.1,78.5
1747230623672,7.8,0.0,13.6,0.0,0.0,0.1,78.5
1747230625680,8.0,0.0,13.2,0.0,0.0,0.0,78.7
1747230627689,7.7,0.0,13.9,0.0,0.0,0.0,78.3
1747230629701,8.6,0.0,15.5,0.0,0.0,0.0,75.9
1747230631711,8.1,0.0,15.5,0.0,0.0,0.1,76.3
1747230633720,7.8,0.0,14.2,0.0,0.0,0.1,77.9
1747230635731,7.7,0.0,14.5,0.0,0.0,0.1,77.7
1747230637741,8.5,0.0,13.5,0.0,0.0,0.1,78.0
1747230639750,7.4,0.0,13.8,0.0,0.0,0.1,78.6
1747230641772,7.1,0.0,13.2,0.0,0.0,0.1,79.5
1747230643785,7.3,0.0,13.1,0.0,0.0,0.1,79.5
1747230645796,7.7,0.0,13.6,0.0,0.0,0.0,78.7
1747230647808,8.4,0.0,15.3,0.0,0.0,0.1,76.2
1747230649819,8.2,0.0,12.8,0.0,0.0,0.1,79.0
1747230651831,7.4,0.0,13.3,0.0,0.0,0.1,79.2
1747230653842,7.1,0.0,13.7,0.0,0.0,0.1,79.1
1747230655853,7.5,0.0,13.4,0.0,0.0,0.0,79.0
1747230657863,8.0,0.0,13.1,0.0,0.0,0.0,78.9
1747230659874,8.4,0.0,12.6,0.0,0.0,0.1,78.9
1747230661885,7.5,0.0,14.1,0.0,0.0,0.1,78.3
1747230663896,8.9,0.0,13.7,0.0,0.0,0.1,77.3
1747230665907,7.7,0.0,14.4,0.0,0.0,0.0,77.9
1747230667919,7.5,0.0,14.6,0.0,0.0,0.1,77.8
1747230669930,8.3,0.0,14.4,0.0,0.0,0.0,77.2
1747230671941,9.3,0.0,13.9,0.0,0.0,0.2,76.6
1747230673953,7.9,0.0,13.2,0.0,0.0,0.1,78.8
1747230675964,7.8,0.0,13.4,0.0,0.0,0.1,78.7
1747230677973,7.2,0.0,13.8,0.0,0.0,0.0,79.0
1747230679983,8.0,0.0,13.9,0.0,0.0,0.0,78.0
1747230681994,7.6,0.0,13.2,0.0,0.0,0.1,79.0
1747230684005,8.3,0.0,12.7,0.0,0.0,0.1,78.9
1747230686015,7.9,0.0,13.2,0.0,0.0,0.0,78.8
1747230688026,7.4,0.0,15.1,0.0,0.0,0.1,77.4
1747230690035,8.5,0.0,14.7,0.0,0.0,0.0,76.8
1747230692051,8.0,0.0,13.4,0.0,0.0,0.0,78.5
1747230694081,8.7,0.0,13.4,0.0,0.0,0.0,77.9
1747230696090,7.5,0.0,13.3,0.0,0.0,0.1,79.1
1747230698100,7.3,0.0,13.4,0.0,0.0,0.1,79.2
1747230700109,6.9,0.0,12.9,0.0,0.0,0.1,80.1
1747230702127,7.5,0.0,12.0,0.0,0.0,0.1,80.3
1747230704139,7.4,0.0,13.1,0.0,0.0,0.1,79.4
1747230706147,6.5,0.0,13.8,0.0,0.0,0.1,79.6
1747230708157,7.3,0.0,13.1,0.0,0.0,0.0,79.7
1747230710168,7.5,0.0,12.6,0.0,0.0,0.1,79.8
1747230712179,7.2,0.0,14.2,0.0,0.0,0.1,78.5
1747230714189,8.3,0.0,12.7,0.0,0.0,0.1,78.9
1747230716201,7.9,0.0,13.9,0.0,0.0,0.0,78.2
1747230718213,7.7,0.0,14.2,0.0,0.0,0.2,77.9
1747230720224,9.0,0.0,14.2,0.0,0.0,0.1,76.7
1747230722234,8.3,0.0,13.6,0.0,0.0,0.2,78.0
1747230724246,7.5,0.0,13.5,0.0,0.0,0.2,78.9
1747230726256,7.8,0.0,12.9,0.0,0.0,0.0,79.2
1747230728267,7.5,0.0,14.1,0.0,0.0,0.0,78.4
1747230730279,9.8,0.0,14.7,0.0,0.0,0.0,75.5
1747230732289,11.5,0.0,17.0,0.0,0.0,0.1,71.4
1747230734300,11.4,0.0,17.4,0.0,0.0,0.1,71.1
1747230736312,10.7,0.0,17.6,0.0,0.0,0.1,71.7
1747230738324,0.0,0.0,0.0,0.0,0.0,0.0,0.0
1747230740342,10.1,0.0,15.0,3.9,0.0,0.0,70.9
1747230742358,10.1,0.0,15.7,0.0,0.0,0.0,74.2
1747230744372,9.8,0.0,15.5,0.0,0.0,0.0,74.7
1747230746386,10.1,0.0,15.1,3.5,0.0,0.0,71.3
1747230748400,9.4,0.0,14.2,0.0,0.0,0.1,76.3
1747230750415,9.9,0.0,15.1,0.0,0.0,0.1,74.9
1747230752428,10.7,0.0,15.1,0.0,0.0,0.1,74.1
1747230754442,10.5,0.0,16.1,0.0,0.0,0.1,73.4
1747230756458,7.1,0.0,11.7,0.0,0.0,0.0,81.2
1747230758467,7.4,0.0,11.6,0.0,0.0,0.0,81.0
1747230760475,6.9,0.0,12.3,0.0,0.0,0.1,80.7
1747230762483,7.8,0.0,11.9,0.0,0.0,0.2,80.2
1747230764491,7.4,0.0,12.2,0.0,0.0,0.1,80.2
1747230766504,7.0,0.0,12.2,0.0,0.0,0.2,80.7
1747230768516,7.2,0.0,12.3,0.0,0.0,0.1,80.4
1747230770532,8.1,0.0,13.2,0.0,0.0,0.1,78.7
1747230772542,8.6,0.0,12.8,0.0,0.0,0.1,78.5
1747230774554,7.9,0.0,13.4,0.0,0.0,0.1,78.6
1747230776566,7.5,0.0,14.1,0.0,0.0,0.1,78.3
1747230778579,8.9,0.0,13.8,0.0,0.0,0.1,77.2
1747230780591,9.3,0.0,14.5,0.0,0.0,0.1,76.1
1747230782603,7.8,0.0,14.0,0.0,0.0,0.2,78.0
1747230784614,8.6,0.0,14.8,0.0,0.0,0.0,76.5
1747230786625,8.5,0.0,14.1,0.0,0.0,0.1,77.3
1747230788635,8.6,0.0,13.8,0.0,0.0,0.1,77.6
1747230790645,7.6,0.0,13.9,0.0,0.0,0.0,78.4
1747230792657,7.8,0.0,14.9,0.0,0.0,0.1,77.2
1747230794667,8.2,0.0,14.4,0.0,0.0,0.1,77.3
1747230796678,8.8,0.0,14.8,0.0,0.0,0.1,76.3
1747230798689,7.9,0.0,13.6,0.0,0.0,0.0,78.4
1747230800699,7.6,0.0,14.1,0.0,0.0,0.1,78.2
1747230802711,8.3,0.0,14.6,0.0,0.0,0.2,77.0
1747230804723,0.0,0.0,0.0,0.0,0.0,0.0,0.0
1747230806747,9.7,0.0,16.2,0.0,0.0,0.0,74.1
1747230808782,10.8,0.0,15.9,0.0,0.0,0.0,73.3
1747230810800,10.0,0.0,16.3,0.0,0.0,0.0,73.6
1747230812815,9.7,0.0,16.8,0.0,0.0,0.1,73.5
1747230814835,10.2,0.0,14.5,0.0,0.0,0.1,75.2
1747230816847,10.0,0.0,16.6,0.0,0.0,0.0,73.4
1747230818863,10.3,0.0,15.7,0.0,0.0,0.0,74.0
1747230820882,11.2,0.0,16.4,0.0,0.0,0.1,72.3
1747230822899,9.3,0.0,13.7,0.0,0.0,0.1,76.9
1747230824911,9.8,0.0,14.8,0.0,0.0,0.1,75.3
1747230826922,10.2,0.0,14.1,0.0,0.0,0.1,75.5
1747230828933,10.3,0.0,15.5,0.0,0.0,0.1,74.1
1747230830943,8.0,0.0,11.2,0.0,0.0,0.1,80.7
1747230832954,7.2,0.0,11.7,0.0,0.0,0.1,81.1
1747230834966,8.0,0.0,11.1,0.0,0.0,0.0,80.9
1747230836975,7.2,0.0,12.9,0.0,0.0,0.2,79.8
1747230838984,0.1,0.0,0.2,0.0,0.0,0.0,99.7
1747230840994,7.3,0.0,12.9,0.0,0.0,0.1,79.7
1747230843006,7.6,0.0,13.1,0.0,0.0,0.0,79.3
1747230845017,7.7,0.0,13.7,0.0,0.0,0.0,78.6
1747230847028,0.2,0.0,0.3,0.0,0.0,0.0,99.5
1747230849041,9.1,0.0,13.9,0.0,0.0,0.1,76.9
1747230851052,9.1,0.0,13.6,0.0,0.0,0.0,77.3
1747230853063,7.6,0.0,14.3,0.0,0.0,0.1,78.0
1747230855074,8.0,0.0,13.7,0.0,0.0,0.0,78.3
1747230857085,7.8,0.0,13.0,0.0,0.0,0.0,79.1
1747230859096,7.9,0.0,13.8,0.0,0.0,0.0,78.2
1747230861106,7.6,0.0,14.4,0.0,0.0,0.2,77.8
1747230863116,8.9,0.0,13.2,0.0,0.0,0.2,77.8
1747230865127,7.7,0.0,13.9,0.0,0.0,0.0,78.4
1747230867137,7.3,0.0,14.9,0.0,0.0,0.0,77.7
1747230869147,7.0,0.0,13.8,0.0,0.0,0.0,79.1
1747230871156,7.6,0.0,14.5,0.0,0.0,0.1,77.8
1747230873170,7.8,0.0,13.2,0.0,0.0,0.2,78.8
1747230875179,7.8,0.0,14.1,0.0,0.0,0.1,77.9
1747230877190,7.5,0.0,14.1,0.0,0.0,0.1,78.4
1747230879201,7.7,0.0,14.4,0.0,0.0,0.1,77.8
1747230881209,7.0,0.0,13.3,0.0,0.0,0.0,79.6
1747230883220,7.2,0.0,12.6,0.0,0.0,0.0,80.2
1747230885233,7.0,0.0,13.3,0.0,0.0,0.3,79.4
1747230887242,7.9,0.0,13.4,0.0,0.0,0.1,78.5
1747230889249,7.5,0.0,13.0,0.0,0.0,0.1,79.4
1747230891258,6.7,0.0,12.9,0.0,0.0,0.1,80.3
1747230893273,7.6,0.0,14.6,0.0,0.0,0.1,77.7
1747230895285,8.7,0.0,13.3,0.0,0.0,0.1,77.9
1747230897297,8.1,0.0,13.8,0.0,0.0,0.0,78.2
1747230899309,8.2,0.0,14.2,0.0,0.0,0.0,77.6
1747230901319,7.3,0.0,13.9,0.0,0.0,0.1,78.7
1747230903328,8.6,0.0,13.1,0.0,0.0,0.1,78.1
1747230905338,7.0,0.0,13.3,0.0,0.0,0.1,79.6
1747230907349,7.2,0.0,13.1,0.0,0.0,0.0,79.6
1747230909360,7.4,0.0,13.6,0.0,0.0,0.0,78.9
1747230911371,0.0,0.0,0.0,0.0,0.0,0.0,0.0
1747230913381,11.1,0.0,17.4,0.0,0.0,0.0,71.4
1747230915392,11.8,0.0,16.1,0.0,0.0,0.0,72.1
1747230917404,11.3,0.0,16.3,0.0,0.0,0.1,72.3
1747230919415,0.0,0.0,0.0,0.0,0.0,0.0,0.0
1747230921425,10.8,0.0,14.7,0.0,0.0,0.1,74.5
1747230923438,9.5,0.0,16.1,0.0,0.0,0.1,74.3
1747230925451,10.3,0.0,15.9,0.0,0.0,0.0,73.8
1747230927464,9.9,0.0,16.4,0.0,0.0,0.1,73.5
1747230929478,9.5,0.0,14.7,0.0,0.0,0.1,75.7
1747230931490,9.6,0.0,15.3,0.0,0.0,0.0,75.0
1747230933512,9.7,0.0,14.8,0.0,0.0,0.1,75.4
1747230935528,10.1,0.0,15.5,0.0,0.0,0.1,74.3
1747230937545,7.2,0.0,11.2,0.0,0.0,0.1,81.6
1747230939556,6.9,0.0,10.9,0.0,0.0,0.2,82.1
1747230941565,6.4,0.0,11.3,0.0,0.0,0.0,82.2
1747230943591,6.7,0.0,11.6,0.0,0.0,0.1,81.7
1747230945601,7.7,0.0,11.4,0.0,0.0,0.2,80.7
1747230947612,6.9,0.0,12.7,0.0,0.0,0.0,80.4
1747230949625,7.4,0.0,12.3,0.0,0.0,0.1,80.2
1747230951637,7.3,0.0,13.1,0.0,0.0,0.0,79.6
1747230953649,8.0,0.0,12.1,0.0,0.0,0.1,79.8
1747230955662,8.1,0.0,12.6,0.0,0.0,0.2,79.2
1747230957673,7.8,0.0,13.9,0.0,0.0,0.1,78.2
1747230959686,8.7,0.0,14.3,0.0,0.0,0.1,76.9
1747230961699,7.7,0.0,13.2,0.0,0.0,0.1,78.9
1747230963712,6.5,0.0,15.5,0.0,0.0,0.2,77.8
1747230965724,7.1,0.0,12.9,0.0,0.0,0.0,79.9
1747230967736,7.2,0.0,13.6,0.0,0.0,0.1,79.0
1747230969746,7.5,0.0,12.7,0.0,0.0,0.2,79.6
1747230971758,6.8,0.0,13.1,0.0,0.0,0.1,79.9
1747230973770,6.9,0.0,12.8,0.0,0.0,0.1,80.3
1747230975782,7.8,0.0,13.6,0.0,0.0,0.0,78.6
1747230977792,7.2,0.0,12.6,0.0,0.0,0.1,80.1
1747230979803,7.0,0.0,12.9,0.0,0.0,0.1,80.0
1747230981811,6.9,0.0,12.7,0.0,0.0,0.2,80.3
1747230983822,8.2,0.0,12.4,0.0,0.0,0.1,79.4
1747230985832,7.4,0.0,13.0,0.0,0.0,0.0,79.6
1747230987840,6.1,0.0,13.8,0.0,0.0,0.0,80.0
1747230989855,6.8,0.0,12.6,0.0,0.0,0.1,80.5
1747230991866,7.6,0.0,13.1,0.0,0.0,0.1,79.2
1747230993876,7.9,0.0,12.8,0.0,0.0,0.1,79.1
1747230995886,6.9,0.0,13.0,0.0,0.0,0.0,80.1
1747230997896,6.5,0.0,11.9,0.0,0.0,0.0,81.5
1747230999919,6.8,0.0,11.8,0.0,0.0,0.0,81.3
1747231001936,7.4,0.0,12.7,0.0,0.0,0.1,79.7
1747231003950,7.1,0.0,12.7,0.0,0.0,0.1,80.2
1747231005970,7.7,0.0,13.1,0.0,0.0,0.1,79.1
1747231007988,7.1,0.0,12.1,0.0,0.0,0.0,80.7
1747231010003,7.5,0.0,11.6,0.0,0.0,0.2,80.7
1747231012012,6.8,0.0,11.9,0.0,0.0,0.1,81.2
1747231014020,6.6,0.0,12.3,0.0,0.0,0.1,81.1
1747231016029,7.4,0.0,12.6,0.0,0.0,0.2,79.8
1747231018039,7.8,0.0,11.9,0.0,0.0,0.1,80.2
1747231020049,7.0,0.0,11.8,0.0,0.0,0.1,81.1
1747231022061,7.1,0.0,12.3,0.0,0.0,0.1,80.5
1747231024070,7.7,0.0,12.7,0.0,0.0,0.1,79.5
1747231026083,8.5,0.0,12.6,0.0,0.0,0.1,78.8
1747231028096,7.9,0.0,13.1,0.0,0.0,0.0,78.9
1747231030107,8.6,0.0,14.5,0.0,0.0,0.1,76.7
1747231032118,6.9,0.0,14.8,0.0,0.0,0.2,78.1
1747231034129,7.4,0.0,13.2,0.0,0.0,0.0,79.3
1747231036141,6.9,0.0,13.5,0.0,0.0,0.1,79.5
1747231038153,6.6,0.0,15.1,0.0,0.0,0.0,78.3
1747231040165,7.3,0.0,15.0,0.0,0.0,0.2,77.5
1747231042176,9.7,0.0,15.4,0.0,0.0,0.2,74.7
1747231044198,6.3,0.0,13.1,0.0,0.0,0.1,80.5
1747231046212,6.3,0.0,13.8,0.0,0.0,0.2,79.7
1747231048221,7.3,0.0,11.7,0.0,0.0,0.1,80.8
1747231050245,6.9,0.0,11.3,0.0,0.0,0.0,81.8
1747231052258,6.0,0.0,11.6,0.0,0.0,0.1,82.3
1747231054272,6.6,0.0,10.8,0.0,0.0,0.1,82.5
1747231056296,6.6,0.0,12.3,0.0,0.0,0.1,81.0
1747231058308,7.6,0.0,12.2,0.0,0.0,0.1,80.1
1747231060321,7.6,0.0,12.7,0.0,0.0,0.1,79.7
1747231062332,9.1,0.0,12.2,0.0,0.0,0.2,78.6
1747231064343,8.7,0.0,13.5,0.0,0.0,0.1,77.8
1747231066354,8.8,0.0,11.8,0.0,0.0,0.1,79.3
1747231068364,7.1,0.0,11.5,0.0,0.0,0.0,81.4
1747231070374,6.9,0.0,12.2,0.0,0.0,0.1,80.8
1747231072383,7.3,0.0,11.8,0.0,0.0,0.1,80.9
1747231074396,7.0,0.0,13.1,0.0,0.0,0.2,79.7
1747231076408,7.0,0.0,12.5,0.0,0.0,0.1,80.3
1747231078421,6.3,0.0,14.0,0.0,0.0,0.0,79.7
1747231080433,6.8,0.0,13.3,0.0,0.0,0.0,79.9
1747231082445,8.2,0.0,13.2,0.0,0.0,0.2,78.3
1747231084458,8.4,0.0,14.7,0.0,0.0,0.1,76.7
1747231086471,7.4,0.0,12.5,0.0,0.0,0.0,80.1
1747231088481,7.0,0.0,12.6,0.0,0.0,0.1,80.3
1747231090492,7.5,0.0,13.3,0.0,0.0,0.0,79.1
1747231092501,7.0,0.0,13.9,0.0,0.0,0.1,79.0
1747231094514,7.1,0.0,13.2,0.0,0.0,0.1,79.7
1747231096525,7.0,0.0,13.0,0.0,0.0,0.2,79.8
1747231098537,9.0,0.0,13.1,0.0,0.0,0.0,77.9
1747231100547,8.1,0.0,13.1,0.0,0.0,0.1,78.8
1747231102557,6.9,0.0,13.4,0.0,0.0,0.2,79.4
1747231104588,8.0,0.0,12.7,0.0,0.0,0.1,79.2
1747231106618,8.2,0.0,12.3,0.0,0.0,0.0,79.5
1747231108631,6.6,0.0,11.9,0.0,0.0,0.0,81.5
1747231110640,6.5,0.0,12.2,0.0,0.0,0.0,81.2
1747231112654,6.7,0.0,12.1,0.0,0.0,0.2,81.1
1747231114665,0.0,0.0,0.0,0.0,0.0,0.0,0.0
1747231116696,9.9,0.0,17.8,0.0,0.0,0.0,72.4
1747231118717,11.2,0.0,15.1,0.0,0.0,0.1,73.6
1747231120730,10.6,0.0,16.3,0.0,0.0,0.1,73.0
1747231122743,10.5,0.0,16.9,0.0,0.0,0.1,72.5
1747231124755,9.6,0.0,15.1,0.0,0.0,0.1,75.2
1747231126765,10.8,0.0,14.7,0.0,0.0,0.0,74.5
1747231128776,10.1,0.0,15.4,0.0,0.0,0.0,74.5
1747231130786,10.7,0.0,15.4,0.0,0.0,0.0,73.9
1747231132796,9.8,0.0,13.6,0.0,0.0,0.2,76.4
1747231134806,9.2,0.0,15.6,0.0,0.0,0.1,75.1
1747231136817,10.0,0.0,15.3,0.0,0.0,0.0,74.6
1747231138829,10.6,0.0,16.6,0.0,0.0,0.1,72.7
1747231140841,0.0,0.0,0.0,0.0,0.0,0.0,100.0
1747231142853,6.9,0.0,11.3,0.0,0.0,0.2,81.6
1747231144864,7.5,0.0,12.2,0.0,0.0,0.1,80.2
1747231146875,6.9,0.0,11.9,0.0,0.0,0.0,81.2
1747231148885,0.1,0.0,0.3,0.0,0.0,0.0,99.6
1747231150895,5.9,0.0,12.7,0.0,0.0,0.0,81.4
1747231152903,6.2,0.0,13.0,0.0,0.0,0.2,80.7
1747231154916,6.1,0.0,10.8,0.0,0.0,0.0,83.1
1747231156925,0.1,0.0,0.2,0.0,0.0,0.0,99.6
1747231158939,6.5,0.0,11.7,0.0,0.0,0.0,81.7
1747231160947,6.7,0.0,11.9,0.0,0.0,0.2,81.2
1747231162959,7.8,0.0,12.2,0.0,0.0,0.2,79.9
1747231164974,0.1,0.0,0.2,0.0,0.0,0.0,99.6
1747231166991,7.0,0.0,12.8,0.0,0.0,0.0,80.3
1747231168999,6.8,0.0,12.5,0.0,0.0,0.1,80.6
1747231171009,7.2,0.0,12.8,0.0,0.0,0.0,79.9
1747231173020,7.7,0.0,13.1,0.0,0.0,0.2,79.0
1747231175030,7.8,0.0,12.8,0.0,0.0,0.0,79.3
1747231177040,7.4,0.0,14.1,0.0,0.0,0.1,78.5
1747231179052,7.8,0.0,13.0,0.0,0.0,0.1,79.1
1747231181063,8.0,0.0,13.3,0.0,0.0,0.0,78.7
1747231183075,7.9,0.0,13.3,0.0,0.0,0.2,78.7
1747231185086,6.8,0.0,14.9,0.0,0.0,0.1,78.2
1747231187098,7.9,0.0,14.6,0.0,0.0,0.2,77.3
1747231189110,7.9,0.0,13.0,0.0,0.0,0.2,78.9
1747231191122,9.2,0.0,15.7,0.0,0.0,0.1,75.0
1747231193134,7.5,0.0,13.8,0.0,0.0,0.2,78.5
1747231195146,7.5,0.0,13.4,0.0,0.0,0.1,79.0
1747231197157,7.3,0.0,13.8,0.0,0.0,0.0,78.8
1747231199170,6.9,0.0,13.0,0.0,0.0,0.1,80.0
1747231201181,6.9,0.0,14.1,0.0,0.0,0.1,78.9
1747231203191,6.9,0.0,15.7,0.0,0.0,0.1,77.3
1747231205201,7.2,0.0,15.2,0.0,0.0,0.0,77.6
1747231207211,10.2,0.0,15.3,0.0,0.0,0.1,74.4
1747231209219,9.1,0.0,14.3,0.0,0.0,0.0,76.6
1747231211229,6.5,0.0,11.9,0.0,0.0,0.1,81.6
1747231213242,6.8,0.0,12.9,0.0,0.0,0.3,80.0
1747231215250,7.1,0.0,11.0,0.0,0.0,0.0,81.8
1747231217263,6.6,0.0,11.2,0.0,0.0,0.1,82.1
1747231219288,6.9,0.0,10.9,0.0,0.0,0.1,82.1
1747231221301,6.0,0.0,12.1,0.0,0.0,0.0,81.9
1747231223311,6.5,0.0,11.3,0.0,0.0,0.1,82.1
1747231225321,6.3,0.0,11.8,0.0,0.0,0.0,81.8
1747231227329,6.8,0.0,11.3,0.0,0.0,0.0,81.8
1747231229341,8.4,0.0,11.7,0.0,0.0,0.0,79.9
1747231231350,7.3,0.0,12.0,0.0,0.0,0.0,80.7
1747231233359,7.9,0.0,12.3,0.0,0.0,0.1,79.7
1747231235368,8.7,0.0,14.0,0.0,0.0,0.1,77.2
1747231237379,7.6,0.0,12.7,0.0,0.0,0.0,79.7
1747231239390,7.3,0.0,12.8,0.0,0.0,0.1,79.8
1747231241400,7.1,0.0,13.1,0.0,0.0,0.0,79.7
1747231243410,7.4,0.0,12.9,0.0,0.0,0.1,79.7
1747231245420,7.0,0.0,13.5,0.0,0.0,0.2,79.3
1747231247428,12.0,0.0,17.8,0.0,0.0,0.2,70.0
1747231249437,11.0,0.0,17.2,0.0,0.0,0.1,71.7
1747231251449,11.4,0.0,16.5,0.0,0.0,0.1,72.0
1747231253462,12.0,0.0,16.1,0.0,0.0,0.2,71.7
1747231255474,0.0,0.0,0.0,0.0,0.0,0.0,0.0
1747231257486,10.8,0.0,15.9,0.0,0.0,0.1,73.2
1747231259496,10.4,0.0,17.0,0.0,0.0,0.1,72.5
1747231261507,9.8,0.0,16.1,0.0,0.0,0.1,73.9
1747231263525,0.0,0.0,0.0,0.0,0.0,0.0,0.0
1747231265541,10.1,0.0,14.8,0.0,0.0,0.1,75.0
1747231267565,9.5,0.0,15.1,0.0,0.0,0.0,75.3
1747231269589,9.6,0.0,15.3,0.0,0.0,0.0,75.1
1747231271606,0.1,0.0,0.1,0.0,0.0,0.0,99.8
1747231273624,6.2,0.0,11.5,0.0,0.0,0.1,82.2
1747231275637,6.0,0.0,10.7,0.0,0.0,0.1,83.2
1747231277651,6.5,0.0,11.0,0.0,0.0,0.0,82.5
1747231279666,0.1,0.0,0.2,0.0,0.0,0.0,99.7
1747231281683,6.7,0.0,11.4,0.0,0.0,0.0,81.9
1747231283693,7.5,0.0,11.3,0.0,0.0,0.0,81.1
1747231285705,6.9,0.0,12.1,0.0,0.0,0.1,80.9
1747231287715,7.2,0.0,12.0,0.0,0.0,0.1,80.7
1747231289727,8.0,0.0,11.9,0.0,0.0,0.0,80.0
1747231291738,8.1,0.0,14.0,0.0,0.0,0.0,77.8
1747231293749,9.6,0.0,14.9,0.0,0.0,0.0,75.5
1747231295760,7.7,0.0,12.2,0.0,0.0,0.0,80.0
1747231297772,7.4,0.0,12.2,0.0,0.0,0.1,80.3
1747231299783,7.1,0.0,12.6,0.0,0.0,0.2,80.1
1747231301794,6.7,0.0,12.7,0.0,0.0,0.0,80.6
1747231303803,7.2,0.0,12.5,0.0,0.0,0.0,80.3
1747231305813,7.0,0.0,12.7,0.0,0.0,0.0,80.3
1747231307822,6.7,0.0,13.8,0.0,0.0,0.0,79.5
1747231309833,7.9,0.0,15.0,0.0,0.0,0.0,77.1
1747231311844,7.8,0.0,13.5,0.0,0.0,0.1,78.6
1747231313854,11.4,0.0,18.3,0.0,0.0,0.0,70.3
1747231315863,10.8,0.0,16.6,0.0,0.0,0.0,72.6
1747231317877,10.0,0.0,15.9,0.0,0.0,0.1,74.0
1747231319902,11.2,0.0,16.7,0.0,0.0,0.1,72.0
1747231321921,10.5,0.0,14.5,0.0,0.0,0.0,75.0
1747231323949,9.7,0.0,16.0,0.0,0.0,0.1,74.2
1747231326035,9.7,0.0,16.3,0.0,0.0,0.0,74.0
1747231328059,10.0,0.0,15.9,0.0,0.0,0.1,74.0
1747231330084,0.0,0.0,0.0,0.0,0.0,0.0,0.0
1747231332098,10.0,0.0,14.5,0.0,0.0,0.0,75.5
1747231334113,9.7,0.0,14.6,0.0,0.0,0.1,75.6
1747231336128,10.3,0.0,14.4,0.0,0.0,0.0,75.3
1747231338144,0.2,0.0,0.3,0.0,0.0,0.0,99.4
1747231340156,6.8,0.0,11.5,0.0,0.0,0.0,81.7
1747231342167,7.1,0.0,11.6,0.0,0.0,0.0,81.3
1747231344178,8.3,0.0,12.2,0.0,0.0,0.0,79.5
1747231346189,0.1,0.0,0.2,0.0,0.0,0.0,99.7
1747231348200,6.5,0.0,11.6,0.0,0.0,0.1,81.8
1747231350210,6.5,0.0,11.7,0.0,0.0,0.1,81.8
1747231352221,6.5,0.0,12.0,0.0,0.0,0.1,81.3
1747231354231,6.5,0.0,12.4,0.0,0.0,0.1,80.9
1747231356242,6.7,0.0,11.6,0.0,0.0,0.1,81.6
1747231358254,6.3,0.0,13.3,0.0,0.0,0.0,80.4
1747231360266,7.0,0.0,13.1,0.0,0.0,0.1,79.8
1747231362278,7.1,0.0,12.7,0.0,0.0,0.2,80.0
1747231364292,7.3,0.0,12.6,0.0,0.0,0.0,80.0
1747231366307,6.4,0.0,12.3,0.0,0.0,0.2,81.1
1747231368322,6.5,0.0,12.2,0.0,0.0,0.0,81.3
1747231370336,7.1,0.0,11.8,0.0,0.0,0.0,81.1
1747231372369,9.3,0.0,14.3,0.0,0.0,0.0,76.3
1747231374396,10.6,0.0,15.7,0.0,0.0,0.0,73.7
1747231376411,10.5,0.0,16.0,0.0,0.0,0.0,73.4
1747231378425,10.3,0.0,17.1,0.0,0.0,0.0,72.5
1747231380437,9.6,0.0,13.5,0.0,0.0,0.1,76.9
1747231382448,10.3,0.0,14.8,0.0,0.0,0.1,74.9
1747231384468,9.8,0.0,14.3,0.0,0.0,0.1,75.8
1747231386490,10.8,0.0,15.8,0.0,0.0,0.0,73.5
1747231388503,0.0,0.0,0.0,0.0,0.0,0.0,0.0
1747231390515,9.3,0.0,15.8,0.0,0.0,0.1,74.8
1747231392526,9.4,0.0,17.2,0.0,0.0,0.1,73.3
1747231394538,9.6,0.0,16.7,0.0,0.0,0.1,73.7
1747231396550,0.0,0.0,0.0,0.0,0.0,0.0,0.0
1747231398560,9.6,0.0,14.8,0.0,0.0,0.0,75.6
1747231400570,9.9,0.0,14.4,0.0,0.0,0.1,75.6
1747231402579,9.1,0.0,14.9,0.0,0.0,0.1,75.9
1747231404589,0.0,0.0,0.0,0.0,0.0,0.0,100.0
1747231406600,6.2,0.0,10.1,0.0,0.0,0.1,83.7
1747231408607,5.7,0.0,11.0,0.0,0.0,0.1,83.2
1747231410624,5.8,0.0,11.3,0.0,0.0,0.0,82.9
1747231412631,6.3,0.0,11.0,0.0,0.0,0.1,82.6
1747231414641,7.2,0.0,11.2,0.0,0.0,0.1,81.5
1747231416656,6.2,0.0,10.4,0.0,0.0,0.0,83.3
1747231418665,6.1,0.0,10.4,0.0,0.0,0.0,83.5
1747231420672,6.9,0.0,10.4,0.0,0.0,0.1,82.6
1747231422691,7.6,0.0,10.5,0.0,0.0,0.2,81.7
1747231424716,8.5,0.0,16.5,0.0,0.0,0.0,75.0
1747231426736,9.7,0.0,14.4,0.0,0.0,0.0,75.8
1747231428754,10.2,0.0,14.6,0.0,0.0,0.0,75.3
1747231430775,0.0,0.0,0.0,0.0,0.0,0.0,0.0
1747231432787,9.1,0.0,14.9,0.0,0.0,0.2,75.7
1747231434800,9.7,0.0,14.7,0.0,0.0,0.0,75.6
1747231436813,9.9,0.0,14.2,0.0,0.0,0.0,75.9
1747231438826,0.1,0.0,0.1,0.0,0.0,0.0,99.8
1747231440837,6.9,0.0,13.0,0.0,0.0,0.0,80.0
1747231442849,6.5,0.0,13.1,0.0,0.0,0.1,80.2
1747231444860,6.5,0.0,13.9,0.0,0.0,0.1,79.4
1747231446873,7.5,0.0,14.7,0.0,0.0,0.0,77.8
1747231448887,6.4,0.0,11.6,0.0,0.0,0.1,81.9
1747231450898,6.4,0.0,11.2,0.0,0.0,0.1,82.3
1747231452911,6.2,0.0,11.9,0.0,0.0,0.3,81.6
1747231454922,6.3,0.0,11.9,0.0,0.0,0.0,81.8
1747231456932,6.5,0.0,11.8,0.0,0.0,0.1,81.7
1747231458940,6.0,0.0,12.7,0.0,0.0,0.1,81.2
1747231460950,6.1,0.0,11.9,0.0,0.0,0.1,82.0
1747231462988,6.6,0.0,11.3,0.0,0.0,0.1,82.0
1747231465024,7.4,0.0,11.8,0.0,0.0,0.0,80.8
1747231467056,7.5,0.0,11.3,0.0,0.0,0.0,81.2
1747231469070,7.8,0.0,11.0,0.0,0.0,0.0,81.2
1747231471081,6.6,0.0,10.9,0.0,0.0,0.0,82.5
1747231473091,6.8,0.0,11.0,0.0,0.0,0.0,82.2
1747231475100,6.4,0.0,11.1,0.0,0.0,0.0,82.4
1747231477118,6.7,0.0,11.3,0.0,0.0,0.1,81.9
1747231479130,6.9,0.0,12.0,0.0,0.0,0.0,81.1
1747231481140,6.8,0.0,12.9,0.0,0.0,0.0,80.2
1747231483150,7.3,0.0,13.5,0.0,0.0,0.2,79.0
1747231485160,7.5,0.0,13.6,0.0,0.0,0.1,78.8
1747231487170,8.7,0.0,14.5,0.0,0.0,0.1,76.7
1747231489179,10.8,0.0,15.7,0.0,0.0,0.0,73.5
1747231491189,12.0,0.0,17.2,0.0,0.0,0.1,70.7
1747231493201,12.2,0.0,16.7,0.0,0.0,0.2,70.9
1747231495212,11.5,0.0,19.4,0.0,0.0,0.1,69.0
1747231497224,0.0,0.0,0.0,0.0,0.0,0.0,0.0
1747231499236,11.1,0.0,17.1,0.0,0.0,0.1,71.7
1747231501247,11.4,0.0,17.1,0.0,0.0,0.0,71.4
1747231503259,11.9,0.0,18.4,0.0,0.0,0.4,69.3
1747231505272,0.0,0.0,0.0,0.0,0.0,0.0,0.0
1747231507284,9.6,0.0,17.0,0.0,0.0,0.2,73.2
1747231509301,9.8,0.0,15.2,0.0,0.0,0.1,74.9
1747231511323,9.7,0.0,15.6,0.0,0.0,0.0,74.7
1747231513351,0.2,0.0,0.2,0.0,0.0,0.0,99.6
1747231515367,7.1,0.0,11.9,0.0,0.0,0.2,80.8
1747231517375,6.9,0.0,12.2,0.0,0.0,0.1,80.8
1747231519383,6.5,0.0,12.6,0.0,0.0,0.1,80.8
1747231521396,8.4,0.0,12.3,0.0,0.0,0.2,79.0
1747231523403,7.2,0.0,11.6,0.0,0.0,0.2,81.0
1747231525413,7.5,0.0,12.0,0.0,0.0,0.1,80.3
1747231527427,7.7,0.0,12.9,0.0,0.0,0.1,79.3
1747231529436,7.7,0.0,12.1,0.0,0.0,0.0,80.2
1747231531445,6.5,0.0,12.0,0.0,0.0,0.0,81.5
1747231533455,6.8,0.0,11.9,0.0,0.0,0.2,81.0
1747231535468,6.6,0.0,12.4,0.0,0.0,0.0,81.0
1747231537480,0.0,0.0,0.0,0.0,0.0,0.0,0.0
1747231539489,10.8,0.0,16.1,0.0,0.0,0.1,73.1
1747231541501,10.6,0.0,16.3,0.0,0.0,0.0,73.1
1747231543513,11.1,0.0,15.8,0.0,0.0,0.1,72.9
1747231545524,11.7,0.0,16.9,0.0,0.0,0.0,71.3
1747231547536,10.4,0.0,14.1,0.0,0.0,0.2,75.4
1747231549547,10.5,0.0,15.4,0.0,0.0,0.1,74.0
1747231551559,10.8,0.0,15.0,0.0,0.0,0.1,74.0
1747231553571,10.6,0.0,16.4,0.0,0.0,0.2,72.8
1747231555581,7.7,0.0,11.1,0.0,0.0,0.1,81.0
1747231557590,9.3,0.0,15.4,0.0,0.0,0.1,75.1
1747231559600,10.2,0.0,15.0,0.0,0.0,0.0,74.8
1747231561611,10.2,0.0,14.6,0.0,0.0,0.1,75.1
1747231563630,0.0,0.0,0.0,0.0,0.0,0.0,100.0
1747231565640,6.5,0.0,11.3,0.0,0.0,0.1,82.1
1747231567648,6.6,0.0,11.5,0.0,0.0,0.1,81.7
1747231569656,6.9,0.0,11.9,0.0,0.0,0.1,81.0
1747231571665,0.1,0.0,0.2,0.0,0.0,0.0,99.6
1747231573673,6.4,0.0,12.1,0.0,0.0,0.2,81.3
1747231575682,6.5,0.0,12.1,0.0,0.0,0.0,81.3
1747231577690,6.9,0.0,12.0,0.0,0.0,0.2,80.9
1747231579700,0.1,0.0,0.2,0.0,0.0,0.0,99.7
1747231581713,6.8,0.0,12.6,0.0,0.0,0.1,80.5
1747231583740,6.6,0.0,12.6,0.0,0.0,0.0,80.8
1747231585760,7.3,0.0,14.7,0.0,0.0,0.0,78.0
1747231587772,0.2,0.0,0.3,0.0,0.0,0.0,99.6
1747231589783,8.3,0.0,13.5,0.0,0.0,0.0,78.1
1747231591794,10.0,0.0,15.7,0.0,0.0,0.1,74.3
1747231593806,6.9,0.0,13.4,0.0,0.0,0.0,79.7
1747231595816,8.5,0.0,12.8,0.0,0.0,0.1,78.6
1747231597827,7.4,0.0,13.2,0.0,0.0,0.1,79.4
1747231599838,6.8,0.0,13.6,0.0,0.0,0.0,79.6
1747231601849,7.3,0.0,14.0,0.0,0.0,0.0,78.6
1747231603860,8.2,0.0,13.9,0.0,0.0,0.0,77.8
1747231605871,8.8,0.0,14.0,0.0,0.0,0.0,77.2
1747231607882,9.2,0.0,15.3,0.0,0.0,0.0,75.4
1747231609893,9.0,0.0,13.7,0.0,0.0,0.1,77.2
1747231611905,0.0,0.0,0.0,0.0,0.0,0.0,0.0
1747231613915,10.8,0.0,15.2,0.0,0.0,0.2,73.9
1747231615941,10.5,0.0,16.0,0.0,0.0,0.1,73.5
1747231617968,10.6,0.0,15.5,0.0,0.0,0.0,73.9
1747231619993,11.2,0.0,17.2,0.0,0.0,0.1,71.5
1747231622013,9.7,0.0,13.9,0.0,0.0,0.0,76.4
1747231624034,10.1,0.0,15.1,0.0,0.0,0.1,74.7
1747231626070,9.7,0.0,15.3,0.0,0.0,0.0,74.9
1747231628093,10.4,0.0,16.1,0.0,0.0,0.1,73.4
1747231630113,9.3,0.0,12.5,0.0,0.0,0.1,78.2
1747231632127,10.2,0.0,14.2,0.0,0.0,0.0,75.6
1747231634148,9.9,0.0,14.6,0.0,0.0,0.0,75.5
1747231636165,10.1,0.0,15.4,0.0,0.0,0.1,74.4
1747231638180,7.4,0.0,12.6,0.0,0.0,0.1,80.0
1747231640191,7.3,0.0,12.1,0.0,0.0,0.0,80.6
1747231642201,7.3,0.0,11.7,0.0,0.0,0.0,80.9
1747231644214,7.3,0.0,13.0,0.0,0.0,0.0,79.6
1747231646225,0.2,0.0,0.3,0.0,0.0,0.0,99.5
1747231648237,7.4,0.0,13.5,0.0,0.0,0.0,79.0
1747231650248,7.4,0.0,13.8,0.0,0.0,0.1,78.7
1747231652261,6.6,0.0,14.4,0.0,0.0,0.0,78.9
1747231654273,0.2,0.0,0.2,0.0,0.0,0.0,99.6
1747231656283,7.7,0.0,12.9,0.0,0.0,0.0,79.3
1747231658294,7.5,0.0,13.7,0.0,0.0,0.0,78.8
1747231660307,7.3,0.0,14.3,0.0,0.0,0.0,78.3
1747231662318,8.3,0.0,13.5,0.0,0.0,0.0,78.2
1747231664330,7.2,0.0,14.2,0.0,0.0,0.0,78.5
1747231666341,8.5,0.0,13.4,0.0,0.0,0.1,77.9
1747231668351,7.7,0.0,12.4,0.0,0.0,0.1,79.8
1747231670361,0.0,0.0,0.0,0.0,0.0,0.0,0.0
1747231672372,9.9,0.0,14.6,0.0,0.0,0.1,75.4
1747231674401,10.9,0.0,16.4,0.0,0.0,0.0,72.7
1747231676417,10.8,0.0,15.8,0.0,0.0,0.1,73.2
1747231678432,10.9,0.0,16.0,0.0,0.0,0.0,73.2
1747231680447,10.2,0.0,15.2,0.0,0.0,0.0,74.5
1747231682465,10.4,0.0,15.5,0.0,0.0,0.1,74.0
1747231684481,10.3,0.0,15.9,0.0,0.0,0.0,73.7
1747231686500,10.7,0.0,15.8,0.0,0.0,0.1,73.4
1747231688514,9.3,0.0,13.7,0.0,0.0,0.1,76.9
1747231690530,9.2,0.0,14.9,0.0,0.0,0.1,75.7
1747231692547,9.6,0.0,14.4,0.0,0.0,0.0,76.0
1747231694560,10.7,0.0,15.8,0.0,0.0,0.1,73.5
1747231696572,7.1,0.0,12.1,0.0,0.0,0.2,80.5
1747231698582,7.3,0.0,12.2,0.0,0.0,0.2,80.3
1747231700591,6.9,0.0,12.1,0.0,0.0,0.1,80.9
1747231702603,7.4,0.0,11.5,0.0,0.0,0.2,80.9
1747231704612,8.8,0.0,12.1,0.0,0.0,0.1,79.0
1747231706622,9.3,0.0,14.4,0.0,0.0,0.1,76.2
1747231708634,7.0,0.0,12.8,0.0,0.0,0.1,80.1
1747231710644,6.9,0.0,14.6,0.0,0.0,0.0,78.4
1747231712656,7.2,0.0,12.6,0.0,0.0,0.1,80.0
1747231714666,6.5,0.0,12.6,0.0,0.0,0.1,80.9
1747231716675,6.7,0.0,12.6,0.0,0.0,0.0,80.7
1747231718685,7.2,0.0,12.7,0.0,0.0,0.1,80.0
1747231720695,8.7,0.0,13.5,0.0,0.0,0.1,77.7
1747231722705,9.8,0.0,15.0,0.0,0.0,0.1,75.0
1747231724740,10.0,0.0,15.7,0.0,0.0,0.1,74.2
1747231726753,10.3,0.0,15.4,0.0,0.0,0.1,74.3
1747231728774,0.0,0.0,0.0,0.0,0.0,0.0,0.0
1747231730794,9.8,0.0,14.4,0.0,0.0,0.1,75.6
1747231732814,9.6,0.0,15.7,0.0,0.0,0.1,74.6
1747231734846,10.2,0.0,14.9,0.0,0.0,0.2,74.7
1747231736865,0.0,0.0,0.0,0.0,0.0,0.0,0.0
1747231738892,9.2,0.0,14.5,0.0,0.0,0.1,76.2
1747231740921,9.5,0.0,14.1,0.0,0.0,0.1,76.2
1747231742940,9.3,0.0,15.4,0.0,0.0,0.1,75.1
1747231744951,10.2,0.0,15.9,0.0,0.0,0.1,73.8
1747231746963,6.3,0.0,11.4,0.0,0.0,0.1,82.2
1747231748975,6.8,0.0,11.0,0.0,0.0,0.1,82.0
1747231750986,7.3,0.0,10.7,0.0,0.0,0.1,81.9
1747231752997,6.8,0.0,11.7,0.0,0.0,0.2,81.3
1747231755008,7.0,0.0,12.0,0.0,0.0,0.2,80.8
1747231757019,7.2,0.0,11.4,0.0,0.0,0.2,81.2
1747231759030,7.5,0.0,11.8,0.0,0.0,0.2,80.5
1747231761041,7.2,0.0,12.4,0.0,0.0,0.1,80.3
1747231763053,8.2,0.0,13.3,0.0,0.0,0.3,78.1
1747231765064,7.5,0.0,12.3,0.0,0.0,0.1,80.2
1747231767075,6.3,0.0,13.1,0.0,0.0,0.1,80.4
1747231769087,6.5,0.0,13.1,0.0,0.0,0.1,80.3
1747231771099,0.1,0.0,0.2,0.0,0.0,0.0,99.6
1747231773109,7.3,0.0,12.6,0.0,0.0,0.2,80.0
1747231775121,7.1,0.0,13.0,0.0,0.0,0.1,79.8
1747231777132,8.1,0.0,14.3,0.0,0.0,0.0,77.6
1747231779143,8.5,0.0,12.9,0.0,0.0,0.1,78.5
1747231781153,8.4,0.0,13.3,0.0,0.0,0.1,78.2
1747231783164,8.5,0.0,14.6,0.0,0.0,0.2,76.7
1747231785190,7.4,0.0,13.3,0.0,0.0,0.1,79.2
1747231787208,0.0,0.0,0.0,0.0,0.0,0.0,0.0
1747231789235,10.0,0.0,16.5,0.0,0.0,0.0,73.5
1747231791257,11.7,0.0,14.7,0.0,0.0,0.0,73.6
1747231793274,10.4,0.0,16.9,0.0,0.0,0.1,72.6
1747231795290,0.0,0.0,0.0,0.0,0.0,0.0,0.0
1747231797309,10.5,0.0,15.9,0.0,0.0,0.0,73.6
1747231799322,10.6,0.0,16.3,0.0,0.0,0.0,73.0
1747231801334,11.2,0.0,15.9,0.0,0.0,0.1,72.7
1747231803345,0.0,0.0,0.0,0.0,0.0,0.0,0.0
1747231805354,10.0,0.0,16.4,0.0,0.0,0.0,73.6
1747231807363,10.3,0.0,16.3,0.0,0.0,0.1,73.3
1747231809373,10.3,0.0,16.6,0.0,0.0,0.1,73.0
1747231811385,10.2,0.0,15.8,0.0,0.0,0.0,74.0
1747231813397,9.8,0.0,14.8,0.0,0.0,0.1,75.3
1747231815407,9.7,0.0,15.7,0.0,0.0,0.1,74.5
1747231817420,10.5,0.0,14.7,0.0,0.0,0.0,74.9
1747231819433,10.0,0.0,14.2,0.0,0.0,0.1,75.7
1747231821451,6.4,0.0,10.9,0.0,0.0,0.1,82.6
1747231823462,6.5,0.0,11.1,0.0,0.0,0.2,82.2
1747231825471,6.5,0.0,11.1,0.0,0.0,0.1,82.2
1747231827480,6.9,0.0,10.7,0.0,0.0,0.1,82.3
