timestamp_ms,usr%,nice%,sys%,iowait%,irq%,soft%,steal%,idle%
1747228752724,6.1,0.0,10.1,0.0,0.0,0.1,83.8
1747228754733,6.1,0.0,10.0,0.0,0.0,0.1,83.8
1747228756742,6.0,0.0,10.0,0.0,0.0,0.0,83.9
1747228758754,5.5,0.0,10.1,0.0,0.0,0.1,84.4
1747228760765,5.5,0.0,10.0,0.0,0.0,0.3,84.1
1747228762776,5.5,0.0,10.5,0.0,0.0,0.1,83.9
1747228764786,5.4,0.0,10.2,0.0,0.0,0.2,84.3
1747228766797,5.9,0.0,9.5,0.0,0.0,0.1,84.5
1747228768807,5.4,0.0,11.2,0.0,0.0,0.0,83.3
1747228770817,5.5,0.0,9.6,0.0,0.0,0.2,84.7
1747228772825,5.5,0.0,9.1,0.0,0.0,0.1,85.3
1747228774835,5.4,0.0,9.9,0.0,0.0,0.1,84.6
1747228776843,5.6,0.0,9.4,0.0,0.0,0.1,84.9
1747228778854,5.7,0.0,9.5,0.0,0.0,0.0,84.8
1747228780872,5.3,0.0,10.0,0.0,0.0,0.3,84.4
1747228782883,6.1,0.0,10.2,0.0,0.0,0.1,83.6
1747228784895,6.2,0.0,9.6,0.0,0.0,0.2,84.0
1747228786906,5.8,0.0,9.5,0.0,0.0,0.1,84.6
1747228788917,5.2,0.0,10.7,0.0,0.0,0.1,84.0
1747228790928,5.4,0.0,10.7,0.0,0.0,0.2,83.7
1747228792940,5.7,0.0,10.5,0.0,0.0,0.3,83.5
1747228794950,6.3,0.0,9.8,0.0,0.0,0.1,83.9
1747228796961,5.2,0.0,10.4,0.0,0.0,0.3,84.0
1747228798972,5.5,0.0,10.4,0.0,0.0,0.0,84.0
1747228800984,5.9,0.0,10.5,0.0,0.0,0.3,83.3
1747228802992,5.5,0.0,11.1,0.0,0.0,0.2,83.2
1747228805003,6.3,0.0,11.3,0.0,0.0,0.0,82.3
1747228807011,6.5,0.0,11.6,0.0,0.0,0.1,81.8
1747228809022,6.1,0.0,11.2,0.0,0.0,0.0,82.7
1747228811035,9.1,0.0,12.0,0.0,0.0,0.1,78.7
1747228813046,8.0,0.0,12.7,0.0,0.0,0.2,79.1
1747228815057,7.8,0.0,12.6,0.0,0.0,0.1,79.5
1747228817068,8.5,0.0,12.7,0.0,0.0,0.1,78.7
1747228819079,0.0,0.0,0.0,0.0,0.0,0.0,0.0
1747228821091,7.8,0.0,11.7,0.0,0.0,0.1,80.5
1747228823102,7.6,0.0,12.1,0.0,0.0,0.1,80.1
1747228825115,7.8,0.0,12.7,0.0,0.0,0.3,79.2
1747228827126,0.0,0.0,0.0,0.0,0.0,0.0,0.0
1747228829137,7.5,0.0,11.6,0.0,0.0,0.1,80.8
1747228831149,7.8,0.0,10.8,0.0,0.0,0.1,81.2
1747228833162,7.1,0.0,11.2,0.0,0.0,0.2,81.4
1747228835177,0.1,0.0,0.2,0.0,0.0,0.0,99.7
1747228837187,5.6,0.0,9.2,0.0,0.0,0.2,85.0
1747228839196,5.2,0.0,10.0,0.0,0.0,0.2,84.5
1747228841204,4.8,0.0,9.8,0.0,0.0,0.1,85.3
1747228843214,5.6,0.0,9.1,0.0,0.0,0.2,85.1
1747228845224,5.6,0.0,9.9,0.0,0.0,0.2,84.3
1747228847232,5.0,0.0,10.2,0.0,0.0,0.1,84.8
1747228849243,5.6,0.0,9.5,0.0,0.0,0.2,84.7
1747228851254,5.3,0.0,10.9,0.0,0.0,0.1,83.7
1747228853264,5.9,0.0,9.7,0.0,0.0,0.2,84.2
1747228855276,5.9,0.0,10.9,0.0,0.0,0.2,83.0
1747228857287,5.6,0.0,10.5,0.0,0.0,0.0,83.9
1747228859299,6.5,0.0,10.6,0.0,0.0,0.1,82.7
1747228861309,9.0,0.0,12.1,0.0,0.0,0.2,78.7
1747228863318,8.3,0.0,13.4,0.0,0.0,0.0,78.2
1747228865329,7.9,0.0,13.6,0.0,0.0,0.5,78.0
1747228867340,8.3,0.0,12.8,0.0,0.0,0.1,78.8
1747228869351,0.0,0.0,0.0,0.0,0.0,0.0,0.0
1747228871361,8.5,0.0,12.0,0.0,0.0,0.1,79.4
1747228873371,8.3,0.0,12.0,0.0,0.0,0.1,79.6
1747228875384,8.0,0.0,12.7,0.0,0.0,0.1,79.2
1747228877395,0.0,0.0,0.0,0.0,0.0,0.0,0.0
1747228879405,7.8,0.0,11.8,0.0,0.0,0.1,80.3
1747228881416,7.4,0.0,12.5,0.0,0.0,0.2,79.9
1747228883428,7.4,0.0,11.8,0.0,0.0,0.2,80.6
1747228885440,7.9,0.0,11.6,0.0,0.0,0.2,80.3
1747228887452,5.3,0.0,9.5,0.0,0.0,0.2,85.0
1747228889463,5.3,0.0,9.4,0.0,0.0,0.2,85.1
1747228891474,5.8,0.0,9.2,0.0,0.0,0.2,84.9
1747228893485,5.7,0.0,9.8,0.0,0.0,0.2,84.3
1747228895496,5.3,0.0,10.3,0.0,0.0,0.3,84.1
1747228897505,5.5,0.0,10.2,0.0,0.0,0.4,83.9
1747228899514,6.1,0.0,10.8,0.0,0.0,0.0,83.0
1747228901524,5.4,0.0,11.4,0.0,0.0,0.0,83.2
1747228903533,8.3,0.0,11.0,0.0,0.0,0.1,80.5
1747228905550,7.2,0.0,12.2,0.0,0.0,0.2,80.5
1747228907564,7.5,0.0,12.6,0.0,0.0,0.2,79.7
1747228909577,7.8,0.0,12.3,0.0,0.0,0.1,79.7
1747228911594,0.0,0.0,0.0,0.0,0.0,0.0,0.0
1747228913605,7.2,0.0,11.8,0.0,0.0,0.1,80.8
1747228915618,7.4,0.0,11.6,0.0,0.0,0.2,80.8
1747228917630,7.3,0.0,12.1,0.0,0.0,0.1,80.5
1747228919642,0.2,0.0,0.3,0.0,0.0,0.0,99.5
1747228921654,6.1,0.0,9.0,0.0,0.0,0.0,84.9
1747228923665,5.8,0.0,9.7,0.0,0.0,0.1,84.4
1747228925678,5.3,0.0,9.6,0.0,0.0,0.0,85.1
1747228927690,5.8,0.0,9.2,0.0,0.0,0.0,85.0
1747228929701,5.7,0.0,10.4,0.0,0.0,0.2,83.7
1747228931712,5.8,0.0,10.0,0.0,0.0,0.0,84.2
1747228933723,5.6,0.0,10.0,0.0,0.0,0.1,84.2
1747228935734,5.1,0.0,11.0,0.0,0.0,0.1,83.8
1747228937745,6.0,0.0,10.3,0.0,0.0,0.1,83.7
1747228939756,5.7,0.0,10.4,2.5,0.0,0.1,81.2
1747228941767,5.5,0.0,10.8,0.0,0.0,0.0,83.6
1747228943778,6.2,0.0,9.4,0.0,0.0,0.1,84.3
1747228945789,5.2,0.0,10.4,0.8,0.0,0.2,83.3
1747228947800,5.9,0.0,10.2,1.1,0.0,0.1,82.7
1747228949812,5.6,0.0,10.2,0.0,0.0,0.1,84.1
1747228951823,6.2,0.0,10.3,0.0,0.0,0.1,83.4
1747228953834,5.7,0.0,10.7,0.0,0.0,0.2,83.4
1747228955845,5.7,0.0,10.9,0.0,0.0,0.2,83.3
1747228957856,6.5,0.0,11.6,0.0,0.0,0.2,81.7
1747228959867,5.6,0.0,9.6,0.0,0.0,0.1,84.7
1747228961877,5.5,0.0,9.9,0.0,0.0,0.1,84.4
1747228963888,5.3,0.0,10.2,0.0,0.0,0.2,84.4
1747228965897,6.0,0.0,9.6,0.0,0.0,0.2,84.2
1747228967909,5.3,0.0,10.0,0.0,0.0,0.1,84.7
1747228969920,5.9,0.0,9.8,0.0,0.0,0.2,84.0
1747228971931,5.7,0.0,10.5,0.0,0.0,0.2,83.6
1747228973943,5.7,0.0,10.0,0.0,0.0,0.1,84.2
1747228975953,6.1,0.0,9.7,0.0,0.0,0.3,84.0
1747228977963,5.7,0.0,9.8,0.0,0.0,0.1,84.3
1747228979972,5.2,0.0,10.5,0.0,0.0,0.2,84.2
1747228981981,5.8,0.0,10.2,0.0,0.0,0.1,83.8
1747228983991,5.7,0.0,10.3,0.0,0.0,0.2,83.7
1747228986003,6.0,0.0,10.0,0.0,0.0,0.1,83.9
1747228988012,5.7,0.0,10.6,0.0,0.0,0.2,83.6
1747228990020,5.7,0.0,9.6,0.0,0.0,0.1,84.6
1747228992032,5.6,0.0,10.3,0.0,0.0,0.1,84.0
1747228994040,5.5,0.0,10.1,0.0,0.0,0.2,84.2
1747228996053,5.1,0.0,10.5,0.0,0.0,0.2,84.2
1747228998062,5.5,0.0,11.1,0.0,0.0,0.1,83.3
1747229000073,5.5,0.0,10.9,0.0,0.0,0.1,83.5
1747229002085,5.6,0.0,10.5,0.0,0.0,0.1,83.8
1747229004095,5.8,0.0,10.2,0.0,0.0,0.1,83.9
1747229006107,5.8,0.0,10.2,0.0,0.0,0.2,83.9
1747229008118,6.0,0.0,10.5,0.0,0.0,0.1,83.3
1747229010128,6.3,0.0,10.5,0.0,0.0,0.2,83.0
1747229012140,7.1,0.0,12.1,0.0,0.0,0.2,80.7
1747229014151,5.7,0.0,10.5,0.0,0.0,0.2,83.7
1747229016162,5.6,0.0,11.3,0.0,0.0,0.3,82.8
1747229018175,5.8,0.0,9.9,0.0,0.0,0.1,84.1
1747229020187,6.0,0.0,10.2,0.0,0.0,0.1,83.7
1747229022198,5.4,0.0,10.3,0.0,0.0,0.1,84.2
1747229024209,5.7,0.0,11.1,0.0,0.0,0.2,83.0
1747229026219,5.5,0.0,10.9,0.0,0.0,0.2,83.4
1747229028228,6.2,0.0,9.4,0.0,0.0,0.1,84.3
1747229030236,5.7,0.0,9.8,0.0,0.0,0.1,84.4
1747229032248,5.8,0.0,10.4,0.0,0.0,0.0,83.7
1747229034259,5.6,0.0,10.1,0.0,0.0,0.1,84.2
1747229036269,6.1,0.0,9.8,0.0,0.0,0.1,84.0
1747229038280,5.7,0.0,10.4,0.0,0.0,0.0,83.8
1747229040290,7.2,0.0,11.4,0.0,0.0,0.2,81.2
1747229042301,6.4,0.0,10.9,0.0,0.0,0.1,82.6
1747229044313,5.5,0.0,10.3,0.0,0.0,0.1,84.2
1747229046324,5.8,0.0,10.5,0.0,0.0,0.1,83.6
1747229048334,5.7,0.0,11.1,0.0,0.0,0.4,82.8
1747229050344,5.7,0.0,10.4,0.0,0.0,0.2,83.7
1747229052355,5.7,0.0,10.2,0.0,0.0,0.1,83.9
1747229054364,5.9,0.0,9.8,0.0,0.0,0.1,84.2
1747229056374,5.8,0.0,11.2,0.0,0.0,0.2,82.8
1747229058384,5.9,0.0,10.2,0.0,0.0,0.1,83.9
1747229060394,5.3,0.0,10.8,0.0,0.0,0.2,83.6
1747229062403,5.5,0.0,10.0,0.0,0.0,0.1,84.4
1747229064415,5.5,0.0,10.5,0.0,0.0,0.1,83.8
1747229066423,5.7,0.0,10.1,0.0,0.0,0.0,84.2
1747229068436,6.7,0.0,10.3,0.0,0.0,0.1,82.9
1747229070452,4.9,0.0,10.0,0.0,0.0,0.4,84.6
1747229072462,5.7,0.0,10.2,0.0,0.0,0.1,83.9
1747229074478,5.3,0.0,10.2,0.0,0.0,0.1,84.4
1747229076489,5.7,0.0,10.4,0.0,0.0,0.1,83.8
1747229078500,5.5,0.0,11.7,0.0,0.0,0.1,82.8
1747229080511,5.7,0.0,11.6,0.0,0.0,0.2,82.5
1747229082522,6.0,0.0,10.0,0.0,0.0,0.1,83.9
1747229084532,5.4,0.0,10.2,0.0,0.0,0.2,84.3
1747229086543,5.5,0.0,10.4,0.0,0.0,0.0,84.1
1747229088554,6.0,0.0,11.3,0.0,0.0,0.2,82.5
1747229090565,6.4,0.0,11.7,0.0,0.0,0.2,81.6
1747229092576,6.3,0.0,10.6,0.0,0.0,0.0,83.1
1747229094587,6.4,0.0,10.4,0.0,0.0,0.0,83.2
1747229096597,6.4,0.0,10.7,0.0,0.0,0.2,82.7
1747229098607,5.6,0.0,10.6,0.0,0.0,0.1,83.7
1747229100618,5.3,0.0,10.8,0.2,0.0,0.2,83.5
1747229102628,5.9,0.0,10.4,0.0,0.0,0.0,83.7
1747229104638,5.7,0.0,11.0,0.0,0.0,0.0,83.3
1747229106649,5.9,0.0,11.2,0.0,0.0,0.1,82.9
1747229108659,5.5,0.0,11.2,0.0,0.0,0.0,83.2
1747229110668,5.6,0.0,11.5,0.0,0.0,0.1,82.8
1747229112677,6.0,0.0,10.3,0.0,0.0,0.1,83.6
1747229114686,7.6,0.0,11.6,0.0,0.0,0.2,80.7
1747229116696,7.1,0.0,10.9,0.0,0.0,0.1,81.9
1747229118707,5.7,0.0,10.1,0.0,0.0,0.1,84.1
1747229120717,6.0,0.0,11.1,0.0,0.0,0.2,82.6
1747229122728,6.7,0.0,10.4,0.0,0.0,0.2,82.8
1747229124738,6.0,0.0,10.0,0.0,0.0,0.1,83.8
1747229126747,5.7,0.0,10.4,0.0,0.0,0.3,83.5
1747229128756,5.7,0.0,10.4,0.0,0.0,0.0,83.8
1747229130763,6.8,0.0,9.7,0.0,0.0,0.2,83.3
1747229132771,5.3,0.0,10.2,0.0,0.0,0.1,84.4
1747229134786,5.4,0.0,10.2,0.0,0.0,0.0,84.4
1747229136801,5.1,0.0,11.1,0.0,0.0,0.1,83.7
1747229138818,6.7,0.0,10.2,0.0,0.0,0.1,83.0
1747229140833,6.7,0.0,12.2,0.0,0.0,0.1,81.0
1747229142844,6.2,0.0,10.8,0.0,0.0,0.1,82.8
1747229144855,5.9,0.0,10.8,0.0,0.0,0.1,83.2
1747229146866,6.5,0.0,10.1,0.0,0.0,0.0,83.3
1747229148878,5.6,0.0,10.8,0.0,0.0,0.1,83.5
1747229150889,5.8,0.0,10.1,0.0,0.0,0.5,83.7
1747229152900,5.9,0.0,11.0,0.0,0.0,0.1,83.0
1747229154910,0.0,0.0,0.0,0.0,0.0,0.0,0.0
1747229156921,8.8,0.0,14.2,0.0,0.0,0.2,76.9
1747229158932,8.4,0.0,13.8,0.0,0.0,0.1,77.7
1747229160944,8.9,0.0,13.0,0.0,0.0,0.2,77.9
1747229162956,0.0,0.0,0.0,0.0,0.0,0.0,0.0
1747229164967,8.2,0.0,12.8,0.0,0.0,0.3,78.7
1747229166978,8.0,0.0,12.6,0.0,0.0,0.1,79.2
1747229168989,8.3,0.0,12.5,0.0,0.0,0.0,79.1
1747229171000,8.5,0.0,13.2,0.0,0.0,0.1,78.2
1747229173012,7.9,0.0,11.4,0.0,0.0,0.1,80.6
1747229175022,7.9,0.0,12.2,0.0,0.0,0.1,79.8
1747229177033,8.0,0.0,11.8,0.0,0.0,0.1,80.1
1747229179045,8.2,0.0,13.1,0.0,0.0,0.0,78.7
1747229181055,7.2,0.0,9.4,0.0,0.0,0.3,83.0
1747229183064,5.5,0.0,9.5,0.0,0.0,0.1,85.0
1747229185072,6.2,0.0,9.0,0.0,0.0,0.1,84.6
1747229187081,5.6,0.0,10.4,0.0,0.0,0.1,83.9
1747229189092,0.2,0.0,0.3,0.0,0.0,0.0,99.5
1747229191103,6.0,0.0,9.7,0.0,0.0,0.2,84.2
1747229193111,5.5,0.0,10.8,0.0,0.0,0.4,83.3
1747229195120,5.7,0.0,10.6,0.0,0.0,0.3,83.4
1747229197130,0.1,0.0,0.2,0.0,0.0,0.0,99.6
1747229199140,5.8,0.0,10.7,0.0,0.0,0.1,83.3
1747229201148,6.2,0.0,10.1,0.0,0.0,0.2,83.5
1747229203163,5.9,0.0,10.8,0.0,0.0,0.3,83.0
1747229205171,0.2,0.0,0.3,0.0,0.0,0.0,99.5
1747229207187,5.8,0.0,11.2,0.0,0.0,0.1,82.9
1747229209199,5.7,0.0,11.6,0.0,0.0,0.1,82.6
1747229211211,6.0,0.0,11.3,0.0,0.0,0.3,82.3
1747229213222,7.3,0.0,11.2,0.0,0.0,0.1,81.4
1747229215234,6.3,0.0,11.0,0.0,0.0,0.1,82.6
1747229217246,6.4,0.0,11.1,0.0,0.0,0.1,82.4
1747229219258,7.1,0.0,11.1,0.0,0.0,0.0,81.8
1747229221269,8.0,0.0,10.8,0.0,0.0,0.3,80.9
1747229223278,6.2,0.0,11.4,0.0,0.0,0.1,82.2
1747229225288,6.7,0.0,11.5,0.0,0.0,0.1,81.8
1747229227299,6.6,0.0,10.7,0.0,0.0,0.0,82.7
1747229229309,7.6,0.0,11.1,0.0,0.0,0.1,81.2
1747229231318,6.3,0.0,11.7,0.0,0.0,0.2,81.8
1747229233327,6.4,0.0,11.4,0.0,0.0,0.1,82.0
1747229235337,6.7,0.0,10.6,0.0,0.0,0.1,82.6
1747229237349,7.1,0.0,11.5,0.0,0.0,0.2,81.2
1747229239360,6.3,0.0,11.4,0.0,0.0,0.1,82.2
1747229241371,6.5,0.0,11.7,0.0,0.0,0.3,81.6
1747229243383,7.4,0.0,10.6,0.0,0.0,0.1,81.9
1747229245392,7.8,0.0,12.2,0.0,0.0,0.1,79.9
1747229247402,6.9,0.0,10.7,0.0,0.0,0.3,82.2
1747229249412,6.7,0.0,10.9,0.0,0.0,0.1,82.4
1747229251423,6.1,0.0,11.0,0.0,0.0,0.2,82.6
1747229253434,6.7,0.0,12.0,0.0,0.0,0.3,81.0
1747229255445,6.3,0.0,11.2,0.0,0.0,0.0,82.5
1747229257455,5.8,0.0,11.7,0.0,0.0,0.1,82.4
1747229259463,6.1,0.0,11.4,0.0,0.0,0.0,82.4
1747229261471,7.0,0.0,11.5,0.0,0.0,0.4,81.2
1747229263480,5.8,0.0,11.5,0.0,0.0,0.0,82.7
1747229265496,6.4,0.0,11.7,0.0,0.0,0.3,81.7
1747229267506,7.0,0.0,12.7,0.0,0.0,0.3,80.1
1747229269517,0.0,0.0,0.0,0.0,0.0,0.0,0.0
1747229271539,8.4,0.0,12.2,0.0,0.0,0.2,79.2
1747229273573,8.6,0.0,13.4,0.0,0.0,0.1,77.8
1747229275594,8.6,0.0,13.2,0.0,0.0,0.2,78.0
1747229277609,9.7,0.0,14.4,0.0,0.0,0.0,75.9
1747229279622,7.3,0.0,11.1,0.0,0.0,0.1,81.5
1747229281633,8.5,0.0,14.0,0.0,0.0,0.1,77.4
1747229283644,8.8,0.0,13.9,0.0,0.0,0.2,77.1
1747229285656,9.1,0.0,15.1,0.0,0.0,0.2,75.6
1747229287667,9.1,0.0,13.2,0.0,0.0,0.1,77.6
1747229289679,8.8,0.0,13.1,0.0,0.0,0.0,78.1
1747229291690,8.8,0.0,13.0,0.0,0.0,0.2,78.0
1747229293701,8.9,0.0,13.5,0.0,0.0,0.1,77.4
1747229295712,0.1,0.0,0.1,0.0,0.0,0.0,99.8
1747229297722,6.2,0.0,10.1,0.0,0.0,0.1,83.6
1747229299733,6.2,0.0,10.1,0.0,0.0,0.2,83.5
1747229301743,6.0,0.0,10.4,0.0,0.0,0.2,83.5
1747229303754,0.1,0.0,0.2,0.0,0.0,0.0,99.7
1747229305765,6.5,0.0,11.1,0.0,0.0,0.3,82.0
1747229307776,6.5,0.0,11.8,0.0,0.0,0.2,81.5
1747229309786,6.2,0.0,12.2,0.0,0.0,0.2,81.3
1747229311797,7.1,0.0,11.7,0.0,0.0,0.2,81.0
1747229313807,6.0,0.0,11.5,0.0,0.0,0.2,82.2
1747229315818,7.0,0.0,11.2,0.0,0.0,0.3,81.5
1747229317828,6.4,0.0,10.9,0.0,0.0,0.1,82.7
1747229319839,7.9,0.0,11.0,0.0,0.0,0.1,81.0
1747229321849,6.2,0.0,10.4,0.0,0.0,0.1,83.3
1747229323860,6.3,0.0,10.4,0.0,0.0,0.2,83.2
1747229325872,5.9,0.0,11.0,0.0,0.0,0.2,82.8
1747229327884,6.7,0.0,11.0,0.0,0.0,0.1,82.2
1747229329895,6.3,0.0,11.1,0.0,0.0,0.1,82.6
1747229331907,5.8,0.0,11.2,0.0,0.0,0.2,82.7
1747229333919,6.4,0.0,10.8,0.0,0.0,0.2,82.7
1747229335929,6.4,0.0,11.0,0.0,0.0,0.2,82.4
1747229337939,6.2,0.0,10.4,0.0,0.0,0.0,83.3
1747229339953,5.7,0.0,11.6,0.0,0.0,0.0,82.7
1747229341969,5.9,0.0,11.6,0.0,0.0,0.0,82.5
1747229343978,6.3,0.0,10.8,0.0,0.0,0.2,82.7
1747229345992,6.3,0.0,10.9,0.0,0.0,0.1,82.7
1747229348003,5.8,0.0,10.6,0.0,0.0,0.1,83.5
1747229350011,5.8,0.0,11.3,0.0,0.0,0.2,82.6
1747229352022,6.3,0.0,11.2,0.0,0.0,0.0,82.5
1747229354033,10.4,0.0,13.9,0.0,0.0,0.1,75.6
1747229356044,8.3,0.0,13.9,0.0,0.0,0.2,77.6
1747229358055,9.0,0.0,13.1,0.0,0.0,0.2,77.7
1747229360066,8.9,0.0,14.0,0.0,0.0,0.1,77.0
1747229362077,0.0,0.0,0.0,0.0,0.0,0.0,0.0
1747229364087,8.8,0.0,12.7,0.0,0.0,0.0,78.4
1747229366098,8.6,0.0,12.6,0.0,0.0,0.1,78.8
1747229368109,8.6,0.0,12.5,0.0,0.0,0.1,78.8
1747229370119,0.2,0.0,0.3,0.0,0.0,0.0,99.5
1747229372129,6.7,0.0,9.4,0.0,0.0,0.1,83.8
1747229374140,5.8,0.0,10.4,0.0,0.0,0.1,83.7
1747229376149,6.3,0.0,9.6,0.0,0.0,0.1,84.0
1747229378159,6.3,0.0,10.2,0.0,0.0,0.0,83.5
1747229380169,6.4,0.0,10.5,0.0,0.0,0.1,83.0
1747229382179,6.4,0.0,11.2,0.0,0.0,0.0,82.3
1747229384189,6.2,0.0,10.6,0.0,0.0,0.1,83.1
1747229386199,6.8,0.0,11.0,0.0,0.0,0.2,82.0
1747229388210,6.9,0.0,10.7,0.0,0.0,0.0,82.4
1747229390221,6.3,0.0,11.5,0.0,0.0,0.1,82.1
1747229392231,6.7,0.0,11.0,0.0,0.0,0.1,82.3
1747229394241,6.5,0.0,12.4,0.0,0.0,0.2,81.0
1747229396251,6.5,0.0,10.3,0.0,0.0,0.0,83.2
1747229398258,6.6,0.0,10.6,0.0,0.0,0.2,82.5
1747229400268,6.3,0.0,11.9,0.0,0.0,0.1,81.7
1747229402277,6.6,0.0,11.5,0.0,0.0,0.1,81.8
1747229404285,6.4,0.0,11.8,0.0,0.0,0.2,81.6
1747229406294,6.9,0.0,11.5,0.0,0.0,0.1,81.5
1747229408303,6.7,0.0,11.6,0.0,0.0,0.1,81.7
1747229410311,6.2,0.0,12.6,0.0,0.0,0.1,81.1
1747229412321,6.3,0.0,11.9,0.0,0.0,0.1,81.6
1747229414332,6.2,0.0,11.6,0.0,0.0,0.2,82.0
1747229416342,5.7,0.0,12.0,0.0,0.0,0.2,82.1
1747229418350,6.5,0.0,12.0,0.0,0.0,0.2,81.3
1747229420366,5.6,0.0,11.6,0.0,0.0,0.1,82.7
1747229422376,7.2,0.0,13.1,0.0,0.0,0.1,79.5
1747229424387,6.1,0.0,12.6,0.0,0.0,0.2,81.1
1747229426398,6.4,0.0,13.1,0.0,0.0,0.2,80.2
1747229428409,6.4,0.0,12.5,0.0,0.0,0.1,81.0
1747229430420,6.8,0.0,11.2,0.0,0.0,0.1,81.9
1747229432430,6.0,0.0,12.2,0.0,0.0,0.1,81.7
1747229434441,7.2,0.0,11.3,0.0,0.0,0.1,81.3
1747229436452,7.0,0.0,10.5,0.0,0.0,0.1,82.3
1747229438462,5.8,0.0,11.9,0.0,0.0,0.0,82.2
1747229440473,6.5,0.0,11.2,0.0,0.0,0.0,82.3
1747229442484,6.5,0.0,11.9,0.0,0.0,0.2,81.5
1747229444495,10.5,0.0,14.7,0.0,0.0,0.2,74.6
1747229446506,9.6,0.0,14.2,0.0,0.0,0.0,76.1
1747229448516,9.1,0.0,14.0,0.0,0.0,0.1,76.8
1747229450526,8.9,0.0,14.6,0.0,0.0,0.1,76.4
1747229452536,0.0,0.0,0.0,0.0,0.0,0.0,0.0
1747229454548,8.9,0.0,13.9,0.0,0.0,0.1,77.0
1747229456559,8.8,0.0,14.2,0.0,0.0,0.1,76.9
1747229458571,8.6,0.0,13.3,0.0,0.0,0.1,77.9
1747229460585,0.0,0.0,0.0,0.0,0.0,0.0,0.0
1747229462596,8.0,0.0,12.9,0.0,0.0,0.1,79.0
1747229464613,8.6,0.0,12.2,0.0,0.0,0.1,79.1
1747229466633,8.3,0.0,12.0,0.0,0.0,0.1,79.6
1747229468649,8.3,0.0,11.9,0.0,0.0,0.1,79.6
1747229470663,6.4,0.0,9.7,0.0,0.0,0.1,83.8
1747229472671,6.0,0.0,9.8,0.0,0.0,0.1,84.2
1747229474680,5.7,0.0,9.8,0.0,0.0,0.1,84.4
1747229476696,5.9,0.0,9.7,0.0,0.0,0.0,84.4
1747229478707,6.2,0.0,9.8,0.0,0.0,0.1,83.9
1747229480717,6.3,0.0,10.7,0.0,0.0,0.0,83.0
1747229482726,6.5,0.0,10.3,0.0,0.0,0.1,83.1
1747229484735,7.1,0.0,10.7,0.0,0.0,0.0,82.2
1747229486747,6.7,0.0,10.9,0.0,0.0,0.0,82.4
1747229488756,7.2,0.0,11.2,0.0,0.0,0.1,81.6
1747229490768,7.3,0.0,12.4,0.0,0.0,0.2,80.2
1747229492778,7.0,0.0,12.4,0.0,0.0,0.0,80.5
1747229494788,6.7,0.0,12.1,0.0,0.0,0.1,81.1
1747229496799,7.0,0.0,11.8,0.0,0.0,0.0,81.1
1747229498809,6.6,0.0,12.7,0.0,0.0,0.1,80.6
1747229500819,7.1,0.0,12.8,0.0,0.0,0.3,79.9
1747229502828,7.0,0.0,12.4,0.0,0.0,0.1,80.4
1747229504836,7.3,0.0,12.6,0.0,0.0,0.1,80.1
1747229506845,6.5,0.0,12.3,0.0,0.0,0.1,81.1
1747229508857,7.4,0.0,12.4,0.0,0.0,0.1,80.0
1747229510868,6.4,0.0,12.9,0.0,0.0,0.1,80.6
1747229512878,7.1,0.0,12.9,0.0,0.0,0.1,79.9
1747229514889,7.3,0.0,13.1,0.0,0.0,0.0,79.5
1747229516900,7.4,0.0,12.5,0.0,0.0,0.1,80.0
1747229518909,7.6,0.0,11.7,0.0,0.0,0.1,80.6
1747229520919,6.6,0.0,11.6,0.0,0.0,0.2,81.6
1747229522929,6.8,0.0,11.8,0.0,0.0,0.2,81.2
1747229524940,6.9,0.0,12.9,0.0,0.0,0.1,80.0
1747229526950,6.8,0.0,12.3,0.0,0.0,0.0,80.9
1747229528960,6.5,0.0,13.1,0.0,0.0,0.0,80.3
1747229530969,6.9,0.0,12.3,0.0,0.0,0.2,80.6
1747229532979,6.7,0.0,12.7,0.0,0.0,0.0,80.5
1747229534989,6.4,0.0,12.6,0.0,0.0,0.1,80.9
1747229536998,7.1,0.0,12.3,0.0,0.0,0.1,80.5
1747229539007,6.9,0.0,12.6,0.0,0.0,0.0,80.5
1747229541018,7.0,0.0,12.0,0.0,0.0,0.2,80.8
1747229543032,6.7,0.0,11.4,0.0,0.0,0.1,81.8
1747229545039,6.7,0.0,11.2,0.0,0.0,0.1,81.9
1747229547053,6.4,0.0,10.9,0.0,0.0,0.0,82.6
1747229549063,6.5,0.0,11.2,0.0,0.0,0.1,82.1
1747229551071,6.0,0.0,10.5,0.0,0.0,0.2,83.3
1747229553089,5.8,0.0,11.3,0.0,0.0,0.0,82.8
1747229555099,6.1,0.0,12.4,0.0,0.0,0.0,81.4
1747229557110,6.7,0.0,11.9,0.0,0.0,0.0,81.4
1747229559121,5.9,0.0,12.2,0.0,0.0,0.0,81.8
1747229561131,6.0,0.0,12.3,0.0,0.0,0.1,81.6
1747229563141,7.0,0.0,12.3,0.0,0.0,0.1,80.6
1747229565149,7.3,0.0,12.1,0.0,0.0,0.1,80.5
1747229567158,7.7,0.0,12.6,0.0,0.0,0.0,79.8
1747229569168,6.4,0.0,10.7,0.0,0.0,0.0,82.9
1747229571179,6.8,0.0,11.4,0.0,0.0,0.2,81.6
1747229573191,7.1,0.0,11.3,0.0,0.0,0.1,81.5
1747229575202,6.4,0.0,11.5,0.0,0.0,0.1,82.0
1747229577214,6.0,0.0,11.8,0.0,0.0,0.0,82.1
1747229579225,6.4,0.0,10.8,0.0,0.0,0.0,82.7
1747229581237,7.0,0.0,11.3,0.0,0.0,0.1,81.6
1747229583248,6.3,0.0,12.0,0.0,0.0,0.1,81.6
1747229585258,6.2,0.0,11.3,0.0,0.0,0.1,82.4
1747229587268,7.1,0.0,11.8,0.0,0.0,0.1,81.1
1747229589279,7.2,0.0,12.1,0.0,0.0,0.2,80.5
1747229591290,7.3,0.0,11.1,0.0,0.0,0.2,81.4
1747229593301,7.2,0.0,11.2,0.0,0.0,0.1,81.6
1747229595313,6.8,0.0,12.7,0.0,0.0,0.2,80.3
1747229597325,7.4,0.0,11.8,0.0,0.0,0.1,80.7
1747229599337,10.3,0.0,14.0,0.0,0.0,0.1,75.7
1747229601346,10.0,0.0,15.2,0.0,0.0,0.1,74.7
1747229603358,9.2,0.0,14.1,0.0,0.0,0.0,76.7
1747229605371,10.0,0.0,14.8,0.0,0.0,0.1,75.1
1747229607387,0.0,0.0,0.0,0.0,0.0,0.0,0.0
1747229609399,9.0,0.0,14.4,0.0,0.0,0.1,76.4
1747229611412,9.5,0.0,14.6,0.0,0.0,0.2,75.7
1747229613428,9.5,0.0,14.3,0.0,0.0,0.1,76.2
1747229615444,0.0,0.0,0.0,0.0,0.0,0.0,0.0
1747229617456,9.0,0.0,13.9,0.0,0.0,0.1,77.0
1747229619469,8.6,0.0,13.9,0.0,0.0,0.0,77.5
1747229621482,9.1,0.0,13.5,0.0,0.0,0.2,77.3
1747229623494,0.1,0.0,0.1,0.0,0.0,0.0,99.8
1747229625505,6.6,0.0,10.4,0.0,0.0,0.1,82.8
1747229627517,6.3,0.0,10.7,0.0,0.0,0.0,82.9
1747229629528,5.7,0.0,11.5,0.0,0.0,0.1,82.7
1747229631539,6.6,0.0,10.6,0.0,0.0,0.1,82.7
1747229633549,6.7,0.0,11.0,0.0,0.0,0.0,82.3
1747229635560,6.2,0.0,12.1,0.0,0.0,0.2,81.5
1747229637572,6.7,0.0,11.3,0.0,0.0,0.0,82.0
1747229639581,6.5,0.0,12.0,0.0,0.0,0.1,81.4
1747229641592,6.9,0.0,11.8,0.0,0.0,0.0,81.2
1747229643602,7.2,0.0,11.9,0.0,0.0,0.1,80.8
1747229645612,6.3,0.0,12.7,0.0,0.0,0.1,80.9
1747229647622,6.8,0.0,11.9,0.0,0.0,0.1,81.2
1747229649632,6.6,0.0,11.7,0.0,0.0,0.1,81.6
1747229651642,7.2,0.0,11.3,0.0,0.0,0.3,81.2
1747229653652,6.9,0.0,11.6,0.0,0.0,0.1,81.2
1747229655662,6.8,0.0,12.2,0.0,0.0,0.0,81.0
1747229657673,6.6,0.0,11.8,0.0,0.0,0.0,81.5
1747229659685,6.2,0.0,11.6,0.0,0.0,0.0,82.2
1747229661697,6.1,0.0,12.2,0.0,0.0,0.2,81.5
1747229663708,6.8,0.0,12.1,0.0,0.0,0.1,81.0
1747229665719,6.3,0.0,12.3,0.0,0.0,0.2,81.3
1747229667731,7.3,0.0,12.2,0.0,0.0,0.1,80.4
1747229669742,7.8,0.0,11.2,0.0,0.0,0.1,81.0
1747229671753,6.8,0.0,12.7,0.0,0.0,0.2,80.2
1747229673764,6.9,0.0,11.3,0.0,0.0,0.2,81.6
1747229675774,6.8,0.0,12.2,0.0,0.0,0.1,80.9
1747229677785,6.8,0.0,13.1,0.0,0.0,0.0,80.1
1747229679794,7.0,0.0,12.9,0.0,0.0,0.1,80.0
1747229681805,6.2,0.0,12.3,0.0,0.0,0.1,81.4
1747229683826,6.1,0.0,11.5,0.0,0.0,0.0,82.3
1747229685837,6.9,0.0,11.4,0.0,0.0,0.2,81.5
1747229687845,6.6,0.0,12.6,0.0,0.0,0.1,80.7
1747229689855,6.8,0.0,11.9,0.0,0.0,0.2,81.1
1747229691866,7.5,0.0,12.1,0.0,0.0,0.0,80.4
1747229693874,7.7,0.0,12.9,0.0,0.0,0.1,79.3
1747229695886,7.3,0.0,13.0,0.0,0.0,0.1,79.6
1747229697896,6.9,0.0,12.2,0.0,0.0,0.1,80.8
1747229699906,7.0,0.0,12.8,0.0,0.0,0.1,80.1
1747229701915,6.8,0.0,13.2,0.0,0.0,0.2,79.9
1747229703926,7.3,0.0,12.9,0.0,0.0,0.1,79.6
1747229705936,7.3,0.0,12.2,0.0,0.0,0.1,80.4
1747229707946,7.1,0.0,11.8,0.0,0.0,0.1,81.0
1747229709958,6.9,0.0,13.3,0.0,0.0,0.1,79.6
1747229711968,7.5,0.0,12.6,0.0,0.0,0.0,79.9
1747229713979,6.8,0.0,12.3,0.0,0.0,0.1,80.9
1747229715990,7.2,0.0,13.3,0.0,0.0,0.1,79.4
1747229718000,7.8,0.0,13.8,0.0,0.0,0.1,78.3
1747229720010,8.8,0.0,13.6,0.0,0.0,0.0,77.5
1747229722019,6.4,0.0,14.1,0.0,0.0,0.1,79.3
1747229724029,7.4,0.0,12.3,0.0,0.0,0.1,80.2
1747229726041,6.8,0.0,12.7,0.0,0.0,0.1,80.4
1747229728052,7.5,0.0,12.9,0.0,0.0,0.0,79.5
1747229730062,7.0,0.0,12.4,0.0,0.0,0.1,80.5
1747229732072,6.5,0.0,12.0,0.0,0.0,0.0,81.5
1747229734083,7.1,0.0,11.6,0.0,0.0,0.1,81.2
1747229736094,7.4,0.0,13.1,0.0,0.0,0.1,79.4
1747229738104,7.0,0.0,12.2,0.0,0.0,0.0,80.7
1747229740114,7.0,0.0,12.7,0.0,0.0,0.0,80.3
1747229742124,7.4,0.0,12.4,0.0,0.0,0.0,80.1
1747229744134,7.7,0.0,12.8,0.0,0.0,0.0,79.5
1747229746144,8.0,0.0,13.9,0.0,0.0,0.1,78.0
1747229748153,6.5,0.0,12.0,0.0,0.0,0.0,81.5
1747229750162,6.6,0.0,11.6,0.0,0.0,0.0,81.7
1747229752172,6.8,0.0,12.4,0.0,0.0,0.0,80.7
1747229754181,6.5,0.0,11.8,0.0,0.0,0.0,81.6
1747229756201,5.9,0.0,12.4,0.0,0.0,0.1,81.6
1747229758215,5.8,0.0,12.2,0.0,0.0,0.1,81.9
1747229760226,7.0,0.0,12.9,0.0,0.0,0.0,80.0
1747229762235,6.9,0.0,12.2,0.0,0.0,0.1,80.8
1747229764245,6.5,0.0,12.8,0.0,0.0,0.1,80.6
1747229766256,7.4,0.0,13.3,0.0,0.0,0.1,79.2
1747229768267,8.0,0.0,14.5,0.0,0.0,0.1,77.4
1747229770277,8.0,0.0,12.2,0.0,0.0,0.2,79.6
1747229772286,6.7,0.0,12.4,0.0,0.0,0.1,80.7
1747229774295,6.6,0.0,12.1,0.0,0.0,0.0,81.2
1747229776303,6.3,0.0,12.4,0.0,0.0,0.2,81.1
1747229778312,0.0,0.0,0.0,0.0,0.0,0.0,0.0
1747229780322,9.8,0.0,15.9,0.0,0.0,0.1,74.2
1747229782333,10.3,0.0,15.0,0.0,0.0,0.1,74.5
1747229784344,10.3,0.0,15.4,0.0,0.0,0.1,74.2
1747229786355,10.3,0.0,15.5,0.0,0.0,0.2,74.0
1747229788366,10.1,0.0,14.3,0.0,0.0,0.2,75.4
1747229790377,9.9,0.0,14.4,0.0,0.0,0.1,75.6
1747229792389,9.9,0.0,14.1,0.0,0.0,0.0,76.0
1747229794400,9.8,0.0,15.1,0.0,0.0,0.1,75.0
1747229796412,9.1,0.0,13.6,0.0,0.0,0.2,77.1
1747229798429,8.7,0.0,14.0,0.0,0.0,0.1,77.2
1747229800444,9.1,0.0,14.4,0.0,0.0,0.0,76.5
1747229802465,9.4,0.0,15.4,0.0,0.0,0.1,75.1
1747229804479,7.8,0.0,11.6,0.0,0.0,0.2,80.4
1747229806488,6.7,0.0,11.4,0.0,0.0,0.0,81.9
1747229808496,6.9,0.0,11.9,0.0,0.0,0.1,81.0
1747229810507,6.7,0.0,12.0,0.0,0.0,0.1,81.2
1747229812519,0.1,0.0,0.2,0.0,0.0,0.0,99.6
1747229814528,7.2,0.0,12.2,0.0,0.0,0.1,80.5
1747229816536,7.4,0.0,11.8,0.0,0.0,0.1,80.7
1747229818544,6.9,0.0,12.1,0.0,0.0,0.1,80.9
1747229820552,8.4,0.0,12.1,0.0,0.0,0.2,79.3
1747229822566,7.0,0.0,11.3,0.0,0.0,0.1,81.7
1747229824575,6.8,0.0,12.2,0.0,0.0,0.0,80.9
1747229826586,7.3,0.0,12.4,0.0,0.0,0.1,80.1
1747229828597,7.9,0.0,11.7,0.0,0.0,0.0,80.4
1747229830607,7.1,0.0,12.8,0.0,0.0,0.1,80.0
1747229832616,6.4,0.0,12.3,0.0,0.0,0.2,81.2
1747229834625,6.8,0.0,13.7,0.0,0.0,0.1,79.4
1747229836635,7.4,0.0,12.4,0.0,0.0,0.1,80.0
1747229838646,6.4,0.0,13.6,0.0,0.0,0.1,80.0
1747229840656,6.7,0.0,12.8,0.0,0.0,0.0,80.5
1747229842666,6.5,0.0,12.6,0.0,0.0,0.1,80.7
1747229844676,0.0,0.0,0.0,0.0,0.0,0.0,0.0
1747229846686,10.4,0.0,15.0,0.0,0.0,0.0,74.6
1747229848697,9.8,0.0,15.0,0.0,0.0,0.0,75.2
1747229850708,10.4,0.0,14.3,0.0,0.0,0.1,75.1
1747229852720,10.2,0.0,15.0,0.0,0.0,0.1,74.7
1747229854731,9.8,0.0,14.8,0.0,0.0,0.0,75.3
1747229856741,9.9,0.0,15.0,0.0,0.0,0.1,75.0
1747229858752,9.4,0.0,15.5,0.0,0.0,0.1,75.0
1747229860763,9.9,0.0,15.1,0.0,0.0,0.1,74.9
1747229862774,7.7,0.0,11.5,0.0,0.0,0.1,80.6
1747229864786,9.2,0.0,13.6,0.0,0.0,0.1,77.0
1747229866802,9.2,0.0,13.6,0.0,0.0,0.0,77.1
1747229868814,9.0,0.0,15.4,0.0,0.0,0.1,75.5
1747229870826,0.0,0.0,0.0,0.0,0.0,0.0,100.0
1747229872841,7.2,0.0,10.9,0.0,0.0,0.1,81.8
1747229874852,6.4,0.0,13.0,0.0,0.0,0.1,80.5
1747229876861,6.1,0.0,12.0,0.0,0.0,0.0,81.9
1747229878870,0.2,0.0,0.3,0.0,0.0,0.0,99.6
1747229880880,6.4,0.0,12.3,0.0,0.0,0.1,81.2
1747229882892,6.2,0.0,12.5,0.0,0.0,0.1,81.2
1747229884901,6.4,0.0,11.9,0.0,0.0,0.1,81.5
1747229886910,0.2,0.0,0.3,0.0,0.0,0.0,99.5
1747229888922,6.8,0.0,11.9,0.0,0.0,0.1,81.2
1747229890933,7.4,0.0,11.5,0.0,0.0,0.1,81.0
1747229892944,7.3,0.0,11.7,0.0,0.0,0.0,81.0
1747229894956,0.2,0.0,0.3,0.0,0.0,0.0,99.6
1747229896966,7.5,0.0,12.2,0.0,0.0,0.1,80.2
1747229898977,6.9,0.0,13.3,0.0,0.0,0.1,79.6
1747229900988,6.6,0.0,13.1,0.0,0.0,0.1,80.1
1747229902999,8.1,0.0,13.5,0.0,0.0,0.1,78.4
1747229905010,7.3,0.0,13.7,0.0,0.0,0.1,78.9
1747229907022,7.3,0.0,14.9,0.1,0.0,0.0,77.7
1747229909033,7.8,0.0,13.7,0.0,0.0,0.0,78.4
1747229911044,0.0,0.0,0.0,0.0,0.0,0.0,0.0
1747229913053,10.6,0.0,15.2,0.0,0.0,0.0,74.2
1747229915063,10.9,0.0,15.7,0.0,0.0,0.1,73.2
1747229917074,10.4,0.0,15.9,0.0,0.0,0.1,73.6
1747229919089,10.5,0.0,16.1,0.0,0.0,0.2,73.2
1747229921104,9.3,0.0,14.6,0.0,0.0,0.1,76.0
1747229923116,10.4,0.0,14.1,0.0,0.0,0.1,75.3
1747229925129,10.0,0.0,15.2,0.0,0.0,0.1,74.7
1747229927142,10.3,0.0,16.5,0.0,0.0,0.2,73.1
1747229929155,7.2,0.0,11.1,0.0,0.0,0.1,81.7
1747229931164,9.8,0.0,15.3,0.0,0.0,0.1,74.8
1747229933179,9.8,0.0,15.4,0.0,0.0,0.1,74.7
1747229935192,10.4,0.0,17.1,0.0,0.0,0.0,72.5
1747229937203,0.1,0.0,0.1,0.0,0.0,0.0,99.8
1747229939215,7.3,0.0,12.3,0.0,0.0,0.1,80.2
1747229941227,7.4,0.0,12.0,0.0,0.0,0.2,80.4
1747229943238,7.2,0.0,12.2,0.0,0.0,0.1,80.6
1747229945248,0.1,0.0,0.2,0.0,0.0,0.0,99.7
1747229947258,7.5,0.0,12.7,0.0,0.0,0.1,79.7
1747229949268,7.2,0.0,13.4,0.0,0.0,0.1,79.3
1747229951276,6.7,0.0,13.3,0.0,0.0,0.2,79.7
1747229953284,0.2,0.0,0.3,0.0,0.0,0.0,99.5
1747229955294,6.9,0.0,12.9,0.0,0.0,0.1,80.1
1747229957307,7.1,0.0,12.2,0.0,0.0,0.2,80.6
1747229959318,7.3,0.0,12.3,0.0,0.0,0.1,80.2
1747229961326,7.8,0.0,12.5,0.0,0.0,0.2,79.5
1747229963337,7.2,0.0,12.8,0.0,0.0,0.1,79.9
1747229965348,7.2,0.0,13.6,0.0,0.0,0.0,79.0
1747229967359,7.5,0.0,13.3,0.0,0.0,0.0,79.2
1747229969369,0.0,0.0,0.0,0.0,0.0,0.0,0.0
1747229971379,10.1,0.0,16.0,0.0,0.0,0.2,73.7
1747229973389,10.8,0.0,16.2,0.0,0.0,0.1,72.9
1747229975402,10.4,0.0,16.3,0.0,0.0,0.0,73.3
1747229977414,10.8,0.0,17.3,0.0,0.0,0.1,71.8
1747229979425,9.2,0.0,13.7,0.0,0.0,0.1,77.0
1747229981434,10.5,0.0,14.3,0.0,0.0,0.2,75.1
1747229983447,10.6,0.0,14.7,0.0,0.0,0.0,74.7
1747229985459,10.2,0.0,16.3,0.0,0.0,0.0,73.4
1747229987470,0.0,0.0,0.0,0.0,0.0,0.0,0.0
1747229989483,9.3,0.0,14.9,0.0,0.0,0.1,75.8
1747229991502,9.7,0.0,14.1,0.0,0.0,0.2,75.9
1747229993526,9.7,0.0,15.2,0.0,0.0,0.0,75.1
1747229995546,0.2,0.0,0.3,0.0,0.0,0.0,99.5
1747229997558,6.5,0.0,11.6,0.0,0.0,0.2,81.7
1747229999569,7.0,0.0,11.7,0.0,0.0,0.1,81.2
1747230001580,6.7,0.0,11.6,0.0,0.0,0.2,81.5
1747230003591,0.1,0.0,0.2,0.0,0.0,0.0,99.6
1747230005602,6.6,0.0,13.2,0.0,0.0,0.1,80.1
1747230007613,8.2,0.0,13.6,0.0,0.0,0.1,78.1
1747230009623,7.0,0.0,13.4,0.0,0.0,0.1,79.5
1747230011633,8.1,0.0,12.9,0.0,0.0,0.4,78.6
1747230013643,7.3,0.0,12.1,0.0,0.0,0.0,80.6
1747230015653,7.3,0.0,12.1,0.0,0.0,0.1,80.6
1747230017662,6.3,0.0,12.5,0.0,0.0,0.0,81.2
1747230019671,7.3,0.0,12.0,0.0,0.0,0.1,80.5
1747230021683,6.4,0.0,12.3,0.0,0.0,0.3,81.0
1747230023699,6.4,0.0,12.8,0.0,0.0,0.2,80.7
1747230025708,6.8,0.0,12.2,0.0,0.0,0.1,80.9
1747230027719,8.5,0.0,13.1,0.0,0.0,0.1,78.3
1747230029731,7.2,0.0,12.4,0.0,0.0,0.0,80.3
1747230031742,6.9,0.0,12.9,0.0,0.0,0.2,80.0
1747230033753,6.7,0.0,13.7,0.0,0.0,0.2,79.4
1747230035765,7.7,0.0,11.4,0.0,0.0,0.1,80.8
1747230037776,7.0,0.0,11.9,0.0,0.0,0.0,81.1
1747230039787,6.4,0.0,13.0,0.0,0.0,0.0,80.6
1747230041797,6.7,0.0,13.4,0.0,0.0,0.1,79.8
1747230043806,0.0,0.0,0.0,0.0,0.0,0.0,0.0
1747230045822,8.9,0.0,14.5,0.0,0.0,0.2,76.4
1747230047862,10.2,0.0,15.3,0.0,0.0,0.1,74.4
1747230049876,10.0,0.0,15.9,0.0,0.0,0.0,74.0
1747230051888,10.7,0.0,16.3,0.0,0.0,0.2,72.8
1747230053901,8.7,0.0,13.7,0.0,0.0,0.1,77.5
1747230055909,10.2,0.0,15.2,0.0,0.0,0.2,74.3
1747230057921,9.8,0.0,15.9,0.0,0.0,0.1,74.2
1747230059933,10.4,0.0,16.7,0.0,0.0,0.1,72.8
1747230061943,10.3,0.0,15.0,0.0,0.0,0.1,74.5
1747230063955,10.0,0.0,15.0,0.0,0.0,0.1,74.9
1747230065967,9.6,0.0,15.5,0.0,0.0,0.1,74.8
1747230067978,9.3,0.0,15.6,0.0,0.0,0.1,75.0
1747230069995,0.0,0.0,0.0,0.0,0.0,0.0,0.0
1747230072009,9.0,0.0,14.6,0.0,0.0,0.2,76.1
1747230074025,8.8,0.0,14.5,0.0,0.0,0.0,76.7
1747230076039,9.4,0.0,13.7,0.0,0.0,0.1,76.9
1747230078052,0.0,0.0,0.0,0.0,0.0,0.0,99.9
1747230080064,6.5,0.0,10.7,0.0,0.0,0.1,82.8
1747230082076,6.7,0.0,11.6,0.0,0.0,0.2,81.5
1747230084088,5.7,0.0,12.8,0.0,0.0,0.1,81.4
1747230086099,6.4,0.0,11.5,0.0,0.0,0.1,81.9
1747230088111,7.2,0.0,11.7,0.0,0.0,0.1,81.0
1747230090121,6.9,0.0,11.9,0.0,0.0,0.1,81.1
1747230092133,6.9,0.0,12.5,0.0,0.0,0.2,80.4
1747230094144,6.9,0.0,12.7,0.0,0.0,0.0,80.4
1747230096155,7.2,0.0,12.1,0.0,0.0,0.1,80.6
1747230098166,6.7,0.0,12.7,0.0,0.0,0.1,80.5
1747230100175,6.6,0.0,13.3,0.0,0.0,0.1,80.0
1747230102188,6.4,0.0,12.3,0.0,0.0,0.1,81.1
1747230104199,7.1,0.0,11.9,0.0,0.0,0.2,80.8
1747230106209,6.2,0.0,12.9,0.0,0.0,0.1,80.8
1747230108220,7.3,0.0,12.4,0.0,0.0,0.1,80.2
1747230110231,7.5,0.0,12.7,0.0,0.0,0.0,79.8
1747230112242,7.8,0.0,14.1,0.0,0.0,0.3,77.8
1747230114252,7.9,0.0,12.8,0.0,0.0,0.2,79.0
1747230116263,8.2,0.0,13.6,0.0,0.0,0.3,77.9
1747230118274,8.3,0.0,14.9,0.0,0.0,0.1,76.6
1747230120284,0.2,0.0,0.3,0.0,0.0,0.0,99.5
1747230122294,7.9,0.0,13.9,0.0,0.0,0.4,77.7
1747230124303,7.4,0.0,14.1,0.0,0.0,0.3,78.2
1747230126314,8.1,0.0,14.4,0.0,0.0,0.2,77.3
1747230128326,8.7,0.0,14.1,0.0,0.0,0.2,77.0
1747230130337,8.2,0.0,14.2,0.0,0.0,0.1,77.6
1747230132348,7.9,0.0,14.2,0.0,0.0,0.1,77.7
1747230134359,7.7,0.0,15.0,0.1,0.0,0.1,77.1
1747230136369,9.3,0.0,14.3,0.0,0.0,0.1,76.2
1747230138379,8.2,0.0,15.2,0.0,0.0,0.2,76.4
1747230140389,8.3,0.0,14.4,0.0,0.0,0.1,77.3
1747230142401,8.2,0.0,14.2,0.0,0.0,0.2,77.3
1747230144410,7.7,0.0,14.9,0.0,0.0,0.0,77.4
1747230146422,7.5,0.0,14.1,0.0,0.0,0.1,78.4
1747230148434,7.6,0.0,14.3,0.0,0.0,0.1,78.0
1747230150444,7.8,0.0,13.9,0.0,0.0,0.1,78.2
1747230152456,9.3,0.0,13.1,0.0,0.0,0.1,77.6
1747230154467,8.1,0.0,13.4,0.1,0.0,0.1,78.3
1747230156478,7.8,0.0,13.1,0.0,0.0,0.1,79.0
1747230158489,8.6,0.0,14.0,0.0,0.0,0.1,77.3
1747230160499,8.8,0.0,13.4,0.0,0.0,0.1,77.8
1747230162510,7.2,0.0,14.6,0.0,0.0,0.1,78.1
1747230164521,8.0,0.0,14.2,0.0,0.0,0.1,77.7
1747230166531,8.2,0.0,14.9,0.0,0.0,0.1,76.8
1747230168544,8.1,0.0,13.6,0.0,0.0,0.1,78.3
1747230170554,8.3,0.0,12.9,0.1,0.0,0.1,78.7
1747230172564,7.8,0.0,13.5,0.0,0.0,0.1,78.6
1747230174581,8.9,0.0,13.3,0.0,0.0,0.1,77.6
1747230176591,8.8,0.0,12.9,0.0,0.0,0.2,78.1
1747230178600,7.4,0.0,14.9,0.0,0.0,0.1,77.5
1747230180611,7.5,0.0,14.7,0.1,0.0,0.0,77.8
1747230182620,8.3,0.0,14.3,0.0,0.0,0.1,77.3
1747230184629,8.1,0.0,13.8,0.0,0.0,0.1,78.1
1747230186638,7.7,0.0,13.8,0.0,0.0,0.1,78.4
1747230188648,7.5,0.0,14.3,0.0,0.0,0.1,78.1
1747230190658,8.2,0.0,15.1,0.1,0.0,0.2,76.4
1747230192667,8.4,0.0,14.7,0.0,0.0,0.1,76.8
1747230194677,7.4,0.0,14.5,0.0,0.0,0.1,78.1
1747230196690,8.2,0.0,13.6,0.0,0.0,0.3,78.0
1747230198702,8.1,0.0,14.4,0.0,0.0,0.1,77.3
1747230200711,9.1,0.0,13.8,0.1,0.0,0.1,76.9
1747230202721,7.3,0.0,14.5,0.0,0.0,0.1,78.1
1747230204731,8.2,0.0,13.2,0.0,0.0,0.1,78.5
1747230206741,7.9,0.0,13.8,0.0,0.0,0.2,78.1
1747230208750,8.7,0.0,12.7,0.0,0.0,0.1,78.4
1747230210760,7.4,0.0,14.0,0.0,0.0,0.1,78.4
1747230212770,8.0,0.0,13.5,0.0,0.0,0.1,78.5
1747230214779,7.0,0.0,14.4,0.0,0.0,0.1,78.5
1747230216800,9.4,0.0,13.0,0.0,0.0,0.3,77.3
1747230218815,10.6,0.0,17.5,0.0,0.0,0.1,71.8
1747230220827,11.6,0.0,17.3,0.0,0.0,0.1,71.0
1747230222838,12.1,0.0,17.1,0.0,0.0,0.1,70.7
1747230224849,0.0,0.0,0.0,0.0,0.0,0.0,0.0
1747230226858,10.9,0.0,16.1,0.0,0.0,0.1,72.9
1747230228870,11.9,0.0,16.6,0.0,0.0,0.0,71.5
1747230230888,11.1,0.0,16.8,0.0,0.0,0.0,72.1
1747230232903,0.0,0.0,0.0,0.0,0.0,0.0,0.0
1747230234916,10.6,0.0,15.5,0.0,0.0,0.0,73.9
1747230236931,10.5,0.0,15.8,0.0,0.0,0.1,73.5
1747230238943,10.0,0.0,16.7,0.0,0.0,0.1,73.3
1747230240956,10.9,0.0,16.0,0.0,0.0,0.1,73.0
1747230242968,7.9,0.0,12.7,0.0,0.0,0.1,79.2
1747230244978,7.8,0.0,12.7,0.0,0.0,0.0,79.4
1747230246989,7.3,0.0,13.0,0.0,0.0,0.1,79.5
1747230249000,7.6,0.0,13.2,0.0,0.0,0.0,79.2
1747230251010,7.0,0.0,13.2,0.0,0.0,0.1,79.7
1747230253021,7.0,0.0,13.6,0.0,0.0,0.0,79.4
1747230255033,7.0,0.0,14.0,0.0,0.0,0.1,78.9
1747230257044,7.8,0.0,14.3,0.0,0.0,0.1,77.8
1747230259055,6.9,0.0,13.3,0.0,0.0,0.1,79.6
1747230261067,7.2,0.0,13.6,0.0,0.0,0.1,79.1
1747230263078,8.0,0.0,13.6,0.0,0.0,0.1,78.3
1747230265089,9.2,0.0,13.8,0.0,0.0,0.2,76.8
1747230267100,6.9,0.0,13.1,0.0,0.0,0.1,79.9
1747230269110,7.0,0.0,14.0,0.0,0.0,0.1,78.9
1747230271121,6.7,0.0,13.9,0.0,0.0,0.1,79.4
1747230273135,7.0,0.0,13.7,0.0,0.0,0.0,79.2
1747230275151,7.1,0.0,12.5,0.0,0.0,0.1,80.3
1747230277163,7.6,0.0,13.4,0.0,0.0,0.2,78.8
1747230279175,7.7,0.0,13.5,0.0,0.0,0.0,78.9
1747230281185,7.6,0.0,13.6,0.0,0.0,0.0,78.7
1747230283196,7.9,0.0,14.3,0.0,0.0,0.0,77.8
1747230285207,8.1,0.0,13.4,0.0,0.0,0.0,78.5
1747230287218,8.7,0.0,13.6,0.0,0.0,0.1,77.6
1747230289228,8.0,0.0,13.1,0.0,0.0,0.1,78.9
1747230291238,7.8,0.0,13.1,0.0,0.0,0.0,79.1
1747230293249,7.9,0.0,13.1,0.0,0.0,0.1,78.9
1747230295259,7.4,0.0,13.1,0.0,0.0,0.0,79.5
1747230297269,7.8,0.0,13.2,0.0,0.0,0.2,78.8
1747230299278,8.3,0.0,12.7,0.0,0.0,0.1,78.8
1747230301287,7.6,0.0,13.1,0.0,0.0,0.1,79.1
1747230303295,7.3,0.0,12.8,0.0,0.0,0.1,79.8
1747230305303,7.2,0.0,14.0,0.0,0.0,0.0,78.8
1747230307314,7.6,0.0,13.4,0.0,0.0,0.0,79.0
1747230309332,7.7,0.0,12.8,0.0,0.0,0.0,79.5
1747230311349,7.1,0.0,14.0,0.0,0.0,0.0,78.9
1747230313359,7.7,0.0,13.5,0.0,0.0,0.2,78.6
1747230315371,7.9,0.0,13.4,0.0,0.0,0.1,78.5
1747230317381,7.4,0.0,13.5,0.0,0.0,0.1,79.0
1747230319392,7.5,0.0,12.8,0.0,0.0,0.0,79.6
1747230321403,7.3,0.0,12.9,0.2,0.0,0.0,79.5
1747230323414,7.4,0.0,13.1,0.0,0.0,0.0,79.5
1747230325424,6.6,0.0,14.0,0.0,0.0,0.1,79.4
1747230327435,7.8,0.0,12.9,0.0,0.0,0.1,79.2
1747230329445,7.7,0.0,13.1,0.0,0.0,0.1,79.1
1747230331455,7.5,0.0,14.1,0.1,0.0,0.0,78.2
1747230333473,7.1,0.0,12.7,0.0,0.0,0.1,80.1
1747230335497,7.9,0.0,12.7,0.0,0.0,0.1,79.3
1747230337509,8.4,0.0,12.2,0.0,0.0,0.0,79.3
1747230339518,8.5,0.0,12.5,0.0,0.0,0.1,78.9
1747230341527,7.4,0.0,13.4,0.1,0.0,0.2,78.8
1747230343537,7.6,0.0,14.5,0.0,0.0,0.0,77.8
1747230345547,7.7,0.0,14.6,0.0,0.0,0.1,77.6
1747230347556,8.1,0.0,13.8,0.0,0.0,0.2,78.0
1747230349565,7.1,0.0,13.8,0.0,0.0,0.1,79.1
1747230351575,7.8,0.0,12.7,0.0,0.0,0.2,79.3
1747230353586,7.4,0.0,15.3,0.0,0.0,0.0,77.3
1747230355595,8.8,0.0,12.8,0.0,0.0,0.1,78.2
1747230357607,7.6,0.0,12.4,0.0,0.0,0.1,79.8
1747230359617,7.1,0.0,12.2,0.0,0.0,0.1,80.6
1747230361628,7.4,0.0,12.8,0.0,0.0,0.3,79.5
1747230363637,8.2,0.0,12.2,0.0,0.0,0.1,79.6
1747230365646,7.0,0.0,12.9,0.0,0.0,0.0,80.0
1747230367656,7.0,0.0,14.4,0.0,0.0,0.0,78.6
1747230369667,7.6,0.0,13.8,0.0,0.0,0.1,78.5
1747230371677,8.3,0.0,12.8,0.0,0.0,0.2,78.7
1747230373688,8.0,0.0,12.4,0.0,0.0,0.1,79.6
1747230375698,7.6,0.0,13.8,0.0,0.0,0.0,78.5
1747230377706,7.9,0.0,13.2,0.0,0.0,0.0,78.9
1747230379713,8.4,0.0,13.5,0.0,0.0,0.1,78.0
1747230381724,7.7,0.0,12.3,0.0,0.0,0.1,80.0
1747230383738,6.8,0.0,11.7,0.0,0.0,0.0,81.4
1747230385750,7.8,0.0,12.4,0.0,0.0,0.0,79.8
1747230387762,8.1,0.0,12.5,0.0,0.0,0.1,79.3
1747230389773,7.6,0.0,13.1,0.0,0.0,0.1,79.2
1747230391784,7.8,0.0,13.0,0.0,0.0,0.2,79.0
1747230393793,8.0,0.0,14.7,0.0,0.0,0.0,77.3
1747230395801,9.2,0.0,13.5,0.0,0.0,0.2,77.0
1747230397810,7.5,0.0,12.4,0.0,0.0,0.1,80.0
1747230399820,7.5,0.0,13.0,0.0,0.0,0.0,79.5
1747230401829,7.4,0.0,12.8,0.0,0.0,0.2,79.6
1747230403842,8.9,0.0,13.6,0.0,0.0,0.1,77.4
1747230405851,7.6,0.0,13.0,0.0,0.0,0.1,79.3
1747230407861,8.0,0.0,14.1,0.0,0.0,0.1,77.8
1747230409872,8.1,0.0,14.3,0.0,0.0,0.1,77.4
1747230411882,8.4,0.0,13.8,0.0,0.0,0.2,77.6
1747230413891,7.6,0.0,13.6,0.0,0.0,0.1,78.8
1747230415901,7.2,0.0,14.1,0.0,0.0,0.1,78.6
1747230417911,7.4,0.0,14.8,0.0,0.0,0.0,77.8
1747230419919,9.6,0.0,13.1,0.0,0.0,0.1,77.2
1747230421928,7.9,0.0,13.4,0.0,0.0,0.1,78.5
1747230423941,7.6,0.0,14.0,0.0,0.0,0.1,78.3
1747230425953,7.2,0.0,14.0,0.0,0.0,0.0,78.8
1747230427964,8.1,0.0,13.2,0.0,0.0,0.1,78.5
1747230429974,7.3,0.0,13.8,0.0,0.0,0.1,78.8
1747230431986,8.4,0.0,14.1,0.0,0.0,0.1,77.4
1747230433999,7.8,0.0,13.9,0.0,0.0,0.1,78.2
1747230436011,8.4,0.0,12.8,0.0,0.0,0.2,78.5
1747230438022,7.5,0.0,12.9,0.0,0.0,0.1,79.4
1747230440033,7.0,0.0,14.0,0.0,0.0,0.0,79.0
1747230442043,8.2,0.0,12.9,0.0,0.0,0.2,78.7
1747230444054,8.7,0.0,13.3,0.0,0.0,0.0,78.0
1747230446065,8.1,0.0,13.0,0.0,0.0,0.1,78.8
1747230448075,7.7,0.0,13.7,0.0,0.0,0.1,78.6
1747230450083,8.0,0.0,12.9,0.0,0.0,0.1,79.0
1747230452091,8.4,0.0,12.9,0.0,0.0,0.1,78.5
1747230454105,7.5,0.0,12.8,0.0,0.0,0.1,79.7
1747230456115,7.0,0.0,13.6,0.0,0.0,0.0,79.4
1747230458125,7.7,0.0,13.2,0.0,0.0,0.0,79.1
1747230460134,8.9,0.0,13.2,0.0,0.0,0.1,77.8
1747230462144,7.3,0.0,13.0,0.0,0.0,0.1,79.6
1747230464154,7.8,0.0,12.6,0.0,0.0,0.1,79.5
1747230466163,7.4,0.0,13.7,0.0,0.0,0.2,78.7
1747230468170,7.9,0.0,12.8,0.0,0.0,0.1,79.2
1747230470185,7.0,0.0,12.7,0.0,0.0,0.0,80.3
1747230472202,7.8,0.0,12.2,0.0,0.0,0.2,79.9
1747230474212,7.2,0.0,12.9,0.0,0.0,0.1,79.8
1747230476222,7.7,0.0,12.7,0.0,0.0,0.2,79.4
1747230478232,7.4,0.0,13.4,0.0,0.0,0.1,79.0
1747230480243,7.7,0.0,13.1,0.0,0.0,0.0,79.1
1747230482253,7.9,0.0,13.1,0.0,0.0,0.2,78.8
1747230484265,8.2,0.0,12.7,0.0,0.0,0.1,79.1
1747230486276,7.8,0.0,13.1,0.0,0.0,0.1,79.0
1747230488286,7.6,0.0,13.1,0.0,0.0,0.0,79.3
1747230490296,7.1,0.0,14.1,0.0,0.0,0.1,78.7
1747230492308,8.1,0.0,13.2,0.0,0.0,0.2,78.5
1747230494320,6.9,0.0,13.9,0.0,0.0,0.1,79.0
1747230496332,7.8,0.0,13.6,0.0,0.0,0.0,78.5
1747230498343,7.2,0.0,14.4,0.0,0.0,0.0,78.3
1747230500355,8.1,0.0,13.9,0.0,0.0,0.1,77.9
1747230502366,8.3,0.0,13.7,0.0,0.0,0.2,77.7
1747230504376,8.1,0.0,13.4,0.0,0.0,0.1,78.5
1747230506387,8.1,0.0,13.9,0.0,0.0,0.1,77.8
1747230508398,8.2,0.0,14.6,0.0,0.0,0.1,77.1
1747230510408,7.7,0.0,13.1,0.0,0.0,0.1,79.1
1747230512418,7.9,0.0,14.6,0.0,0.0,0.2,77.3
1747230514430,7.8,0.0,13.3,0.0,0.0,0.2,78.7
1747230516442,8.1,0.0,13.3,0.0,0.0,0.1,78.5
1747230518454,8.0,0.0,13.6,0.0,0.0,0.2,78.2
1747230520463,7.6,0.0,13.8,0.0,0.0,0.0,78.5
1747230522472,7.5,0.0,13.7,0.0,0.0,0.2,78.6
1747230524483,8.1,0.0,13.6,0.0,0.0,0.2,78.2
1747230526493,7.7,0.0,13.4,0.0,0.0,0.1,78.8
1747230528503,7.8,0.0,13.3,0.0,0.0,0.1,78.8
1747230530512,7.9,0.0,14.5,0.0,0.0,0.1,77.5
1747230532520,8.3,0.0,14.1,0.0,0.0,0.1,77.4
1747230534533,8.2,0.0,14.2,0.0,0.0,0.1,77.5
1747230536551,7.7,0.0,12.9,0.0,0.0,0.1,79.3
1747230538562,8.0,0.0,12.8,0.0,0.0,0.2,79.0
1747230540573,7.3,0.0,13.7,0.0,0.0,0.1,78.8
1747230542589,7.7,0.0,12.4,0.0,0.0,0.1,79.7
1747230544602,7.1,0.0,13.6,0.0,0.0,0.0,79.2
1747230546614,7.4,0.0,14.1,0.0,0.0,0.2,78.4
1747230548623,8.2,0.0,13.4,0.0,0.0,0.0,78.3
1747230550633,7.1,0.0,14.4,0.0,0.0,0.1,78.5
1747230552644,7.8,0.0,13.0,0.0,0.0,0.1,79.1
1747230554656,8.4,0.0,12.6,0.0,0.0,0.1,78.9
1747230556668,7.5,0.0,14.2,0.0,0.0,0.2,78.1
1747230558679,10.1,0.0,14.9,0.0,0.0,0.1,74.9
1747230560689,9.7,0.0,15.8,0.0,0.0,0.0,74.5
1747230562700,9.3,0.0,16.0,0.0,0.0,0.1,74.6
1747230564711,8.1,0.0,13.6,0.0,0.0,0.0,78.3
1747230566722,11.2,0.0,15.2,0.0,0.0,0.1,73.5
1747230568732,11.3,0.0,17.2,0.0,0.0,0.0,71.5
1747230570742,11.7,0.0,17.0,0.0,0.0,0.0,71.2
1747230572754,10.9,0.0,17.0,0.0,0.0,0.3,71.8
1747230574766,0.0,0.0,0.0,0.0,0.0,0.0,0.0
1747230576777,11.2,0.0,16.0,0.0,0.0,0.1,72.6
1747230578789,11.4,0.0,15.6,0.0,0.0,0.0,73.0
