timestamp_ms,usr%,nice%,sys%,iowait%,irq%,soft%,steal%,idle%
1747229121369,5.9,0.0,10.8,0.0,0.0,0.2,83.1
1747229123379,5.9,0.0,9.8,0.0,0.0,0.1,84.2
1747229125390,5.7,0.0,10.3,0.0,0.0,0.3,83.6
1747229127401,5.4,0.0,10.3,0.0,0.0,0.0,84.2
1747229129412,5.8,0.0,10.7,0.0,0.0,0.0,83.4
1747229131423,5.9,0.0,10.3,0.0,0.0,0.2,83.6
1747229133436,6.0,0.0,10.0,0.0,0.0,0.1,83.9
1747229135447,6.1,0.0,10.8,0.0,0.0,0.1,83.0
1747229137458,5.8,0.0,10.8,0.0,0.0,0.1,83.3
1747229139470,6.4,0.0,11.7,0.0,0.0,0.0,81.9
1747229141481,7.0,0.0,11.5,0.0,0.0,0.0,81.4
1747229143493,6.2,0.0,10.7,0.0,0.0,0.1,83.0
1747229145503,5.5,0.0,10.7,0.0,0.0,0.1,83.7
1747229147514,5.4,0.0,10.8,0.0,0.0,0.0,83.8
1747229149525,5.8,0.0,10.0,0.0,0.0,0.1,84.1
1747229151537,5.5,0.0,10.1,0.0,0.0,0.2,84.2
1747229153548,6.0,0.0,10.6,0.0,0.0,0.3,83.1
1747229155559,7.8,0.0,12.2,0.0,0.0,0.4,79.7
1747229157568,8.4,0.0,13.1,0.0,0.0,0.1,78.4
1747229159579,8.7,0.0,12.6,0.0,0.0,0.1,78.6
1747229161591,8.7,0.0,13.4,0.0,0.0,0.2,77.8
1747229163608,0.0,0.0,0.0,0.0,0.0,0.0,0.0
1747229165622,8.2,0.0,12.1,0.0,0.0,0.2,79.5
1747229167634,7.9,0.0,11.5,0.0,0.0,0.1,80.4
1747229169649,8.0,0.0,11.6,0.0,0.0,0.0,80.3
1747229171664,0.0,0.0,0.0,0.0,0.0,0.0,0.0
1747229173680,7.3,0.0,11.8,0.0,0.0,0.1,80.8
1747229175694,7.3,0.0,11.7,0.0,0.0,0.2,80.8
1747229177707,7.6,0.0,11.2,0.0,0.0,0.1,81.1
1747229179720,7.4,0.0,12.1,0.0,0.0,0.0,80.5
1747229181733,6.0,0.0,8.8,0.0,0.0,0.1,85.2
1747229183743,5.2,0.0,9.5,0.0,0.0,0.1,85.2
1747229185754,6.4,0.0,8.6,0.0,0.0,0.1,84.9
1747229187765,5.4,0.0,9.9,0.0,0.0,0.1,84.6
1747229189777,5.7,0.0,9.9,0.0,0.0,0.1,84.3
1747229191790,6.2,0.0,10.2,0.0,0.0,0.1,83.5
1747229193801,5.7,0.0,11.0,0.0,0.0,0.4,82.9
1747229195812,6.0,0.0,11.1,0.0,0.0,0.3,82.6
1747229197824,6.4,0.0,10.8,0.0,0.0,0.1,82.7
1747229199835,6.3,0.0,10.8,0.0,0.0,0.3,82.7
1747229201846,6.5,0.0,11.1,0.0,0.0,0.1,82.4
1747229203858,6.3,0.0,12.2,0.0,0.0,0.2,81.3
1747229205869,7.4,0.0,11.2,0.0,0.0,0.2,81.2
1747229207879,6.3,0.0,12.5,0.0,0.0,0.1,81.1
1747229209888,6.0,0.0,11.7,0.0,0.0,0.1,82.2
1747229211900,6.5,0.0,12.1,0.0,0.0,0.1,81.2
1747229213910,7.1,0.0,11.5,0.0,0.0,0.2,81.2
1747229215922,6.7,0.0,11.1,0.0,0.0,0.1,82.1
1747229217933,6.6,0.0,11.6,0.0,0.0,0.2,81.6
1747229219945,6.6,0.0,12.4,0.0,0.0,0.1,80.8
1747229221954,7.3,0.0,11.0,0.0,0.0,0.1,81.6
1747229223963,6.1,0.0,11.4,0.0,0.0,0.1,82.4
1747229225975,6.3,0.0,11.3,0.0,0.0,0.2,82.3
1747229227986,6.9,0.0,11.3,0.0,0.0,0.2,81.6
1747229229997,7.0,0.0,11.5,0.0,0.0,0.0,81.4
1747229232009,5.8,0.0,13.4,0.0,0.0,0.0,80.7
1747229234020,6.6,0.0,11.2,0.0,0.0,0.1,82.0
1747229236031,6.7,0.0,11.7,0.0,0.0,0.2,81.4
1747229238042,6.2,0.0,11.7,0.0,0.0,0.3,81.6
1747229240052,6.2,0.0,11.5,0.0,0.0,0.2,82.1
1747229242061,6.2,0.0,11.9,0.0,0.0,0.1,81.8
1747229244073,6.7,0.0,11.6,0.0,0.0,0.2,81.6
1747229246082,8.9,0.0,11.8,0.0,0.0,0.1,79.2
1747229248092,6.5,0.0,10.7,0.0,0.0,0.2,82.6
1747229250100,6.2,0.0,11.0,0.0,0.0,0.1,82.7
1747229252110,5.5,0.0,11.0,0.0,0.0,0.1,83.5
1747229254118,6.2,0.0,11.3,0.0,0.0,0.2,82.3
1747229256132,5.8,0.0,10.5,0.0,0.0,0.2,83.5
1747229258141,5.2,0.0,11.2,0.0,0.0,0.1,83.5
1747229260150,5.6,0.0,11.7,0.0,0.0,0.1,82.6
1747229262162,6.9,0.0,11.4,0.0,0.0,0.2,81.5
1747229264173,5.8,0.0,12.0,0.0,0.0,0.2,82.0
1747229266185,6.4,0.0,11.7,0.0,0.0,0.3,81.6
1747229268196,6.6,0.0,12.6,0.0,0.0,0.3,80.5
1747229270208,0.0,0.0,0.0,0.0,0.0,0.0,0.0
1747229272219,9.3,0.0,13.3,0.0,0.0,0.0,77.3
1747229274230,9.4,0.0,13.0,0.0,0.0,0.0,77.5
1747229276242,8.4,0.0,13.9,0.0,0.0,0.2,77.6
1747229278253,0.0,0.0,0.0,0.0,0.0,0.0,0.0
1747229280263,8.6,0.0,12.8,0.0,0.0,0.2,78.4
1747229282273,8.7,0.0,12.9,0.0,0.0,0.1,78.4
1747229284285,8.4,0.0,13.1,0.0,0.0,0.2,78.2
1747229286297,8.4,0.0,12.4,0.0,0.0,0.1,79.1
1747229288310,8.3,0.0,12.5,0.0,0.0,0.1,79.2
1747229290322,8.2,0.0,12.2,0.0,0.0,0.0,79.6
1747229292334,7.6,0.0,12.2,0.0,0.0,0.1,80.1
1747229294347,9.0,0.0,12.5,0.0,0.0,0.2,78.3
1747229296358,6.0,0.0,9.7,0.0,0.0,0.2,84.1
1747229298369,6.0,0.0,9.7,0.0,0.0,0.1,84.3
1747229300380,6.1,0.0,10.0,0.0,0.0,0.1,83.8
1747229302390,6.6,0.0,9.6,0.0,0.0,0.1,83.7
1747229304401,6.5,0.0,11.4,0.0,0.0,0.2,82.0
1747229306410,6.8,0.0,11.0,0.0,0.0,0.2,82.0
1747229308420,6.7,0.0,11.0,0.0,0.0,0.1,82.2
1747229310430,6.4,0.0,11.9,0.0,0.0,0.2,81.5
1747229312439,6.6,0.0,11.5,0.0,0.0,0.1,81.8
1747229314450,6.2,0.0,11.2,0.0,0.0,0.1,82.5
1747229316461,7.0,0.0,10.6,0.0,0.0,0.2,82.3
1747229318481,6.0,0.0,10.9,0.0,0.0,0.1,82.9
1747229320489,7.7,0.0,10.8,0.0,0.0,0.1,81.4
1747229322501,6.5,0.0,10.0,0.0,0.0,0.0,83.5
1747229324511,6.3,0.0,10.5,0.0,0.0,0.2,83.0
1747229326523,5.9,0.0,11.6,0.0,0.0,0.1,82.4
1747229328535,7.1,0.0,10.9,0.0,0.0,0.1,81.9
1747229330546,6.3,0.0,11.0,0.0,0.0,0.2,82.6
1747229332557,5.9,0.0,10.8,0.0,0.0,0.2,83.1
1747229334568,6.0,0.0,10.9,0.0,0.0,0.2,82.8
1747229336579,7.0,0.0,11.4,0.0,0.0,0.1,81.5
1747229338591,6.2,0.0,11.2,0.0,0.0,0.1,82.5
1747229340600,6.2,0.0,11.9,0.0,0.0,0.1,81.7
1747229342612,5.9,0.0,12.6,0.0,0.0,0.1,81.3
1747229344622,8.3,0.0,12.0,0.0,0.0,0.0,79.7
1747229346634,6.5,0.0,11.1,0.0,0.0,0.1,82.2
1747229348645,6.5,0.0,11.4,0.0,0.0,0.0,82.1
1747229350656,5.5,0.0,12.7,0.0,0.0,0.3,81.5
1747229352667,0.0,0.0,0.0,0.0,0.0,0.0,0.0
1747229354678,9.3,0.0,13.3,0.0,0.0,0.1,77.4
1747229356689,8.7,0.0,13.7,0.0,0.0,0.1,77.4
1747229358701,9.8,0.0,12.8,0.0,0.0,0.2,77.3
1747229360713,9.2,0.0,13.9,0.0,0.0,0.2,76.8
1747229362725,8.5,0.0,13.1,0.0,0.0,0.2,78.2
1747229364738,8.7,0.0,13.3,0.0,0.0,0.0,78.0
1747229366750,8.3,0.0,12.3,0.0,0.0,0.2,79.2
1747229368764,8.5,0.0,13.3,0.0,0.0,0.1,78.1
1747229370777,0.2,0.0,0.2,0.0,0.0,0.0,99.6
1747229372787,6.1,0.0,9.8,0.0,0.0,0.1,84.0
1747229374794,6.0,0.0,9.7,0.0,0.0,0.1,84.3
1747229376803,6.4,0.0,9.4,0.0,0.0,0.1,84.0
1747229378813,0.1,0.0,0.2,0.0,0.0,0.0,99.7
1747229380821,6.3,0.0,10.7,0.0,0.0,0.1,82.9
1747229382829,5.9,0.0,11.0,0.0,0.0,0.1,83.0
1747229384839,6.3,0.0,10.9,0.0,0.0,0.1,82.6
1747229386848,7.5,0.0,10.9,0.0,0.0,0.0,81.5
1747229388856,6.1,0.0,11.3,0.0,0.0,0.1,82.5
1747229390864,6.6,0.0,11.1,0.0,0.0,0.2,82.0
1747229392873,6.2,0.0,10.6,0.0,0.0,0.0,83.2
1747229394884,6.5,0.0,11.6,0.0,0.0,0.0,81.8
1747229396893,6.8,0.0,10.0,0.0,0.0,0.1,83.0
1747229398902,6.5,0.0,10.7,0.0,0.0,0.1,82.7
1747229400913,6.4,0.0,11.3,0.0,0.0,0.2,82.1
1747229402925,7.1,0.0,11.1,0.0,0.0,0.0,81.8
1747229404935,6.3,0.0,11.9,0.0,0.0,0.1,81.7
1747229406946,6.5,0.0,11.9,0.0,0.0,0.0,81.5
1747229408955,6.0,0.0,12.1,0.0,0.0,0.1,81.9
1747229410966,7.5,0.0,11.3,0.0,0.0,0.4,80.9
1747229412978,6.6,0.0,11.6,0.0,0.0,0.2,81.6
1747229414994,6.6,0.0,11.2,0.0,0.0,0.1,82.0
1747229417003,6.2,0.0,11.9,0.0,0.0,0.1,81.8
1747229419012,7.1,0.0,12.0,0.0,0.0,0.0,80.8
1747229421023,6.7,0.0,11.9,0.0,0.0,0.2,81.2
1747229423033,6.5,0.0,11.9,0.0,0.0,0.1,81.4
1747229425046,5.9,0.0,12.5,0.0,0.0,0.2,81.4
1747229427057,6.9,0.0,12.0,0.0,0.0,0.3,80.8
1747229429066,6.0,0.0,12.4,0.0,0.0,0.1,81.5
1747229431076,6.4,0.0,11.8,0.0,0.0,0.2,81.5
1747229433088,6.0,0.0,11.1,0.0,0.0,0.1,82.8
1747229435100,7.1,0.0,11.2,0.0,0.0,0.1,81.6
1747229437111,6.6,0.0,10.9,0.0,0.0,0.0,82.5
1747229439123,5.6,0.0,11.8,0.0,0.0,0.0,82.6
1747229441135,5.9,0.0,11.6,0.0,0.0,0.1,82.4
1747229443147,0.0,0.0,0.0,0.0,0.0,0.0,0.0
1747229445160,7.8,0.0,13.6,0.0,0.0,0.1,78.4
1747229447176,9.0,0.0,12.3,0.0,0.0,0.0,78.7
1747229449194,8.6,0.0,12.9,0.0,0.0,0.1,78.4
1747229451208,8.6,0.0,15.2,0.0,0.0,0.2,76.0
1747229453235,8.4,0.0,12.8,0.0,0.0,0.2,78.7
1747229455251,8.5,0.0,13.5,0.0,0.0,0.3,77.6
1747229457264,8.3,0.0,14.0,0.0,0.0,0.1,77.6
1747229459278,9.2,0.0,13.2,0.0,0.0,0.2,77.4
1747229461296,0.0,0.0,0.0,0.0,0.0,0.0,0.0
1747229463307,8.7,0.0,13.3,0.0,0.0,0.1,77.9
1747229465319,9.7,0.0,12.2,0.0,0.0,0.2,77.9
1747229467330,8.7,0.0,12.9,0.0,0.0,0.1,78.3
1747229469341,0.0,0.0,0.0,0.0,0.0,0.0,99.9
1747229471352,6.2,0.0,10.0,0.0,0.0,0.2,83.5
1747229473363,6.2,0.0,10.3,0.0,0.0,0.1,83.5
1747229475374,6.1,0.0,10.6,0.0,0.0,0.1,83.2
1747229477385,0.2,0.0,0.2,0.0,0.0,0.0,99.6
1747229479396,6.1,0.0,10.8,0.0,0.0,0.1,83.0
1747229481406,5.9,0.0,10.6,0.0,0.0,0.1,83.4
1747229483417,6.2,0.0,11.0,0.0,0.0,0.1,82.8
1747229485426,0.2,0.0,0.2,0.0,0.0,0.0,99.6
1747229487435,6.7,0.0,11.5,0.0,0.0,0.0,81.8
1747229489447,6.8,0.0,11.5,0.0,0.0,0.1,81.6
1747229491458,6.1,0.0,11.3,0.0,0.0,0.2,82.4
1747229493468,0.1,0.0,0.2,0.0,0.0,0.0,99.6
1747229495479,6.7,0.0,11.5,0.0,0.0,0.1,81.6
1747229497488,6.5,0.0,12.1,0.0,0.0,0.1,81.4
1747229499498,6.7,0.0,11.8,0.0,0.0,0.0,81.4
1747229501508,6.2,0.0,12.7,0.0,0.0,0.2,80.8
1747229503519,6.9,0.0,12.0,0.0,0.0,0.1,81.0
1747229505531,7.0,0.0,11.9,0.0,0.0,0.1,81.0
1747229507542,6.4,0.0,12.2,0.0,0.0,0.1,81.3
1747229509552,7.1,0.0,11.7,0.0,0.0,0.1,81.1
1747229511563,6.4,0.0,11.9,0.0,0.0,0.2,81.5
1747229513575,7.7,0.0,12.2,0.0,0.0,0.2,80.0
1747229515586,7.6,0.0,12.5,0.0,0.0,0.1,79.8
1747229517597,8.1,0.0,12.3,0.0,0.0,0.0,79.5
1747229519606,7.0,0.0,11.5,0.0,0.0,0.1,81.3
1747229521615,6.6,0.0,11.6,0.0,0.0,0.3,81.6
1747229523625,6.4,0.0,11.3,0.0,0.0,0.1,82.2
1747229525635,7.3,0.0,11.5,0.0,0.0,0.3,80.9
1747229527654,6.6,0.0,12.9,0.0,0.0,0.0,80.4
1747229529666,6.0,0.0,12.4,0.0,0.0,0.1,81.5
1747229531678,6.0,0.0,12.5,0.0,0.0,0.1,81.3
1747229533696,7.3,0.0,13.0,0.0,0.0,0.1,79.6
1747229535708,6.4,0.0,12.6,0.0,0.0,0.3,80.8
1747229537719,7.0,0.0,12.5,0.0,0.0,0.1,80.4
1747229539731,7.3,0.0,12.4,0.0,0.0,0.1,80.2
1747229541743,8.6,0.0,12.8,0.0,0.0,0.1,78.5
1747229543754,7.5,0.0,11.7,0.0,0.0,0.1,80.6
1747229545765,7.7,0.0,11.5,0.0,0.0,0.1,80.7
1747229547776,6.8,0.0,12.1,0.0,0.0,0.1,80.9
1747229549787,7.4,0.0,12.3,0.0,0.0,0.0,80.2
1747229551798,6.4,0.0,12.2,0.0,0.0,0.1,81.2
1747229553809,5.9,0.0,12.6,0.0,0.0,0.1,81.4
1747229555820,6.4,0.0,12.7,0.0,0.0,0.2,80.7
1747229557832,7.7,0.0,11.9,0.0,0.0,0.1,80.4
1747229559843,6.9,0.0,11.5,0.0,0.0,0.0,81.6
1747229561854,6.2,0.0,13.7,0.0,0.0,0.1,80.1
1747229563865,7.6,0.0,12.2,0.0,0.0,0.0,80.2
1747229565876,8.4,0.0,12.4,0.0,0.0,0.2,78.9
1747229567887,7.4,0.0,12.1,0.0,0.0,0.1,80.4
1747229569895,6.3,0.0,10.9,0.0,0.0,0.0,82.8
1747229571906,7.0,0.0,11.2,0.0,0.0,0.1,81.7
1747229573917,7.3,0.0,11.9,0.0,0.0,0.1,80.8
1747229575928,6.6,0.0,11.7,0.0,0.0,0.3,81.5
1747229577940,6.5,0.0,10.9,0.0,0.0,0.1,82.5
1747229579950,6.1,0.0,11.8,0.0,0.0,0.1,82.0
1747229581959,7.3,0.0,12.0,0.0,0.0,0.1,80.7
1747229583969,6.1,0.0,11.8,0.0,0.0,0.1,82.0
1747229585979,7.2,0.0,12.3,0.0,0.0,0.2,80.3
1747229587988,6.5,0.0,12.2,0.0,0.0,0.0,81.2
1747229590001,7.2,0.0,12.0,0.0,0.0,0.0,80.8
1747229592013,6.8,0.0,11.2,0.0,0.0,0.1,82.0
1747229594022,5.8,0.0,11.3,0.0,0.0,0.1,82.8
1747229596031,6.4,0.0,11.8,0.0,0.0,0.3,81.5
1747229598038,0.0,0.0,0.0,0.0,0.0,0.0,0.0
1747229600048,8.6,0.0,13.9,0.0,0.0,0.1,77.4
1747229602063,8.9,0.0,15.1,0.0,0.0,0.1,75.9
1747229604077,9.7,0.0,14.6,0.0,0.0,0.1,75.6
1747229606091,10.2,0.0,15.1,0.0,0.0,0.2,74.5
1747229608102,8.1,0.0,13.3,0.0,0.0,0.1,78.5
1747229610113,9.2,0.0,14.6,0.0,0.0,0.1,76.1
1747229612124,10.0,0.0,14.1,0.0,0.0,0.1,75.8
1747229614135,9.1,0.0,15.9,0.0,0.0,0.1,74.9
1747229616146,7.8,0.0,11.1,0.0,0.0,0.2,80.9
1747229618155,8.5,0.0,13.9,0.0,0.0,0.1,77.4
1747229620167,9.3,0.0,12.9,0.0,0.0,0.1,77.7
1747229622179,9.5,0.0,13.3,0.0,0.0,0.1,77.1
1747229624192,0.1,0.0,0.1,0.0,0.0,0.0,99.8
1747229626203,6.5,0.0,10.9,0.0,0.0,0.0,82.5
1747229628213,7.0,0.0,10.3,0.0,0.0,0.1,82.6
1747229630222,6.8,0.0,10.8,0.0,0.0,0.2,82.3
1747229632232,0.1,0.0,0.2,0.0,0.0,0.0,99.7
1747229634242,6.7,0.0,11.5,0.0,0.0,0.2,81.6
1747229636253,7.2,0.0,12.0,0.0,0.0,0.2,80.6
1747229638265,6.7,0.0,11.6,0.0,0.0,0.1,81.6
1747229640277,0.2,0.0,0.3,0.0,0.0,0.0,99.5
1747229642289,7.4,0.0,11.4,0.0,0.0,0.1,81.2
1747229644299,7.1,0.0,12.2,0.0,0.0,0.2,80.6
1747229646310,6.4,0.0,12.3,0.0,0.0,0.1,81.1
1747229648320,8.1,0.0,11.5,0.0,0.0,0.1,80.3
1747229650331,6.9,0.0,11.3,0.0,0.0,0.0,81.7
1747229652342,6.7,0.0,11.8,0.0,0.0,0.1,81.4
1747229654351,6.6,0.0,11.9,0.0,0.0,0.1,81.4
1747229656366,7.8,0.0,11.6,0.0,0.0,0.1,80.4
1747229658383,6.3,0.0,11.6,0.0,0.0,0.0,82.1
1747229660391,6.1,0.0,11.8,0.0,0.0,0.0,82.1
1747229662399,5.8,0.0,11.0,0.0,0.0,0.1,83.0
1747229664410,7.1,0.0,11.0,0.0,0.0,0.1,81.8
1747229666418,6.5,0.0,11.1,0.0,0.0,0.2,82.3
1747229668433,7.3,0.0,11.2,0.0,0.0,0.1,81.3
1747229670443,7.0,0.0,11.3,0.0,0.0,0.0,81.7
1747229672453,7.1,0.0,11.3,0.0,0.0,0.0,81.5
1747229674463,6.9,0.0,11.1,0.0,0.0,0.2,81.8
1747229676475,7.0,0.0,11.7,0.0,0.0,0.0,81.2
1747229678485,6.7,0.0,12.7,0.0,0.0,0.0,80.6
1747229680496,7.0,0.0,12.8,0.0,0.0,0.0,80.1
1747229682508,7.1,0.0,11.6,0.0,0.0,0.0,81.2
1747229684520,6.6,0.0,11.4,0.0,0.0,0.1,81.8
1747229686531,6.9,0.0,11.3,0.0,0.0,0.1,81.7
1747229688543,7.8,0.0,11.9,0.0,0.0,0.1,80.1
1747229690553,6.9,0.0,12.4,0.0,0.0,0.2,80.5
1747229692564,7.4,0.0,11.7,0.0,0.0,0.1,80.8
1747229694573,7.1,0.0,12.4,0.0,0.0,0.1,80.4
1747229696583,7.5,0.0,12.8,0.0,0.0,0.1,79.7
1747229698594,7.2,0.0,12.0,0.0,0.0,0.0,80.8
1747229700606,7.0,0.0,12.6,0.0,0.0,0.1,80.3
1747229702617,6.8,0.0,12.5,0.0,0.0,0.0,80.7
1747229704629,7.9,0.0,12.3,0.0,0.0,0.1,79.7
1747229706638,6.8,0.0,12.5,0.0,0.0,0.1,80.6
1747229708647,6.9,0.0,12.2,0.0,0.0,0.1,80.8
1747229710658,7.0,0.0,12.7,0.0,0.0,0.0,80.3
1747229712669,8.0,0.0,12.4,0.0,0.0,0.0,79.6
1747229714678,6.2,0.0,13.6,0.0,0.0,0.1,80.1
1747229716688,7.3,0.0,13.8,0.0,0.0,0.0,78.9
1747229718695,8.3,0.0,13.4,0.0,0.0,0.0,78.2
1747229720705,8.0,0.0,11.9,0.0,0.0,0.1,80.0
1747229722717,6.8,0.0,12.4,0.0,0.0,0.1,80.7
1747229724727,6.8,0.0,12.7,0.0,0.0,0.1,80.3
1747229726739,5.9,0.0,12.2,0.0,0.0,0.0,81.9
1747229728756,7.5,0.0,11.7,0.0,0.0,0.0,80.8
1747229730770,6.3,0.0,11.8,0.0,0.0,0.0,81.8
1747229732786,6.5,0.0,11.6,0.0,0.0,0.0,81.9
1747229734798,6.9,0.0,11.2,0.0,0.0,0.0,81.8
1747229736809,6.9,0.0,11.8,0.0,0.0,0.1,81.2
1747229738819,7.4,0.0,11.2,0.0,0.0,0.0,81.3
1747229740830,7.1,0.0,12.6,0.0,0.0,0.0,80.3
1747229742841,7.0,0.0,11.6,0.0,0.0,0.1,81.3
1747229744851,7.9,0.0,12.3,0.0,0.0,0.0,79.7
1747229746862,8.2,0.0,13.6,0.0,0.0,0.0,78.2
1747229748873,6.6,0.0,12.6,0.0,0.0,0.0,80.8
1747229750884,7.0,0.0,12.2,0.0,0.0,0.1,80.8
1747229752896,7.0,0.0,12.8,0.0,0.0,0.0,80.2
1747229754906,6.5,0.0,13.2,0.0,0.0,0.0,80.3
1747229756917,6.9,0.0,12.3,0.0,0.0,0.0,80.8
1747229758926,6.8,0.0,12.2,0.0,0.0,0.0,80.9
1747229760938,7.7,0.0,12.4,0.0,0.0,0.0,79.9
1747229762951,7.4,0.0,12.1,0.0,0.0,0.1,80.4
1747229764962,6.8,0.0,12.7,0.0,0.0,0.1,80.4
1747229766973,7.5,0.0,13.6,0.0,0.0,0.0,78.9
1747229768985,7.6,0.0,13.2,0.0,0.0,0.1,79.1
1747229770996,6.6,0.0,12.7,0.0,0.0,0.2,80.5
1747229773006,6.8,0.0,12.1,0.0,0.0,0.0,81.1
1747229775017,6.7,0.0,12.9,0.0,0.0,0.0,80.4
1747229777028,7.4,0.0,12.0,0.0,0.0,0.1,80.5
1747229779039,10.4,0.0,14.9,0.0,0.0,0.1,74.5
1747229781049,10.2,0.0,15.6,0.0,0.0,0.3,73.9
1747229783060,11.1,0.0,15.7,0.0,0.0,0.1,73.2
1747229785072,10.7,0.0,15.8,0.0,0.0,0.1,73.5
1747229787085,0.0,0.0,0.0,0.0,0.0,0.0,0.0
1747229789104,9.7,0.0,14.0,0.0,0.0,0.0,76.3
1747229791116,9.5,0.0,14.3,0.0,0.0,0.1,76.1
1747229793128,9.2,0.0,13.9,0.0,0.0,0.0,76.8
1747229795145,0.0,0.0,0.0,0.0,0.0,0.0,0.0
1747229797158,8.8,0.0,13.7,0.0,0.0,0.0,77.4
1747229799171,8.8,0.0,13.9,0.0,0.0,0.1,77.2
1747229801184,9.1,0.0,13.5,0.0,0.0,0.2,77.2
1747229803196,8.9,0.0,14.1,0.0,0.0,0.1,76.9
1747229805211,6.6,0.0,10.9,0.0,0.0,0.1,82.4
1747229807223,7.0,0.0,11.4,0.0,0.0,0.1,81.5
1747229809233,6.4,0.0,11.3,0.0,0.0,0.1,82.2
1747229811250,7.0,0.0,11.7,0.0,0.0,0.2,81.2
1747229813261,6.7,0.0,11.9,0.0,0.0,0.1,81.3
1747229815271,6.5,0.0,12.3,0.0,0.0,0.0,81.2
1747229817280,7.0,0.0,11.9,0.0,0.0,0.1,81.0
1747229819290,6.8,0.0,12.2,0.0,0.0,0.0,81.0
1747229821301,7.1,0.0,11.7,0.0,0.0,0.3,80.9
1747229823313,7.5,0.0,12.0,0.0,0.0,0.0,80.5
1747229825324,7.1,0.0,12.5,0.0,0.0,0.1,80.3
1747229827336,7.2,0.0,12.3,0.0,0.0,0.0,80.5
1747229829347,7.0,0.0,12.2,0.0,0.0,0.1,80.6
1747229831357,6.9,0.0,12.7,0.0,0.0,0.1,80.2
1747229833369,6.7,0.0,12.2,0.0,0.0,0.1,81.0
1747229835380,6.5,0.0,13.0,0.0,0.0,0.1,80.3
1747229837392,7.2,0.0,12.2,0.0,0.0,0.1,80.5
1747229839403,6.7,0.0,12.2,0.0,0.0,0.0,81.1
1747229841414,7.1,0.0,12.3,0.0,0.0,0.2,80.5
1747229843426,7.2,0.0,11.7,0.0,0.0,0.0,81.0
1747229845436,11.0,0.0,15.8,0.0,0.0,0.1,73.1
1747229847445,10.2,0.0,14.3,0.0,0.0,0.1,75.4
1747229849457,9.2,0.0,14.6,0.0,0.0,0.1,76.1
1747229851475,9.8,0.0,13.9,0.0,0.0,0.2,76.1
1747229853487,0.0,0.0,0.0,0.0,0.0,0.0,0.0
1747229855501,9.6,0.0,13.8,0.0,0.0,0.1,76.5
1747229857516,9.5,0.0,14.7,0.0,0.0,0.1,75.7
1747229859528,9.2,0.0,14.8,0.0,0.0,0.1,75.8
1747229861541,0.0,0.0,0.0,0.0,0.0,0.0,0.0
1747229863552,8.8,0.0,14.0,0.0,0.0,0.1,77.0
1747229865564,8.6,0.0,14.4,0.0,0.0,0.1,76.9
1747229867577,9.9,0.0,13.8,0.0,0.0,0.1,76.2
1747229869589,8.9,0.0,14.8,0.0,0.0,0.1,76.1
1747229871600,6.9,0.0,10.3,0.0,0.0,0.2,82.6
1747229873612,6.5,0.0,10.6,0.0,0.0,0.1,82.7
1747229875626,6.4,0.0,12.1,0.0,0.0,0.0,81.5
1747229877635,6.4,0.0,11.8,0.0,0.0,0.0,81.8
1747229879645,6.7,0.0,11.6,0.0,0.0,0.1,81.6
1747229881654,6.8,0.0,12.2,0.0,0.0,0.1,81.0
1747229883665,6.9,0.0,12.6,0.0,0.0,0.0,80.5
1747229885675,7.3,0.0,12.1,0.0,0.0,0.1,80.5
1747229887685,7.7,0.0,12.2,0.0,0.0,0.0,80.0
1747229889693,7.4,0.0,12.0,0.0,0.0,0.2,80.4
1747229891703,7.1,0.0,11.9,0.0,0.0,0.2,80.8
1747229893712,7.7,0.0,13.2,0.0,0.0,0.0,79.0
1747229895722,8.8,0.0,12.7,0.0,0.0,0.1,78.4
1747229897733,7.9,0.0,13.2,0.0,0.0,0.1,78.8
1747229899743,7.6,0.0,13.2,0.0,0.0,0.1,79.1
1747229901753,7.3,0.0,13.7,0.0,0.0,0.1,78.9
1747229903761,8.4,0.0,13.2,0.0,0.0,0.1,78.3
1747229905771,7.8,0.0,13.1,0.0,0.0,0.1,78.9
1747229907781,7.4,0.0,13.5,0.0,0.0,0.0,79.0
1747229909789,7.5,0.0,13.2,0.0,0.0,0.0,79.2
1747229911798,0.0,0.0,0.0,0.0,0.0,0.0,0.0
1747229913813,10.7,0.0,14.7,0.0,0.0,0.1,74.6
1747229915828,9.8,0.0,15.2,0.0,0.0,0.2,74.8
1747229917841,10.3,0.0,14.9,0.0,0.0,0.2,74.6
1747229919852,0.0,0.0,0.0,0.0,0.0,0.0,0.0
1747229921863,9.3,0.0,14.7,0.0,0.0,0.2,75.9
1747229923874,9.8,0.0,14.5,0.0,0.0,0.1,75.7
1747229925886,10.0,0.0,14.1,0.0,0.0,0.2,75.7
1747229927899,9.5,0.0,14.3,0.0,0.0,0.2,75.9
1747229929911,9.3,0.0,13.6,0.0,0.0,0.1,76.9
1747229931922,9.1,0.0,14.3,0.0,0.0,0.2,76.4
1747229933935,9.7,0.0,13.6,0.0,0.0,0.1,76.6
1747229935948,9.6,0.0,14.8,0.0,0.0,0.2,75.4
1747229937960,7.0,0.0,11.4,0.0,0.0,0.2,81.4
1747229939969,7.6,0.0,11.8,0.0,0.0,0.1,80.5
1747229941979,6.8,0.0,11.1,0.0,0.0,0.2,81.9
1747229943992,7.0,0.0,12.1,0.0,0.0,0.1,80.8
1747229946005,7.3,0.0,12.7,0.0,0.0,0.2,79.9
1747229948015,7.3,0.0,13.3,0.0,0.0,0.0,79.4
1747229950025,7.5,0.0,13.1,0.0,0.0,0.2,79.2
1747229952036,7.2,0.0,13.8,0.0,0.0,0.3,78.7
1747229954045,8.4,0.0,13.0,0.0,0.0,0.1,78.5
1747229956054,7.1,0.0,13.5,0.0,0.0,0.3,79.1
1747229958063,7.9,0.0,12.4,0.0,0.0,0.1,79.6
1747229960074,8.0,0.0,13.7,0.0,0.0,0.1,78.2
1747229962085,7.8,0.0,13.3,0.0,0.0,0.1,78.8
1747229964095,7.5,0.0,12.5,0.0,0.0,0.1,79.9
1747229966104,7.8,0.0,13.9,0.0,0.0,0.1,78.2
1747229968112,7.4,0.0,13.6,0.0,0.0,0.1,79.0
1747229970126,0.0,0.0,0.0,0.0,0.0,0.0,0.0
1747229972137,10.8,0.0,16.0,0.0,0.0,0.2,73.0
1747229974152,10.2,0.0,16.1,0.0,0.0,0.2,73.6
1747229976172,9.9,0.0,16.1,0.0,0.0,0.2,73.8
1747229978188,0.0,0.0,0.0,0.0,0.0,0.0,0.0
1747229980203,9.3,0.0,14.7,0.0,0.0,0.1,75.9
1747229982224,9.9,0.0,14.5,0.0,0.0,0.2,75.3
1747229984239,10.5,0.0,14.7,0.0,0.0,0.2,74.6
1747229986251,10.2,0.0,15.0,0.0,0.0,0.0,74.8
1747229988263,9.9,0.0,13.0,0.0,0.0,0.0,77.0
1747229990275,9.8,0.0,14.7,0.0,0.0,0.0,75.5
1747229992286,9.9,0.0,14.3,0.0,0.0,0.1,75.7
1747229994298,9.7,0.0,15.1,0.0,0.0,0.1,75.2
1747229996312,6.4,0.0,11.2,0.0,0.0,0.2,82.1
1747229998322,6.7,0.0,11.6,0.0,0.0,0.1,81.6
1747230000335,7.2,0.0,11.5,0.0,0.0,0.1,81.2
1747230002346,6.6,0.0,12.5,0.0,0.0,0.2,80.7
1747230004357,6.9,0.0,13.1,0.0,0.0,0.0,80.0
1747230006367,7.1,0.0,13.5,0.0,0.0,0.1,79.2
1747230008377,8.4,0.0,14.2,0.0,0.0,0.1,77.3
1747230010386,7.5,0.0,13.6,0.0,0.0,0.1,78.7
1747230012396,7.0,0.0,13.3,0.0,0.0,0.3,79.3
1747230014407,7.4,0.0,12.2,0.0,0.0,0.1,80.2
1747230016417,6.8,0.0,13.0,0.0,0.0,0.2,80.1
1747230018427,7.4,0.0,13.3,0.0,0.0,0.0,79.2
1747230020438,7.3,0.0,12.3,0.0,0.0,0.1,80.2
1747230022448,7.1,0.0,14.2,0.0,0.0,0.1,78.6
1747230024457,6.9,0.0,13.1,0.0,0.0,0.1,79.9
1747230026469,7.3,0.0,12.3,0.0,0.0,0.2,80.1
1747230028479,7.6,0.0,13.2,0.0,0.0,0.1,79.1
1747230030498,6.7,0.0,13.2,0.0,0.0,0.1,80.0
1747230032507,7.4,0.0,13.2,0.0,0.0,0.1,79.3
1747230034517,7.2,0.0,12.5,0.0,0.0,0.2,80.2
1747230036527,7.2,0.0,12.0,0.0,0.0,0.1,80.7
1747230038539,7.0,0.0,12.1,0.0,0.0,0.1,80.9
1747230040550,6.6,0.0,12.6,0.0,0.0,0.1,80.8
1747230042561,6.6,0.0,12.7,0.0,0.0,0.1,80.5
1747230044571,8.3,0.0,12.2,0.0,0.0,0.1,79.4
1747230046582,10.9,0.0,15.3,0.0,0.0,0.2,73.6
1747230048594,10.1,0.0,15.6,0.0,0.0,0.1,74.2
1747230050606,10.1,0.0,15.4,0.0,0.0,0.1,74.4
1747230052618,0.0,0.0,0.0,0.0,0.0,0.0,0.0
1747230054629,10.0,0.0,14.9,0.0,0.0,0.1,75.0
1747230056646,9.3,0.0,14.1,0.1,0.0,0.3,76.2
1747230058663,9.5,0.0,13.8,0.0,0.0,0.1,76.6
1747230060676,9.1,0.0,14.8,0.0,0.0,0.2,76.0
1747230062689,8.8,0.0,14.0,0.0,0.0,0.1,77.1
1747230064701,9.0,0.0,14.1,0.0,0.0,0.1,76.9
1747230066714,9.5,0.0,13.9,0.0,0.0,0.1,76.6
1747230068726,10.1,0.0,15.2,0.0,0.0,0.0,74.6
1747230070737,9.0,0.0,13.2,0.0,0.0,0.1,77.7
1747230072748,8.9,0.0,14.2,0.0,0.0,0.1,76.8
1747230074760,9.0,0.0,14.1,0.0,0.0,0.0,76.9
1747230076771,9.6,0.0,14.2,0.0,0.0,0.1,76.1
1747230078784,0.0,0.0,0.0,0.0,0.0,0.0,100.0
1747230080794,6.4,0.0,11.4,0.0,0.0,0.1,82.1
1747230082804,6.3,0.0,11.4,0.0,0.0,0.1,82.1
1747230084814,6.4,0.0,12.4,0.0,0.0,0.0,81.1
1747230086823,0.0,0.0,0.0,0.0,0.0,0.0,100.0
1747230088834,6.4,0.0,11.6,0.0,0.0,0.1,81.9
1747230090849,6.9,0.0,12.1,0.0,0.0,0.1,80.9
1747230092861,6.1,0.0,11.5,0.0,0.0,0.1,82.3
1747230094871,0.2,0.0,0.3,0.0,0.0,0.0,99.5
1747230096882,6.9,0.0,11.7,0.0,0.0,0.2,81.2
1747230098893,6.6,0.0,12.3,0.0,0.0,0.0,81.0
1747230100905,6.4,0.0,12.8,0.0,0.0,0.0,80.7
1747230102917,0.2,0.0,0.2,0.0,0.0,0.0,99.6
1747230104929,7.1,0.0,12.2,0.0,0.0,0.0,80.6
1747230106941,6.7,0.0,12.3,0.0,0.0,0.0,80.9
1747230108953,7.2,0.0,11.8,0.0,0.0,0.1,80.9
1747230110964,0.2,0.0,0.3,0.0,0.0,0.0,99.5
1747230112975,7.1,0.0,12.4,0.0,0.0,0.2,80.3
1747230114985,7.3,0.0,13.1,0.0,0.0,0.1,79.5
1747230116996,7.5,0.0,13.5,0.0,0.0,0.1,78.8
1747230119007,8.2,0.0,13.6,0.0,0.0,0.1,78.1
1747230121018,7.6,0.0,13.5,0.0,0.0,0.2,78.7
1747230123035,7.8,0.0,12.8,0.0,0.0,0.2,79.2
1747230125044,7.3,0.0,13.6,0.0,0.0,0.1,79.0
1747230127058,7.5,0.0,13.2,0.0,0.0,0.1,79.2
1747230129068,7.1,0.0,12.9,0.1,0.0,0.2,79.8
1747230131078,7.8,0.0,12.8,0.0,0.0,0.1,79.4
1747230133089,7.9,0.0,12.8,0.0,0.0,0.1,79.3
1747230135102,8.1,0.0,14.3,0.0,0.0,0.1,77.5
1747230137112,7.6,0.0,13.9,0.0,0.0,0.1,78.4
1747230139123,7.9,0.0,13.9,0.0,0.0,0.1,78.1
1747230141133,8.2,0.0,13.7,0.0,0.0,0.1,78.0
1747230143143,8.4,0.0,13.2,0.0,0.0,0.1,78.4
1747230145153,7.5,0.0,14.2,0.0,0.0,0.1,78.3
1747230147165,8.1,0.0,13.4,0.0,0.0,0.1,78.5
1747230149173,6.8,0.0,13.5,0.0,0.0,0.1,79.6
1747230151189,7.6,0.0,12.9,0.0,0.0,0.1,79.5
1747230153198,7.4,0.0,12.8,0.0,0.0,0.1,79.7
1747230155209,7.3,0.0,13.2,0.1,0.0,0.1,79.3
1747230157220,7.5,0.0,12.4,0.0,0.0,0.1,80.0
1747230159230,7.9,0.0,14.0,0.0,0.0,0.1,78.0
1747230161240,7.8,0.0,13.7,0.0,0.0,0.1,78.5
1747230163250,7.1,0.0,14.4,0.0,0.0,0.1,78.4
1747230165259,8.1,0.0,14.1,0.1,0.0,0.1,77.6
1747230167269,8.3,0.0,15.2,0.0,0.0,0.1,76.4
1747230169280,8.3,0.0,13.4,0.0,0.0,0.1,78.2
1747230171292,7.8,0.0,14.0,0.0,0.0,0.1,78.1
1747230173302,7.8,0.0,14.2,0.0,0.0,0.1,77.8
1747230175313,8.6,0.0,13.8,0.0,0.0,0.1,77.6
1747230177325,8.2,0.0,13.5,0.0,0.0,0.2,78.1
1747230179336,7.6,0.0,14.5,0.0,0.0,0.1,77.8
1747230181346,7.9,0.0,15.3,0.1,0.0,0.1,76.7
1747230183356,8.3,0.0,14.0,0.0,0.0,0.2,77.5
1747230185366,8.0,0.0,13.7,0.0,0.0,0.2,78.1
1747230187377,7.1,0.0,15.3,0.0,0.0,0.1,77.5
1747230189386,8.4,0.0,13.9,0.0,0.0,0.1,77.5
1747230191395,8.4,0.0,15.1,0.0,0.0,0.1,76.4
1747230193405,8.3,0.0,14.2,0.0,0.0,0.1,77.4
1747230195417,7.5,0.0,13.6,0.0,0.0,0.1,78.8
1747230197425,7.4,0.0,13.9,0.0,0.0,0.1,78.5
1747230199440,8.0,0.0,13.4,0.0,0.0,0.1,78.4
1747230201459,8.0,0.0,14.3,0.1,0.0,0.1,77.5
1747230203479,7.3,0.0,14.3,0.0,0.0,0.1,78.3
1747230205489,8.3,0.0,13.3,0.0,0.0,0.1,78.3
1747230207498,7.6,0.0,14.3,0.0,0.0,0.1,78.0
1747230209507,8.0,0.0,13.5,0.0,0.0,0.1,78.4
1747230211517,7.1,0.0,14.7,0.0,0.0,0.1,78.2
1747230213528,7.7,0.0,14.2,0.0,0.0,0.1,78.0
1747230215541,7.5,0.0,15.0,0.0,0.0,0.0,77.6
1747230217552,12.0,0.0,16.8,0.0,0.0,0.1,71.1
1747230219581,10.7,0.0,17.2,0.0,0.0,0.0,72.1
1747230221604,11.5,0.0,16.5,0.0,0.0,0.2,71.8
1747230223622,12.1,0.0,17.6,0.0,0.0,0.0,70.2
1747230225634,9.8,0.0,12.0,0.0,0.0,0.0,78.2
1747230227645,10.6,0.0,16.4,0.0,0.0,0.1,72.9
1747230229658,11.9,0.0,16.2,0.0,0.0,0.0,71.9
1747230231670,11.5,0.0,18.1,0.0,0.0,0.0,70.3
1747230233682,0.0,0.0,0.0,0.0,0.0,0.0,0.0
1747230235693,10.5,0.0,16.3,0.0,0.0,0.1,73.1
1747230237704,10.8,0.0,16.0,0.0,0.0,0.1,73.1
1747230239715,11.5,0.0,15.8,0.0,0.0,0.0,72.7
1747230241726,0.2,0.0,0.2,0.0,0.0,0.0,99.6
1747230243737,7.3,0.0,13.2,0.0,0.0,0.1,79.3
1747230245748,7.7,0.0,13.1,0.0,0.0,0.0,79.2
1747230247757,7.3,0.0,13.1,0.0,0.0,0.2,79.4
1747230249767,9.1,0.0,12.6,0.0,0.0,0.1,78.2
1747230251778,7.0,0.0,13.1,0.0,0.0,0.2,79.6
1747230253787,7.0,0.0,13.5,0.0,0.0,0.0,79.4
1747230255803,6.9,0.0,13.0,0.0,0.0,0.1,80.0
1747230257818,7.4,0.0,13.2,0.0,0.0,0.1,79.2
1747230259831,7.0,0.0,12.6,0.0,0.0,0.0,80.4
1747230261841,6.8,0.0,13.3,0.0,0.0,0.2,79.8
1747230263853,7.6,0.0,12.8,0.0,0.0,0.1,79.5
1747230265864,8.1,0.0,12.8,0.0,0.0,0.1,79.0
1747230267876,7.2,0.0,12.6,0.0,0.0,0.2,80.0
1747230269886,6.9,0.0,14.2,0.0,0.0,0.0,78.9
1747230271897,7.2,0.0,13.9,0.0,0.0,0.0,79.0
1747230273907,7.0,0.0,14.7,0.0,0.0,0.1,78.2
1747230275918,7.3,0.0,13.9,0.0,0.0,0.1,78.6
1747230277929,6.5,0.0,13.1,0.0,0.0,0.1,80.2
1747230279939,7.3,0.0,12.8,0.0,0.0,0.1,79.9
1747230281950,7.7,0.0,12.9,0.0,0.0,0.1,79.2
1747230283960,7.2,0.0,13.4,0.0,0.0,0.1,79.2
1747230285969,7.0,0.0,12.9,0.0,0.0,0.1,79.9
1747230287979,7.2,0.0,13.1,0.0,0.0,0.1,79.6
1747230289994,6.6,0.0,12.7,0.0,0.0,0.1,80.6
1747230292007,6.9,0.0,12.2,0.0,0.0,0.2,80.7
1747230294016,7.7,0.0,11.3,0.0,0.0,0.1,80.9
1747230296026,7.4,0.0,12.6,0.0,0.0,0.1,79.9
1747230298034,6.9,0.0,12.2,0.0,0.0,0.0,81.0
1747230300042,7.3,0.0,12.3,0.0,0.0,0.1,80.3
1747230302053,7.5,0.0,12.3,0.0,0.0,0.2,80.0
1747230304063,7.3,0.0,12.6,0.0,0.0,0.1,80.1
1747230306073,7.4,0.0,13.6,0.0,0.0,0.0,79.0
1747230308083,7.8,0.0,12.6,0.0,0.0,0.0,79.6
1747230310091,7.6,0.0,13.5,0.0,0.0,0.0,78.8
1747230312100,7.9,0.0,13.6,0.0,0.0,0.1,78.4
1747230314112,7.8,0.0,12.9,0.0,0.0,0.2,79.0
1747230316121,7.2,0.0,12.8,0.0,0.0,0.1,79.9
1747230318128,7.2,0.0,12.2,0.0,0.0,0.0,80.5
1747230320139,7.2,0.0,12.0,0.0,0.0,0.1,80.7
1747230322155,7.5,0.0,11.6,0.0,0.0,0.2,80.8
1747230324174,6.7,0.0,13.9,0.0,0.0,0.0,79.3
1747230326187,6.7,0.0,13.9,0.0,0.0,0.1,79.4
1747230328198,7.0,0.0,13.0,0.0,0.0,0.1,79.8
1747230330209,6.9,0.0,13.2,0.0,0.0,0.1,79.8
1747230332219,7.3,0.0,13.1,0.0,0.0,0.2,79.3
1747230334228,8.1,0.0,13.7,0.0,0.0,0.1,78.2
1747230336239,8.3,0.0,13.4,0.0,0.0,0.0,78.3
1747230338248,8.0,0.0,12.9,0.0,0.0,0.0,79.0
1747230340258,8.3,0.0,13.2,0.0,0.0,0.0,78.5
1747230342271,7.3,0.0,13.9,0.0,0.0,0.2,78.7
1747230344282,7.8,0.0,14.4,0.0,0.0,0.0,77.7
1747230346293,7.4,0.0,14.8,0.0,0.0,0.1,77.7
1747230348304,7.5,0.0,13.6,0.0,0.0,0.1,78.8
1747230350316,6.8,0.0,14.0,0.0,0.0,0.2,79.1
1747230352327,7.6,0.0,13.3,0.0,0.0,0.2,78.8
1747230354338,8.0,0.0,13.7,0.0,0.0,0.1,78.2
1747230356347,8.4,0.0,12.6,0.0,0.0,0.1,79.0
1747230358358,7.9,0.0,11.9,0.0,0.0,0.0,80.2
1747230360368,6.7,0.0,12.1,0.0,0.0,0.1,81.2
1747230362381,7.0,0.0,12.4,0.0,0.0,0.2,80.4
1747230364401,7.1,0.0,12.6,0.0,0.0,0.0,80.2
1747230366412,6.5,0.0,13.4,0.0,0.0,0.0,80.0
1747230368422,6.7,0.0,13.7,0.0,0.0,0.0,79.5
1747230370433,7.5,0.0,13.3,0.0,0.0,0.0,79.2
1747230372444,7.5,0.0,12.6,0.0,0.0,0.0,79.9
1747230374455,7.5,0.0,13.1,0.0,0.0,0.0,79.4
1747230376465,7.3,0.0,13.9,0.0,0.0,0.1,78.7
1747230378474,7.9,0.0,12.6,0.0,0.0,0.0,79.5
1747230380487,7.7,0.0,12.6,0.0,0.0,0.1,79.5
1747230382500,7.4,0.0,12.6,0.0,0.0,0.1,79.9
1747230384516,6.8,0.0,12.2,0.0,0.0,0.1,80.9
1747230386525,7.2,0.0,12.3,0.0,0.0,0.2,80.3
1747230388536,7.4,0.0,12.2,0.0,0.0,0.1,80.3
1747230390547,7.6,0.0,12.8,0.0,0.0,0.1,79.5
1747230392557,7.6,0.0,13.0,0.0,0.0,0.1,79.3
1747230394569,8.1,0.0,13.8,0.0,0.0,0.0,78.0
1747230396579,8.5,0.0,12.1,0.0,0.0,0.2,79.2
1747230398590,7.9,0.0,12.8,0.0,0.0,0.1,79.2
1747230400600,7.3,0.0,13.3,0.0,0.0,0.1,79.2
1747230402609,8.0,0.0,13.0,0.0,0.0,0.1,78.9
1747230404618,7.6,0.0,13.2,0.0,0.0,0.1,79.2
1747230406628,7.8,0.0,13.2,0.0,0.0,0.2,78.8
1747230408639,7.8,0.0,13.7,0.0,0.0,0.0,78.5
1747230410650,8.5,0.0,14.5,0.0,0.0,0.0,76.9
1747230412661,7.3,0.0,13.4,0.0,0.0,0.1,79.2
1747230414671,6.8,0.0,14.0,0.0,0.0,0.0,79.1
1747230416681,7.4,0.0,13.2,0.0,0.0,0.2,79.2
1747230418693,8.5,0.0,14.0,0.0,0.0,0.1,77.4
1747230420705,7.6,0.0,13.1,0.0,0.0,0.1,79.2
1747230422718,7.8,0.0,12.7,0.0,0.0,0.1,79.4
1747230424729,7.5,0.0,13.3,0.0,0.0,0.2,79.0
1747230426742,7.8,0.0,12.8,0.0,0.0,0.2,79.2
1747230428754,7.4,0.0,12.7,0.0,0.0,0.2,79.7
1747230430765,7.6,0.0,13.3,0.0,0.0,0.1,79.0
1747230432775,7.8,0.0,13.1,0.0,0.0,0.0,79.1
1747230434783,7.4,0.0,13.6,0.0,0.0,0.1,79.0
1747230436795,7.5,0.0,12.2,0.0,0.0,0.2,80.2
1747230438804,7.0,0.0,12.6,0.0,0.0,0.1,80.3
1747230440814,6.9,0.0,12.7,0.0,0.0,0.1,80.4
1747230442829,7.8,0.0,12.8,0.0,0.0,0.1,79.3
1747230444845,8.1,0.0,12.8,0.0,0.0,0.1,79.1
1747230446854,7.8,0.0,13.2,0.0,0.0,0.2,78.8
1747230448862,7.7,0.0,13.3,0.0,0.0,0.1,78.9
1747230450871,7.6,0.0,13.9,0.0,0.0,0.0,78.5
1747230452879,7.6,0.0,13.9,0.0,0.0,0.1,78.3
1747230454893,7.3,0.0,13.3,0.0,0.0,0.1,79.3
1747230456914,7.2,0.0,13.0,0.0,0.0,0.1,79.6
1747230458935,8.2,0.0,13.3,0.0,0.0,0.1,78.5
1747230460957,9.1,0.0,13.1,0.0,0.0,0.0,77.8
1747230462968,7.6,0.0,12.6,0.0,0.0,0.1,79.8
1747230464979,7.8,0.0,13.0,0.0,0.0,0.1,79.1
1747230466989,8.2,0.0,14.2,0.0,0.0,0.2,77.4
1747230468999,8.4,0.0,13.5,0.0,0.0,0.1,78.0
1747230471008,7.9,0.0,13.5,0.0,0.0,0.1,78.5
1747230473018,7.4,0.0,13.3,0.0,0.0,0.1,79.2
1747230475026,8.2,0.0,13.2,0.0,0.0,0.2,78.4
1747230477036,8.8,0.0,13.1,0.0,0.0,0.1,78.0
1747230479045,8.1,0.0,12.8,0.0,0.0,0.0,79.0
1747230481053,7.8,0.0,14.3,0.0,0.0,0.2,77.7
1747230483062,8.2,0.0,13.4,0.0,0.0,0.1,78.3
1747230485070,9.0,0.0,13.2,0.0,0.0,0.1,77.7
1747230487081,7.5,0.0,13.4,0.0,0.0,0.1,79.0
1747230489092,7.3,0.0,13.8,0.0,0.0,0.0,78.9
1747230491106,7.5,0.0,13.6,0.0,0.0,0.1,78.8
1747230493118,9.9,0.0,13.4,0.0,0.0,0.2,76.5
1747230495130,7.2,0.0,14.3,0.0,0.0,0.1,78.5
1747230497140,7.2,0.0,14.0,0.0,0.0,0.1,78.7
1747230499150,7.9,0.0,14.1,0.0,0.0,0.0,78.0
1747230501161,9.1,0.0,13.5,0.0,0.0,0.1,77.3
1747230503176,7.1,0.0,14.1,0.0,0.0,0.0,78.8
1747230505187,7.9,0.0,13.5,0.0,0.0,0.1,78.6
1747230507196,8.1,0.0,14.0,0.0,0.0,0.1,77.8
1747230509207,8.7,0.0,14.3,0.0,0.0,0.1,76.9
1747230511221,7.5,0.0,14.1,0.0,0.0,0.0,78.3
1747230513234,7.2,0.0,14.4,0.0,0.0,0.1,78.3
1747230515243,7.6,0.0,13.5,0.0,0.0,0.1,78.8
1747230517257,8.6,0.0,12.4,0.0,0.0,0.1,78.9
1747230519269,7.6,0.0,12.8,0.0,0.0,0.1,79.6
1747230521278,7.4,0.0,13.2,0.0,0.0,0.0,79.5
1747230523290,7.3,0.0,13.4,0.0,0.0,0.1,79.2
1747230525305,8.8,0.0,12.7,0.0,0.0,0.0,78.5
1747230527316,7.7,0.0,13.0,0.0,0.0,0.1,79.2
1747230529327,7.2,0.0,13.5,0.0,0.0,0.1,79.2
1747230531339,8.2,0.0,13.8,0.0,0.0,0.1,78.0
1747230533348,9.4,0.0,15.4,0.0,0.0,0.1,75.1
1747230535361,8.6,0.0,13.8,0.0,0.0,0.1,77.5
1747230537378,8.4,0.0,12.6,0.0,0.0,0.1,78.9
1747230539389,8.2,0.0,13.5,0.0,0.0,0.1,78.2
1747230541400,8.6,0.0,13.4,0.0,0.0,0.1,78.0
1747230543410,7.8,0.0,13.8,0.0,0.0,0.1,78.3
1747230545420,7.2,0.0,13.3,0.0,0.0,0.1,79.3
1747230547431,7.0,0.0,14.3,0.0,0.0,0.1,78.6
1747230549444,8.6,0.0,13.2,0.0,0.0,0.1,78.1
1747230551456,7.6,0.0,13.4,0.0,0.0,0.1,79.0
1747230553468,7.9,0.0,13.0,0.0,0.0,0.0,79.0
1747230555480,7.9,0.0,12.7,0.0,0.0,0.1,79.3
1747230557491,9.6,0.0,13.8,0.0,0.0,0.1,76.5
1747230559502,10.4,0.0,14.5,0.0,0.0,0.0,75.0
1747230561512,8.5,0.0,14.9,0.0,0.0,0.0,76.5
1747230563521,8.6,0.0,13.1,0.0,0.0,0.1,78.3
1747230565531,0.0,0.0,0.0,0.0,0.0,0.0,0.0
1747230567541,11.2,0.0,16.9,0.0,0.0,0.2,71.8
1747230569551,10.8,0.0,17.1,0.0,0.0,0.1,72.0
1747230571568,10.9,0.0,16.6,0.0,0.0,0.0,72.6
1747230573590,11.6,0.0,18.1,0.0,0.0,0.2,70.0
1747230575600,9.2,0.0,13.0,0.0,0.0,0.1,77.7
1747230577615,11.0,0.0,15.5,0.0,0.0,0.0,73.5
1747230579642,10.4,0.0,15.8,0.0,0.0,0.1,73.7
1747230581670,11.0,0.0,15.8,0.0,0.0,0.2,73.1
1747230583688,0.0,0.0,0.0,0.0,0.0,0.0,0.0
1747230585703,9.8,0.0,15.0,0.0,0.0,0.1,75.1
1747230587716,9.7,0.0,15.7,0.0,0.0,0.1,74.5
1747230589729,10.1,0.0,15.6,0.0,0.0,0.1,74.1
1747230591744,0.0,0.0,0.0,0.0,0.0,0.0,99.9
1747230593755,7.6,0.0,11.4,0.0,0.0,0.1,80.9
1747230595762,7.7,0.0,11.4,0.0,0.0,0.1,80.8
1747230597771,7.1,0.0,12.4,0.0,0.0,0.2,80.4
1747230599781,0.1,0.0,0.1,0.0,0.0,0.0,99.8
1747230601791,7.7,0.0,12.9,0.0,0.0,0.2,79.3
1747230603801,7.2,0.0,13.3,0.0,0.0,0.1,79.4
1747230605811,7.6,0.0,13.6,0.0,0.0,0.1,78.6
1747230607821,7.9,0.0,13.6,0.0,0.0,0.1,78.4
1747230609831,7.7,0.0,13.8,0.0,0.0,0.1,78.3
1747230611841,8.4,0.0,14.0,0.0,0.0,0.1,77.5
1747230613852,8.6,0.0,14.1,0.0,0.0,0.1,77.2
1747230615861,8.0,0.0,14.4,0.0,0.0,0.1,77.5
1747230617872,7.8,0.0,14.7,0.0,0.0,0.1,77.4
1747230619880,7.9,0.0,13.5,0.0,0.0,0.1,78.5
1747230621892,7.8,0.0,13.9,0.0,0.0,0.1,78.2
1747230623903,7.6,0.0,13.9,0.0,0.0,0.1,78.3
1747230625913,8.0,0.0,13.4,0.0,0.0,0.0,78.5
1747230627925,7.9,0.0,14.7,0.0,0.0,0.1,77.3
1747230629937,8.3,0.0,15.2,0.0,0.0,0.0,76.4
1747230631948,8.1,0.0,14.0,0.0,0.0,0.1,77.8
1747230633958,7.6,0.0,13.3,0.0,0.0,0.0,79.1
1747230635968,7.2,0.0,14.3,0.0,0.0,0.1,78.4
1747230637989,8.3,0.0,13.0,0.0,0.0,0.0,78.7
1747230640005,7.4,0.0,13.9,0.0,0.0,0.1,78.6
1747230642016,7.2,0.0,13.5,0.0,0.0,0.2,79.0
1747230644024,7.8,0.0,13.4,0.0,0.0,0.1,78.7
1747230646035,8.2,0.0,14.2,0.0,0.0,0.1,77.5
1747230648047,9.1,0.0,14.7,0.0,0.0,0.0,76.2
1747230650059,7.6,0.0,12.2,0.0,0.0,0.0,80.2
1747230652068,6.9,0.0,13.2,0.0,0.0,0.2,79.6
1747230654076,7.1,0.0,13.0,0.0,0.0,0.1,79.8
1747230656092,7.2,0.0,12.8,0.0,0.0,0.1,79.8
1747230658108,7.7,0.0,13.2,0.0,0.0,0.0,79.1
1747230660119,7.7,0.0,12.5,0.0,0.0,0.1,79.7
1747230662131,7.7,0.0,13.9,0.0,0.0,0.2,78.1
1747230664141,8.8,0.0,13.5,0.0,0.0,0.1,77.5
1747230666153,7.7,0.0,14.3,0.0,0.0,0.0,78.0
1747230668166,7.4,0.0,14.7,0.0,0.0,0.0,77.8
1747230670177,8.1,0.0,14.5,0.0,0.0,0.0,77.3
1747230672187,9.1,0.0,13.7,0.0,0.0,0.2,77.0
1747230674197,8.0,0.0,13.4,0.0,0.0,0.1,78.5
1747230676208,7.7,0.0,13.6,0.0,0.0,0.1,78.7
1747230678218,7.2,0.0,14.1,0.0,0.0,0.0,78.7
1747230680229,7.8,0.0,14.3,0.0,0.0,0.1,77.8
1747230682241,7.5,0.0,13.4,0.0,0.0,0.1,79.0
1747230684250,8.2,0.0,12.9,0.0,0.0,0.1,78.7
1747230686261,7.9,0.0,13.4,0.0,0.0,0.0,78.7
1747230688271,7.4,0.0,15.4,0.0,0.0,0.1,77.1
1747230690279,8.6,0.0,14.4,0.0,0.0,0.0,77.0
1747230692288,9.1,0.0,14.8,0.0,0.0,0.0,76.1
1747230694300,8.7,0.0,13.8,0.0,0.0,0.0,77.4
1747230696313,7.9,0.0,13.5,0.0,0.0,0.1,78.5
1747230698325,7.2,0.0,13.8,0.0,0.0,0.1,78.9
1747230700336,7.7,0.0,13.3,0.0,0.0,0.1,78.9
1747230702347,7.4,0.0,13.2,0.0,0.0,0.2,79.1
1747230704358,7.9,0.0,13.5,0.0,0.0,0.1,78.5
1747230706368,6.8,0.0,13.9,0.0,0.0,0.1,79.2
1747230708382,7.5,0.0,13.0,0.0,0.0,0.0,79.5
1747230710392,7.8,0.0,12.9,0.0,0.0,0.1,79.2
1747230712405,6.6,0.0,14.4,0.0,0.0,0.0,79.0
1747230714416,7.6,0.0,12.9,0.0,0.0,0.1,79.4
1747230716428,7.7,0.0,13.0,0.0,0.0,0.0,79.2
1747230718437,7.4,0.0,13.8,0.0,0.0,0.2,78.6
1747230720447,8.7,0.0,14.5,0.0,0.0,0.1,76.7
1747230722460,7.7,0.0,13.4,0.0,0.0,0.2,78.8
1747230724473,7.7,0.0,13.2,0.0,0.0,0.2,78.8
1747230726485,7.7,0.0,13.2,0.0,0.0,0.0,79.1
1747230728497,7.5,0.0,14.5,0.0,0.0,0.0,78.0
1747230730509,9.9,0.0,14.9,0.0,0.0,0.0,75.2
1747230732521,11.6,0.0,17.2,0.0,0.0,0.1,71.1
1747230734533,11.5,0.0,17.7,0.0,0.0,0.1,70.7
1747230736545,10.6,0.0,17.9,0.0,0.0,0.1,71.3
1747230738557,0.0,0.0,0.0,0.0,0.0,0.0,0.0
1747230740568,10.8,0.0,15.8,3.8,0.0,0.1,69.5
1747230742578,10.4,0.0,15.9,0.0,0.0,0.0,73.7
1747230744588,10.7,0.0,16.0,0.0,0.0,0.0,73.3
1747230746598,0.0,0.0,0.0,0.0,0.0,0.0,0.0
1747230748607,10.3,0.0,15.2,0.0,0.0,0.1,74.5
1747230750618,10.1,0.0,15.2,0.0,0.0,0.0,74.7
1747230752632,10.4,0.0,15.3,0.0,0.0,0.1,74.2
1747230754647,10.0,0.0,15.6,0.0,0.0,0.0,74.4
1747230756661,7.1,0.0,11.8,0.0,0.0,0.0,81.2
1747230758670,7.4,0.0,11.5,0.0,0.0,0.1,80.9
1747230760679,7.2,0.0,12.1,0.0,0.0,0.0,80.7
1747230762688,8.1,0.0,12.1,0.0,0.0,0.2,79.7
1747230764698,7.4,0.0,12.5,0.0,0.0,0.1,80.0
1747230766707,7.4,0.0,12.8,0.0,0.0,0.2,79.6
1747230768716,7.5,0.0,12.7,0.0,0.0,0.1,79.7
1747230770724,7.7,0.0,13.7,0.0,0.0,0.1,78.6
1747230772733,8.0,0.0,13.0,0.0,0.0,0.1,78.8
1747230774742,7.6,0.0,13.4,0.0,0.0,0.1,78.9
1747230776752,7.2,0.0,13.7,0.0,0.0,0.1,78.9
1747230778763,8.2,0.0,13.5,0.0,0.0,0.1,78.2
1747230780777,8.6,0.0,14.5,0.0,0.0,0.1,76.8
1747230782787,7.9,0.0,13.9,0.0,0.0,0.2,78.0
1747230784797,8.7,0.0,14.7,0.0,0.0,0.0,76.6
1747230786807,8.4,0.0,14.2,0.0,0.0,0.0,77.4
1747230788815,8.1,0.0,13.7,0.0,0.0,0.1,78.2
1747230790823,7.4,0.0,14.3,0.0,0.0,0.0,78.2
1747230792831,7.8,0.0,14.9,0.0,0.0,0.1,77.2
1747230794843,8.2,0.0,14.5,0.0,0.0,0.1,77.1
1747230796855,8.3,0.0,14.7,0.0,0.0,0.2,76.8
1747230798866,7.9,0.0,13.6,0.0,0.0,0.0,78.5
1747230800877,7.7,0.0,14.2,0.0,0.0,0.1,78.0
1747230802887,8.7,0.0,15.3,0.0,0.0,0.1,75.9
1747230804897,0.0,0.0,0.0,0.0,0.0,0.0,0.0
1747230806908,11.1,0.0,17.7,0.0,0.0,0.1,71.2
1747230808919,11.0,0.0,16.5,0.0,0.0,0.0,72.5
1747230810943,10.3,0.0,16.4,0.0,0.0,0.0,73.3
1747230812963,9.6,0.0,16.8,0.0,0.0,0.1,73.5
1747230814979,10.5,0.0,15.1,0.0,0.0,0.1,74.2
1747230816999,10.3,0.0,16.6,0.0,0.0,0.0,73.2
1747230819012,10.4,0.0,15.8,0.0,0.0,0.0,73.8
1747230821028,10.7,0.0,16.2,0.0,0.0,0.1,73.0
1747230823042,9.4,0.0,13.8,0.0,0.0,0.1,76.7
1747230825058,10.0,0.0,14.6,0.0,0.0,0.1,75.3
1747230827071,10.0,0.0,14.5,0.0,0.0,0.2,75.3
1747230829084,10.3,0.0,15.4,0.0,0.0,0.0,74.3
1747230831096,7.5,0.0,11.1,0.0,0.0,0.1,81.2
1747230833104,6.9,0.0,11.5,0.0,0.0,0.1,81.5
1747230835113,8.1,0.0,11.1,0.0,0.0,0.0,80.8
1747230837122,6.7,0.0,13.2,0.0,0.0,0.2,79.9
1747230839136,7.4,0.0,12.1,0.0,0.0,0.0,80.4
1747230841149,7.3,0.0,13.4,0.0,0.0,0.1,79.2
1747230843161,7.6,0.0,13.2,0.0,0.0,0.0,79.1
1747230845171,7.7,0.0,13.8,0.0,0.0,0.0,78.5
1747230847180,8.3,0.0,13.8,0.0,0.0,0.2,77.7
1747230849189,9.1,0.0,14.1,0.0,0.0,0.0,76.8
1747230851201,8.9,0.0,13.8,0.0,0.0,0.0,77.3
1747230853213,7.6,0.0,14.6,0.0,0.0,0.1,77.8
1747230855224,8.1,0.0,13.4,0.0,0.0,0.0,78.5
1747230857236,7.8,0.0,13.0,0.0,0.0,0.1,79.1
1747230859247,7.8,0.0,13.9,0.0,0.0,0.1,78.3
1747230861258,7.7,0.0,14.4,0.0,0.0,0.2,77.7
1747230863269,8.7,0.0,13.3,0.0,0.0,0.1,77.9
1747230865279,7.5,0.0,14.0,0.0,0.0,0.0,78.4
1747230867290,7.1,0.0,15.1,0.0,0.0,0.0,77.8
1747230869302,7.6,0.0,14.2,0.0,0.0,0.1,78.1
1747230871312,7.8,0.0,14.5,0.0,0.0,0.1,77.5
1747230873323,8.0,0.0,13.8,0.0,0.0,0.1,78.1
1747230875334,8.0,0.0,14.6,0.0,0.0,0.1,77.2
1747230877344,7.4,0.0,13.9,0.0,0.0,0.2,78.6
1747230879354,7.7,0.0,14.0,0.0,0.0,0.1,78.2
1747230881366,6.9,0.0,12.6,0.0,0.0,0.1,80.5
1747230883374,7.6,0.0,12.6,0.0,0.0,0.0,79.7
1747230885382,6.8,0.0,13.1,0.0,0.0,0.3,79.8
1747230887395,7.6,0.0,13.8,0.0,0.0,0.1,78.5
1747230889406,8.3,0.0,12.8,0.0,0.0,0.1,78.8
1747230891416,7.1,0.0,14.0,0.0,0.0,0.1,78.8
1747230893427,7.0,0.0,13.6,0.0,0.0,0.1,79.3
1747230895452,7.9,0.0,13.4,0.0,0.0,0.1,78.6
1747230897474,7.9,0.0,13.0,0.0,0.0,0.0,79.1
1747230899488,7.4,0.0,13.9,0.0,0.0,0.0,78.7
1747230901502,7.2,0.0,13.1,0.0,0.0,0.1,79.6
1747230903514,8.0,0.0,13.3,0.0,0.0,0.1,78.5
1747230905525,7.0,0.0,13.4,0.0,0.0,0.1,79.5
1747230907536,7.4,0.0,13.2,0.0,0.0,0.0,79.4
1747230909547,7.7,0.0,13.7,0.0,0.0,0.0,78.7
1747230911558,7.6,0.0,12.3,0.0,0.0,0.0,80.0
1747230913570,11.0,0.0,17.7,0.0,0.0,0.0,71.2
1747230915582,12.0,0.0,15.9,0.0,0.0,0.0,72.0
1747230917593,11.4,0.0,16.4,0.0,0.0,0.1,72.1
1747230919604,0.0,0.0,0.0,0.0,0.0,0.0,0.0
1747230921613,11.1,0.0,15.3,0.0,0.0,0.1,73.5
1747230923623,10.4,0.0,16.4,0.0,0.0,0.1,73.1
1747230925633,10.9,0.0,15.9,0.0,0.0,0.1,73.0
1747230927644,10.6,0.0,16.6,0.0,0.0,0.2,72.6
1747230929655,10.1,0.0,15.4,0.0,0.0,0.1,74.3
1747230931667,10.2,0.0,15.0,0.0,0.0,0.0,74.7
1747230933682,10.1,0.0,15.1,0.0,0.0,0.1,74.8
1747230935698,10.3,0.0,15.5,0.0,0.0,0.1,74.2
1747230937711,6.9,0.0,11.5,0.0,0.0,0.2,81.4
1747230939718,7.2,0.0,10.7,0.0,0.0,0.2,81.9
1747230941726,6.6,0.0,12.0,0.0,0.0,0.0,81.3
1747230943735,7.1,0.0,11.5,0.0,0.0,0.1,81.4
