timestamp_ms,usr%,nice%,sys%,iowait%,irq%,soft%,steal%,idle%
1747228900189,5.8,0.0,10.1,0.0,0.0,0.0,84.1
1747228902201,0.0,0.0,0.0,0.0,0.0,0.0,0.0
1747228904212,7.7,0.0,11.4,0.0,0.0,0.1,80.9
1747228906224,7.7,0.0,11.9,0.0,0.0,0.1,80.3
1747228908236,7.6,0.0,11.9,0.0,0.0,0.1,80.4
1747228910248,8.2,0.0,12.6,0.0,0.0,0.1,79.1
1747228912258,5.7,0.0,9.2,0.0,0.0,0.1,85.1
1747228914267,7.8,0.0,11.1,0.0,0.0,0.1,81.0
1747228916279,7.2,0.0,11.7,0.0,0.0,0.1,81.0
1747228918292,7.2,0.0,12.7,0.0,0.0,0.1,80.0
1747228920304,6.9,0.0,9.7,0.0,0.0,0.2,83.2
1747228922314,5.6,0.0,9.9,0.0,0.0,0.0,84.5
1747228924326,6.0,0.0,9.6,0.0,0.0,0.1,84.3
1747228926338,5.5,0.0,10.3,0.0,0.0,0.1,84.1
1747228928349,0.1,0.0,0.2,0.0,0.0,0.0,99.6
1747228930359,6.0,0.0,10.5,0.0,0.0,0.2,83.3
1747228932370,5.5,0.0,10.2,0.0,0.0,0.1,84.2
1747228934381,5.9,0.0,10.0,0.0,0.0,0.1,84.0
1747228936391,6.4,0.0,10.1,0.0,0.0,0.2,83.3
1747228938401,5.4,0.0,10.3,0.0,0.0,0.1,84.3
1747228940413,5.7,0.0,9.9,4.1,0.0,0.1,80.3
1747228942425,5.8,0.0,9.8,0.0,0.0,0.0,84.3
1747228944438,7.2,0.0,9.6,0.0,0.0,0.1,83.1
1747228946449,5.5,0.0,10.2,3.5,0.0,0.1,80.7
1747228948460,5.6,0.0,10.2,0.0,0.0,0.1,84.1
1747228950472,5.5,0.0,10.3,0.0,0.0,0.2,83.9
1747228952484,6.7,0.0,9.7,0.0,0.0,0.1,83.5
1747228954494,5.3,0.0,10.4,0.0,0.0,0.0,84.2
1747228956502,5.7,0.0,10.4,0.0,0.0,0.2,83.6
1747228958514,6.2,0.0,10.3,0.0,0.0,0.1,83.5
1747228960527,6.1,0.0,9.7,0.0,0.0,0.3,83.9
1747228962543,5.2,0.0,9.2,0.0,0.0,0.2,85.5
1747228964556,5.0,0.0,9.5,0.0,0.0,0.1,85.4
1747228966565,5.4,0.0,9.0,0.0,0.0,0.0,85.6
1747228968576,6.1,0.0,10.0,0.0,0.0,0.2,83.7
1747228970588,5.7,0.0,9.2,0.0,0.0,0.2,84.9
1747228972599,5.4,0.0,10.1,0.0,0.0,0.1,84.4
1747228974610,5.6,0.0,9.9,0.0,0.0,0.1,84.5
1747228976620,6.7,0.0,9.4,0.0,0.0,0.3,83.7
1747228978631,5.5,0.0,9.5,0.0,0.0,0.1,84.8
1747228980643,5.1,0.0,10.4,0.0,0.0,0.2,84.3
1747228982655,5.8,0.0,10.0,0.0,0.0,0.2,84.0
1747228984666,6.9,0.0,10.2,0.0,0.0,0.2,82.8
1747228986676,5.7,0.0,10.2,0.0,0.0,0.1,84.0
1747228988687,5.8,0.0,10.5,0.0,0.0,0.1,83.6
1747228990699,5.9,0.0,9.4,0.0,0.0,0.2,84.4
1747228992712,6.2,0.0,10.2,0.0,0.0,0.1,83.5
1747228994724,5.8,0.0,10.3,0.0,0.0,0.2,83.7
1747228996735,4.7,0.0,10.9,0.0,0.0,0.1,84.3
1747228998747,5.5,0.0,10.4,0.0,0.0,0.1,84.0
1747229000758,6.7,0.0,9.9,0.0,0.0,0.2,83.2
1747229002769,5.5,0.0,9.8,0.0,0.0,0.1,84.6
1747229004780,5.6,0.0,10.2,0.0,0.0,0.1,84.1
1747229006791,5.4,0.0,10.5,0.0,0.0,0.1,83.9
1747229008801,6.8,0.0,11.0,0.0,0.0,0.2,82.0
1747229010810,5.9,0.0,10.9,0.0,0.0,0.2,83.0
1747229012818,6.8,0.0,11.4,0.0,0.0,0.1,81.8
1747229014828,4.9,0.0,11.7,0.0,0.0,0.1,83.2
1747229016839,7.2,0.0,9.6,0.0,0.0,0.2,83.1
1747229018852,5.9,0.0,9.9,0.0,0.0,0.1,84.0
1747229020863,5.9,0.0,9.7,0.0,0.0,0.3,84.0
1747229022875,5.7,0.0,10.1,0.0,0.0,0.0,84.2
1747229024886,6.3,0.0,10.1,0.0,0.0,0.1,83.5
1747229026898,5.5,0.0,10.0,0.0,0.0,0.2,84.3
1747229028911,5.6,0.0,9.7,0.0,0.0,0.2,84.5
1747229030921,5.5,0.0,9.9,0.0,0.0,0.2,84.4
1747229032932,6.6,0.0,9.8,0.0,0.0,0.1,83.5
1747229034944,5.7,0.0,10.0,0.0,0.0,0.1,84.3
1747229036958,5.7,0.0,9.8,0.0,0.0,0.2,84.3
1747229038968,5.8,0.0,9.9,0.0,0.0,0.2,84.1
1747229040977,6.2,0.0,10.3,0.0,0.0,0.2,83.3
1747229042998,6.2,0.0,10.1,0.0,0.0,0.1,83.7
1747229045008,5.3,0.0,9.4,0.0,0.0,0.1,85.3
1747229047019,5.4,0.0,9.9,0.0,0.0,0.2,84.5
1747229049030,5.6,0.0,10.1,0.0,0.0,0.2,84.1
1747229051041,5.6,0.0,10.1,0.0,0.0,0.3,84.0
1747229053052,5.8,0.0,10.3,0.0,0.0,0.2,83.7
1747229055064,5.7,0.0,9.7,0.0,0.0,0.1,84.5
1747229057074,6.1,0.0,10.1,0.0,0.0,0.1,83.6
1747229059085,5.8,0.0,10.3,0.0,0.0,0.2,83.7
1747229061095,5.5,0.0,10.4,0.0,0.0,0.3,83.7
1747229063105,6.1,0.0,9.7,0.0,0.0,0.1,84.0
1747229065117,5.8,0.0,10.9,0.0,0.0,0.1,83.1
1747229067129,6.7,0.0,10.7,0.0,0.0,0.0,82.6
1747229069140,6.2,0.0,10.8,0.0,0.0,0.2,82.7
1747229071149,5.8,0.0,10.0,0.0,0.0,0.4,83.8
1747229073158,5.7,0.0,10.1,0.0,0.0,0.2,84.1
1747229075168,5.6,0.0,10.5,0.0,0.0,0.1,83.8
1747229077179,5.7,0.0,10.8,0.0,0.0,0.1,83.4
1747229079190,5.9,0.0,10.4,0.0,0.0,0.0,83.7
1747229081200,5.4,0.0,10.5,0.0,0.0,0.3,83.8
1747229083211,5.3,0.0,10.7,0.0,0.0,0.1,83.9
1747229085221,5.6,0.0,10.2,0.0,0.0,0.0,84.1
1747229087233,5.9,0.0,9.9,0.0,0.0,0.1,84.2
1747229089243,6.2,0.0,10.4,0.0,0.0,0.1,83.3
1747229091255,5.9,0.0,10.3,0.0,0.0,0.3,83.6
1747229093266,6.0,0.0,9.9,0.0,0.0,0.1,84.0
1747229095278,5.7,0.0,10.2,0.0,0.0,0.1,84.0
1747229097289,5.9,0.0,10.2,0.0,0.0,0.1,83.8
1747229099299,5.8,0.0,10.1,0.0,0.0,0.1,84.0
1747229101309,5.2,0.0,10.7,0.0,0.0,0.2,83.9
1747229103318,5.9,0.0,10.2,0.0,0.0,0.0,84.0
1747229105326,5.8,0.0,10.6,0.0,0.0,0.0,83.6
1747229107335,6.0,0.0,10.4,0.0,0.0,0.0,83.5
1747229109349,5.2,0.0,10.0,0.0,0.0,0.1,84.7
1747229111366,5.3,0.0,9.5,0.0,0.0,0.1,85.1
1747229113381,6.0,0.0,9.8,0.0,0.0,0.1,84.1
1747229115395,6.3,0.0,11.0,0.0,0.0,0.1,82.6
1747229117418,6.6,0.0,10.5,0.0,0.0,0.1,82.8
1747229119437,5.8,0.0,9.9,0.0,0.0,0.1,84.2
1747229121449,6.0,0.0,10.8,0.0,0.0,0.1,83.1
1747229123461,5.9,0.0,9.7,0.0,0.0,0.1,84.3
1747229125472,5.6,0.0,10.2,0.0,0.0,0.3,83.7
1747229127482,5.4,0.0,10.3,0.0,0.0,0.0,84.3
1747229129493,5.8,0.0,10.7,0.0,0.0,0.0,83.5
1747229131503,5.9,0.0,10.3,0.0,0.0,0.2,83.7
1747229133514,6.0,0.0,9.9,0.0,0.0,0.1,84.0
1747229135525,6.0,0.0,10.7,0.0,0.0,0.1,83.2
1747229137536,5.9,0.0,10.7,0.0,0.0,0.1,83.3
1747229139547,6.3,0.0,11.8,0.0,0.0,0.0,81.8
1747229141557,6.9,0.0,11.4,0.0,0.0,0.0,81.5
1747229143568,6.1,0.0,10.3,0.0,0.0,0.2,83.4
1747229145580,5.5,0.0,10.5,0.0,0.0,0.2,83.8
1747229147592,5.5,0.0,10.7,0.0,0.0,0.0,83.8
1747229149604,5.9,0.0,10.1,0.0,0.0,0.1,84.0
1747229151615,5.5,0.0,9.9,0.0,0.0,0.2,84.3
1747229153626,6.0,0.0,10.3,0.0,0.0,0.3,83.4
1747229155636,7.7,0.0,12.0,0.0,0.0,0.4,79.9
1747229157646,8.4,0.0,13.0,0.0,0.0,0.1,78.5
1747229159657,8.8,0.0,12.7,0.0,0.0,0.0,78.6
1747229161668,8.8,0.0,13.8,0.0,0.0,0.1,77.3
1747229163680,0.0,0.0,0.0,0.0,0.0,0.0,0.0
1747229165691,8.2,0.0,12.3,0.0,0.0,0.2,79.3
1747229167713,8.3,0.0,11.4,0.0,0.0,0.1,80.1
1747229169725,8.4,0.0,11.4,0.0,0.0,0.0,80.2
1747229171737,0.0,0.0,0.0,0.0,0.0,0.0,0.0
1747229173750,7.1,0.0,11.8,0.0,0.0,0.1,80.9
1747229175762,7.2,0.0,11.8,0.0,0.0,0.2,80.7
1747229177774,7.7,0.0,11.3,0.0,0.0,0.1,80.9
1747229179789,7.2,0.0,11.5,0.0,0.0,0.0,81.3
1747229181808,6.0,0.0,8.6,0.0,0.0,0.1,85.3
1747229183819,5.2,0.0,9.3,0.0,0.0,0.1,85.3
1747229185829,6.2,0.0,8.8,0.0,0.0,0.1,84.8
1747229187837,5.6,0.0,9.4,0.0,0.0,0.1,84.8
1747229189845,5.8,0.0,9.7,0.0,0.0,0.1,84.5
1747229191854,6.2,0.0,10.1,0.0,0.0,0.1,83.6
1747229193862,5.8,0.0,10.9,0.0,0.0,0.4,82.9
1747229195873,6.2,0.0,10.8,0.0,0.0,0.2,82.8
1747229197881,6.1,0.0,10.9,0.0,0.0,0.1,82.9
1747229199891,6.4,0.0,10.8,0.0,0.0,0.3,82.6
1747229201903,6.4,0.0,10.8,0.0,0.0,0.1,82.7
1747229203914,6.3,0.0,12.1,0.0,0.0,0.2,81.3
1747229205925,7.2,0.0,11.3,0.0,0.0,0.1,81.4
1747229207935,6.2,0.0,12.6,0.0,0.0,0.1,81.1
1747229209948,6.1,0.0,11.8,0.0,0.0,0.1,82.0
1747229211959,6.5,0.0,12.2,0.0,0.0,0.1,81.3
1747229213969,6.9,0.0,11.5,0.0,0.0,0.2,81.4
1747229215980,6.8,0.0,11.2,0.0,0.0,0.1,82.0
1747229217990,6.6,0.0,11.8,0.0,0.0,0.2,81.5
1747229220000,6.5,0.0,12.4,0.0,0.0,0.1,81.0
1747229222009,7.2,0.0,10.8,0.0,0.0,0.1,81.9
1747229224020,6.2,0.0,11.4,0.0,0.0,0.2,82.2
1747229226030,6.3,0.0,11.4,0.0,0.0,0.2,82.1
1747229228038,6.8,0.0,11.5,0.0,0.0,0.3,81.4
1747229230048,6.8,0.0,11.4,0.0,0.0,0.1,81.7
1747229232057,5.8,0.0,13.4,0.0,0.0,0.0,80.7
1747229234068,6.6,0.0,11.2,0.0,0.0,0.1,82.1
1747229236079,6.8,0.0,11.7,0.0,0.0,0.2,81.3
1747229238088,6.2,0.0,11.7,0.0,0.0,0.3,81.7
1747229240097,6.3,0.0,11.4,0.0,0.0,0.2,82.1
1747229242107,6.5,0.0,12.4,0.0,0.0,0.0,81.0
1747229244117,6.4,0.0,11.9,0.0,0.0,0.2,81.5
1747229246126,8.3,0.0,11.7,0.0,0.0,0.1,79.8
1747229248137,6.7,0.0,10.7,0.0,0.0,0.2,82.5
1747229250148,6.6,0.0,11.3,0.0,0.0,0.1,82.0
1747229252157,6.0,0.0,11.6,0.0,0.0,0.1,82.3
1747229254170,6.2,0.0,11.3,0.0,0.0,0.2,82.2
1747229256180,5.7,0.0,10.8,0.0,0.0,0.2,83.3
1747229258190,5.3,0.0,11.1,0.0,0.0,0.1,83.5
1747229260199,5.7,0.0,11.3,0.0,0.0,0.1,82.8
1747229262209,6.5,0.0,10.5,0.0,0.0,0.2,82.8
1747229264225,5.7,0.0,11.7,0.0,0.0,0.2,82.5
1747229266237,6.5,0.0,11.6,0.0,0.0,0.3,81.6
1747229268249,6.7,0.0,12.7,0.0,0.0,0.3,80.3
1747229270260,7.4,0.0,10.4,0.0,0.0,0.1,82.0
1747229272270,9.3,0.0,13.4,0.0,0.0,0.1,77.2
1747229274281,9.3,0.0,13.1,0.0,0.0,0.0,77.5
1747229276292,8.5,0.0,13.9,0.0,0.0,0.2,77.4
1747229278303,0.0,0.0,0.0,0.0,0.0,0.0,0.0
1747229280313,8.7,0.0,12.9,0.0,0.0,0.2,78.2
1747229282323,8.7,0.0,13.0,0.0,0.0,0.0,78.3
1747229284334,8.4,0.0,13.2,0.0,0.0,0.2,78.2
1747229286346,8.4,0.0,12.7,0.0,0.0,0.1,78.8
1747229288357,8.3,0.0,12.4,0.0,0.0,0.1,79.2
1747229290368,8.2,0.0,12.4,0.0,0.0,0.0,79.4
1747229292380,7.8,0.0,12.4,0.0,0.0,0.1,79.7
1747229294391,8.7,0.0,12.5,0.0,0.0,0.2,78.5
1747229296403,5.8,0.0,9.7,0.0,0.0,0.2,84.3
1747229298413,5.9,0.0,9.8,0.0,0.0,0.1,84.3
1747229300423,6.1,0.0,10.1,0.0,0.0,0.1,83.7
1747229302434,6.6,0.0,9.6,0.0,0.0,0.1,83.7
1747229304445,6.5,0.0,11.6,0.0,0.0,0.1,81.8
1747229306454,6.7,0.0,10.9,0.0,0.0,0.2,82.2
1747229308463,6.9,0.0,11.1,0.0,0.0,0.1,81.9
1747229310472,5.8,0.0,11.5,0.0,0.0,0.2,82.4
1747229312489,6.6,0.0,11.5,0.0,0.0,0.1,81.8
1747229314503,6.4,0.0,11.5,0.0,0.0,0.2,81.9
1747229316518,6.9,0.0,10.7,0.0,0.0,0.2,82.2
1747229318530,5.9,0.0,11.6,0.0,0.0,0.1,82.3
1747229320550,7.0,0.0,10.7,0.0,0.0,0.1,82.2
1747229322560,6.3,0.0,10.0,0.0,0.0,0.0,83.6
1747229324571,6.1,0.0,10.4,0.0,0.0,0.2,83.3
1747229326580,5.8,0.0,11.5,0.0,0.0,0.1,82.7
1747229328590,7.0,0.0,10.8,0.0,0.0,0.1,82.1
1747229330603,6.2,0.0,11.0,0.0,0.0,0.2,82.5
1747229332614,6.0,0.0,10.9,0.0,0.0,0.2,82.9
1747229334625,6.1,0.0,11.1,0.0,0.0,0.2,82.6
1747229336637,6.7,0.0,11.5,0.0,0.0,0.1,81.7
1747229338648,6.2,0.0,11.1,0.0,0.0,0.1,82.5
1747229340660,6.3,0.0,12.0,0.0,0.0,0.1,81.6
1747229342670,6.1,0.0,12.8,0.0,0.0,0.1,80.9
1747229344681,8.2,0.0,11.9,0.0,0.0,0.0,79.9
1747229346693,6.5,0.0,11.2,0.0,0.0,0.1,82.1
1747229348705,6.5,0.0,11.4,0.0,0.0,0.1,82.1
1747229350715,5.5,0.0,12.7,0.0,0.0,0.3,81.5
1747229352726,0.0,0.0,0.0,0.0,0.0,0.0,0.0
1747229354736,9.3,0.0,13.3,0.0,0.0,0.1,77.3
1747229356747,8.8,0.0,13.8,0.0,0.0,0.1,77.3
1747229358759,9.8,0.0,12.9,0.0,0.0,0.2,77.1
1747229360770,9.4,0.0,14.3,0.0,0.0,0.2,76.1
1747229362782,8.5,0.0,13.0,0.0,0.0,0.2,78.3
1747229364794,8.3,0.0,12.8,0.0,0.0,0.0,78.9
1747229366806,8.7,0.0,12.6,0.0,0.0,0.2,78.5
1747229368817,8.8,0.0,13.8,0.0,0.0,0.0,77.4
1747229370829,0.2,0.0,0.2,0.0,0.0,0.0,99.6
1747229372840,6.1,0.0,9.7,0.0,0.0,0.1,84.2
1747229374849,6.0,0.0,9.7,0.0,0.0,0.1,84.2
1747229376859,6.5,0.0,9.3,0.0,0.0,0.1,84.1
1747229378869,0.1,0.0,0.2,0.0,0.0,0.0,99.7
1747229380879,6.3,0.0,10.6,0.0,0.0,0.2,83.0
1747229382888,6.3,0.0,11.0,0.0,0.0,0.1,82.5
1747229384897,6.1,0.0,11.1,0.0,0.0,0.1,82.7
1747229386907,7.4,0.0,11.2,0.0,0.0,0.0,81.4
1747229388917,6.1,0.0,11.5,0.0,0.0,0.1,82.3
1747229390926,6.6,0.0,10.9,0.0,0.0,0.3,82.2
1747229392934,6.2,0.0,10.8,0.0,0.0,0.0,82.9
1747229394947,6.6,0.0,11.7,0.0,0.0,0.0,81.6
1747229396957,6.7,0.0,10.2,0.0,0.0,0.1,82.9
1747229398968,6.5,0.0,10.3,0.0,0.0,0.1,83.1
1747229400978,6.1,0.0,11.3,0.0,0.0,0.2,82.4
1747229402986,7.0,0.0,11.0,0.0,0.0,0.1,81.9
1747229404997,6.1,0.0,11.6,0.0,0.0,0.1,82.2
1747229407007,6.5,0.0,11.7,0.0,0.0,0.0,81.7
1747229409020,6.1,0.0,12.2,0.0,0.0,0.1,81.7
1747229411033,7.5,0.0,11.2,0.0,0.0,0.4,80.9
1747229413045,6.7,0.0,11.7,0.0,0.0,0.1,81.6
1747229415057,6.5,0.0,11.4,0.0,0.0,0.1,82.0
1747229417069,6.1,0.0,11.7,0.0,0.0,0.1,82.1
1747229419082,7.1,0.0,12.1,0.0,0.0,0.1,80.8
1747229421092,6.8,0.0,11.9,0.0,0.0,0.2,81.1
1747229423104,6.5,0.0,12.2,0.0,0.0,0.1,81.2
1747229425115,5.8,0.0,12.5,0.0,0.0,0.2,81.5
1747229427127,7.0,0.0,11.7,0.0,0.0,0.4,81.0
1747229429138,6.0,0.0,12.6,0.0,0.0,0.1,81.2
1747229431150,6.1,0.0,12.1,0.0,0.0,0.2,81.6
1747229433161,6.3,0.0,10.8,0.0,0.0,0.1,82.7
1747229435170,7.0,0.0,10.7,0.0,0.0,0.1,82.1
1747229437181,6.5,0.0,10.8,0.0,0.0,0.0,82.7
1747229439193,5.7,0.0,11.7,0.0,0.0,0.0,82.7
1747229441204,6.2,0.0,11.4,0.0,0.0,0.1,82.3
1747229443214,0.0,0.0,0.0,0.0,0.0,0.0,0.0
1747229445224,8.5,0.0,14.4,0.0,0.0,0.1,77.0
1747229447239,8.5,0.0,12.3,0.0,0.0,0.0,79.2
1747229449266,8.5,0.0,12.6,0.0,0.0,0.1,78.7
1747229451281,8.8,0.0,14.5,0.0,0.0,0.2,76.5
1747229453295,8.3,0.0,12.3,0.0,0.0,0.2,79.2
1747229455309,8.5,0.0,13.5,0.0,0.0,0.3,77.7
1747229457323,8.4,0.0,13.5,0.0,0.0,0.1,78.0
1747229459343,9.4,0.0,13.5,0.0,0.0,0.2,77.0
1747229461361,0.0,0.0,0.0,0.0,0.0,0.0,0.0
1747229463378,8.0,0.0,12.8,0.0,0.0,0.1,79.1
1747229465394,9.6,0.0,12.0,0.0,0.0,0.2,78.2
1747229467406,8.7,0.0,13.1,0.0,0.0,0.1,78.1
1747229469417,0.0,0.0,0.0,0.0,0.0,0.0,99.9
1747229471428,6.2,0.0,10.0,0.0,0.0,0.2,83.7
1747229473440,6.2,0.0,10.2,0.0,0.0,0.1,83.5
1747229475452,6.0,0.0,10.6,0.0,0.0,0.1,83.3
1747229477463,0.2,0.0,0.2,0.0,0.0,0.0,99.6
1747229479474,6.1,0.0,10.8,0.0,0.0,0.1,83.0
1747229481484,6.0,0.0,10.8,0.0,0.0,0.1,83.1
1747229483495,6.0,0.0,10.9,0.0,0.0,0.2,82.8
1747229485505,0.2,0.0,0.2,0.0,0.0,0.0,99.6
1747229487515,6.7,0.0,11.4,0.0,0.0,0.0,81.8
1747229489527,6.9,0.0,11.7,0.0,0.0,0.0,81.3
1747229491539,6.1,0.0,11.2,0.0,0.0,0.2,82.5
1747229493549,0.1,0.0,0.2,0.0,0.0,0.0,99.6
1747229495560,6.8,0.0,11.3,0.0,0.0,0.1,81.9
1747229497572,6.4,0.0,11.9,0.0,0.0,0.1,81.6
1747229499582,6.7,0.0,11.9,0.0,0.0,0.0,81.3
1747229501593,6.5,0.0,12.7,0.0,0.0,0.2,80.6
1747229503603,6.7,0.0,11.7,0.0,0.0,0.1,81.5
1747229505614,7.0,0.0,11.7,0.0,0.0,0.1,81.2
1747229507626,6.4,0.0,12.2,0.0,0.0,0.1,81.2
1747229509636,7.5,0.0,11.7,0.0,0.0,0.1,80.7
1747229511647,6.7,0.0,12.4,0.0,0.0,0.1,80.8
1747229513657,7.4,0.0,12.1,0.0,0.0,0.2,80.3
1747229515669,7.6,0.0,12.2,0.0,0.0,0.1,80.1
1747229517678,8.1,0.0,11.7,0.0,0.0,0.0,80.2
1747229519687,7.0,0.0,11.4,0.0,0.0,0.0,81.6
1747229521698,6.6,0.0,11.9,0.0,0.0,0.2,81.3
1747229523708,6.7,0.0,11.5,0.0,0.0,0.1,81.8
1747229525719,7.7,0.0,12.3,0.0,0.0,0.3,79.7
1747229527728,6.7,0.0,12.6,0.0,0.0,0.0,80.7
1747229529738,6.0,0.0,12.8,0.0,0.0,0.1,81.2
1747229531747,6.3,0.0,12.0,0.0,0.0,0.0,81.7
1747229533768,7.2,0.0,11.9,0.0,0.0,0.1,80.8
1747229535790,6.0,0.0,11.8,0.0,0.0,0.3,81.9
1747229537805,6.6,0.0,12.5,0.0,0.0,0.0,80.8
1747229539817,7.1,0.0,12.4,0.0,0.0,0.1,80.5
1747229541828,8.7,0.0,12.7,0.0,0.0,0.0,78.6
1747229543839,7.5,0.0,11.5,0.0,0.0,0.1,80.8
1747229545849,7.7,0.0,11.3,0.0,0.0,0.1,80.9
1747229547860,6.7,0.0,12.1,0.0,0.0,0.1,81.1
1747229549871,7.3,0.0,12.2,0.0,0.0,0.0,80.4
1747229551882,6.3,0.0,12.2,0.0,0.0,0.0,81.4
1747229553893,5.7,0.0,12.4,0.0,0.0,0.1,81.7
1747229555903,6.3,0.0,12.6,0.0,0.0,0.2,80.9
1747229557914,7.7,0.0,11.8,0.0,0.0,0.1,80.5
1747229559925,7.0,0.0,11.3,0.0,0.0,0.1,81.7
1747229561938,6.2,0.0,13.3,0.0,0.0,0.1,80.5
1747229563949,7.6,0.0,12.3,0.0,0.0,0.0,80.1
1747229565961,8.7,0.0,12.4,0.0,0.0,0.2,78.7
1747229567972,7.3,0.0,11.8,0.0,0.0,0.1,80.7
1747229569983,6.6,0.0,11.3,0.0,0.0,0.1,82.0
1747229571994,6.8,0.0,11.2,0.0,0.0,0.1,81.9
1747229574004,7.5,0.0,11.4,0.0,0.0,0.1,80.9
1747229576015,6.4,0.0,11.5,0.0,0.0,0.2,81.9
1747229578026,6.4,0.0,10.8,0.0,0.0,0.1,82.7
1747229580036,6.0,0.0,11.7,0.0,0.0,0.1,82.3
1747229582048,7.4,0.0,12.0,0.0,0.0,0.1,80.5
1747229584059,6.2,0.0,11.7,0.0,0.0,0.1,82.0
1747229586071,7.1,0.0,12.3,0.0,0.0,0.2,80.5
1747229588081,6.8,0.0,12.5,0.0,0.0,0.0,80.7
1747229590093,8.1,0.0,12.8,0.0,0.0,0.1,79.0
1747229592104,7.2,0.0,11.8,0.0,0.0,0.1,81.0
1747229594115,6.7,0.0,11.6,0.0,0.0,0.1,81.6
1747229596123,6.5,0.0,11.7,0.0,0.0,0.3,81.5
1747229598131,0.0,0.0,0.0,0.0,0.0,0.0,0.0
1747229600146,8.4,0.0,13.6,0.0,0.0,0.1,78.0
1747229602168,9.0,0.0,14.7,0.0,0.0,0.1,76.3
1747229604180,9.2,0.0,14.0,0.0,0.0,0.1,76.7
1747229606195,9.8,0.0,14.7,0.0,0.0,0.2,75.3
1747229608209,7.9,0.0,12.8,0.0,0.0,0.1,79.2
1747229610221,9.2,0.0,14.5,0.0,0.0,0.1,76.1
1747229612232,10.0,0.0,13.9,0.0,0.0,0.1,76.0
1747229614243,9.1,0.0,15.9,0.0,0.0,0.1,74.9
1747229616254,7.4,0.0,11.1,0.0,0.0,0.1,81.3
1747229618262,8.5,0.0,13.9,0.0,0.0,0.1,77.5
1747229620274,9.4,0.0,13.0,0.0,0.0,0.1,77.5
1747229622285,9.9,0.0,13.6,0.0,0.0,0.1,76.3
1747229624296,8.0,0.0,10.9,0.0,0.0,0.1,81.1
1747229626307,6.5,0.0,11.1,0.0,0.0,0.0,82.4
1747229628318,6.9,0.0,10.5,0.0,0.0,0.1,82.5
1747229630328,6.8,0.0,10.8,0.0,0.0,0.1,82.3
1747229632339,0.1,0.0,0.2,0.0,0.0,0.0,99.7
1747229634349,6.7,0.0,11.6,0.0,0.0,0.2,81.5
1747229636361,7.4,0.0,12.1,0.0,0.0,0.1,80.5
1747229638371,6.8,0.0,11.8,0.0,0.0,0.1,81.3
1747229640381,0.2,0.0,0.3,0.0,0.0,0.0,99.5
1747229642393,7.3,0.0,11.7,0.0,0.0,0.1,81.0
1747229644404,7.0,0.0,12.4,0.0,0.0,0.2,80.4
1747229646415,6.3,0.0,12.2,0.0,0.0,0.1,81.4
1747229648425,8.0,0.0,11.6,0.0,0.0,0.1,80.2
1747229650436,7.0,0.0,11.4,0.0,0.0,0.0,81.5
1747229652447,6.6,0.0,11.8,0.0,0.0,0.2,81.4
1747229654457,6.5,0.0,12.2,0.0,0.0,0.0,81.2
1747229656466,8.2,0.0,12.2,0.0,0.0,0.1,79.5
1747229658476,6.5,0.0,11.8,0.0,0.0,0.0,81.6
1747229660484,6.0,0.0,11.9,0.0,0.0,0.0,82.0
1747229662492,6.5,0.0,11.0,0.0,0.0,0.1,82.5
1747229664500,7.7,0.0,10.9,0.0,0.0,0.1,81.3
1747229666507,7.1,0.0,11.6,0.0,0.0,0.1,81.3
1747229668520,6.9,0.0,11.2,0.0,0.0,0.2,81.7
1747229670536,6.9,0.0,11.4,0.0,0.0,0.0,81.7
1747229672546,7.2,0.0,11.1,0.0,0.0,0.0,81.6
1747229674557,6.4,0.0,11.7,0.0,0.0,0.2,81.7
1747229676571,6.2,0.0,10.6,0.0,0.0,0.0,83.1
1747229678582,6.4,0.0,12.2,0.0,0.0,0.0,81.3
1747229680594,7.1,0.0,12.9,0.0,0.0,0.0,79.9
1747229682605,7.1,0.0,11.8,0.0,0.0,0.0,81.0
1747229684616,6.7,0.0,11.5,0.0,0.0,0.1,81.8
1747229686627,6.9,0.0,11.3,0.0,0.0,0.0,81.8
1747229688637,8.0,0.0,11.9,0.0,0.0,0.1,80.0
1747229690647,7.0,0.0,12.2,0.0,0.0,0.1,80.7
1747229692657,7.4,0.0,11.6,0.0,0.0,0.1,80.9
1747229694667,7.3,0.0,12.6,0.0,0.0,0.2,79.9
1747229696676,7.6,0.0,12.7,0.0,0.0,0.1,79.6
1747229698687,7.4,0.0,11.8,0.0,0.0,0.0,80.8
1747229700697,7.0,0.0,12.3,0.0,0.0,0.1,80.6
1747229702707,6.5,0.0,12.3,0.0,0.0,0.0,81.1
1747229704719,8.0,0.0,12.2,0.0,0.0,0.1,79.7
1747229706730,6.8,0.0,12.4,0.0,0.0,0.1,80.7
1747229708741,7.0,0.0,12.1,0.0,0.0,0.1,80.8
1747229710753,7.1,0.0,12.7,0.0,0.0,0.1,80.1
1747229712764,7.7,0.0,12.4,0.0,0.0,0.0,79.8
1747229714774,5.8,0.0,13.3,0.0,0.0,0.1,80.7
1747229716782,7.2,0.0,13.6,0.0,0.0,0.0,79.2
1747229718793,8.4,0.0,13.3,0.0,0.0,0.0,78.2
1747229720804,8.2,0.0,12.1,0.0,0.0,0.1,79.7
1747229722814,6.9,0.0,12.5,0.0,0.0,0.1,80.5
1747229724825,6.8,0.0,13.1,0.0,0.0,0.1,80.0
1747229726836,6.3,0.0,12.5,0.0,0.0,0.0,81.2
1747229728848,8.2,0.0,12.0,0.0,0.0,0.0,79.8
1747229730859,6.5,0.0,12.2,0.0,0.0,0.1,81.2
1747229732869,6.7,0.0,11.5,0.0,0.0,0.0,81.8
1747229734884,6.7,0.0,11.3,0.0,0.0,0.0,81.8
1747229736894,6.8,0.0,11.4,0.0,0.0,0.1,81.8
1747229738909,7.1,0.0,11.7,0.0,0.0,0.0,81.2
1747229740916,7.2,0.0,12.1,0.0,0.0,0.0,80.7
1747229742925,7.2,0.0,11.7,0.0,0.0,0.1,80.9
1747229744938,7.8,0.0,11.8,0.0,0.0,0.0,80.3
1747229746951,7.5,0.0,12.7,0.0,0.0,0.0,79.8
1747229748967,6.5,0.0,12.4,0.0,0.0,0.0,81.0
1747229750979,6.9,0.0,12.1,0.0,0.0,0.2,80.8
1747229752990,7.4,0.0,12.6,0.0,0.0,0.0,80.0
1747229755001,6.6,0.0,13.0,0.0,0.0,0.0,80.3
1747229757012,7.0,0.0,12.2,0.0,0.0,0.1,80.7
1747229759023,7.1,0.0,12.5,0.0,0.0,0.0,80.3
1747229761032,7.5,0.0,12.7,0.0,0.0,0.1,79.7
1747229763041,7.1,0.0,11.7,0.0,0.0,0.0,81.1
1747229765051,6.7,0.0,12.3,0.0,0.0,0.1,80.9
1747229767064,7.4,0.0,13.6,0.0,0.0,0.0,79.0
1747229769075,7.4,0.0,12.8,0.0,0.0,0.1,79.7
1747229771087,6.8,0.0,12.5,0.0,0.0,0.3,80.5
1747229773099,6.8,0.0,12.0,0.0,0.0,0.1,81.1
1747229775111,6.7,0.0,12.8,0.0,0.0,0.0,80.5
1747229777122,7.2,0.0,11.9,0.0,0.0,0.0,80.8
1747229779132,10.3,0.0,14.7,0.0,0.0,0.1,74.9
1747229781143,10.3,0.0,15.7,0.0,0.0,0.4,73.7
1747229783154,11.1,0.0,15.8,0.0,0.0,0.1,73.1
1747229785165,11.3,0.0,16.6,0.0,0.0,0.0,72.0
1747229787177,0.0,0.0,0.0,0.0,0.0,0.0,0.0
1747229789187,9.7,0.0,14.7,0.0,0.0,0.0,75.6
1747229791200,9.6,0.0,14.8,0.0,0.0,0.1,75.5
1747229793213,9.3,0.0,14.4,0.0,0.0,0.0,76.3
1747229795227,0.0,0.0,0.0,0.0,0.0,0.0,0.0
1747229797239,9.0,0.0,13.2,0.0,0.0,0.0,77.8
1747229799253,8.5,0.0,14.1,0.0,0.0,0.1,77.4
1747229801266,9.1,0.0,13.6,0.0,0.0,0.2,77.1
1747229803278,0.2,0.0,0.3,0.0,0.0,0.0,99.5
1747229805289,6.6,0.0,10.7,0.0,0.0,0.1,82.5
1747229807297,6.8,0.0,11.2,0.0,0.0,0.1,81.8
1747229809307,6.5,0.0,11.4,0.0,0.0,0.1,82.0
1747229811317,6.9,0.0,11.6,0.0,0.0,0.2,81.4
1747229813327,6.6,0.0,11.9,0.0,0.0,0.1,81.3
1747229815336,6.7,0.0,12.5,0.0,0.0,0.0,80.8
1747229817347,7.0,0.0,12.1,0.0,0.0,0.1,80.7
1747229819357,6.7,0.0,11.8,0.0,0.0,0.0,81.4
1747229821372,6.9,0.0,11.6,0.0,0.0,0.3,81.2
1747229823383,7.5,0.0,12.1,0.0,0.0,0.0,80.4
1747229825393,7.0,0.0,12.5,0.0,0.0,0.1,80.4
1747229827402,7.2,0.0,12.2,0.0,0.0,0.0,80.4
1747229829413,7.1,0.0,12.2,0.0,0.0,0.1,80.6
1747229831424,6.9,0.0,12.8,0.0,0.0,0.1,80.2
1747229833435,6.7,0.0,12.1,0.0,0.0,0.1,81.1
1747229835448,6.6,0.0,13.0,0.0,0.0,0.1,80.2
1747229837459,7.1,0.0,12.3,0.0,0.0,0.1,80.5
1747229839469,6.6,0.0,12.2,0.0,0.0,0.0,81.1
1747229841481,7.1,0.0,12.3,0.0,0.0,0.2,80.4
1747229843491,7.3,0.0,11.7,0.0,0.0,0.1,81.0
1747229845501,10.7,0.0,15.5,0.0,0.0,0.1,73.7
1747229847513,10.4,0.0,14.4,0.0,0.0,0.1,75.1
1747229849524,9.7,0.0,14.8,0.0,0.0,0.1,75.3
1747229851536,10.0,0.0,14.1,0.0,0.0,0.2,75.7
1747229853548,0.0,0.0,0.0,0.0,0.0,0.0,0.0
1747229855560,9.4,0.0,13.8,0.0,0.0,0.1,76.7
1747229857572,9.3,0.0,14.7,0.0,0.0,0.1,75.9
1747229859585,9.6,0.0,14.5,0.0,0.0,0.1,75.8
1747229861597,0.0,0.0,0.0,0.0,0.0,0.0,0.0
1747229863608,9.1,0.0,14.2,0.0,0.0,0.1,76.6
1747229865619,8.8,0.0,14.6,0.0,0.0,0.1,76.5
1747229867631,9.6,0.0,13.9,0.0,0.0,0.1,76.4
1747229869643,9.1,0.0,14.5,0.0,0.0,0.1,76.2
1747229871655,7.2,0.0,10.5,0.0,0.0,0.1,82.2
1747229873665,6.8,0.0,11.1,0.0,0.0,0.1,81.9
1747229875675,6.3,0.0,10.9,0.0,0.0,0.0,82.8
1747229877697,6.5,0.0,11.7,0.0,0.0,0.0,81.8
1747229879708,7.0,0.0,11.7,0.0,0.0,0.1,81.2
1747229881718,6.9,0.0,12.5,0.0,0.0,0.1,80.6
1747229883729,6.8,0.0,12.6,0.0,0.0,0.0,80.6
1747229885739,7.0,0.0,11.7,0.0,0.0,0.1,81.2
1747229887747,7.5,0.0,12.1,0.0,0.0,0.0,80.4
1747229889758,7.4,0.0,12.0,0.0,0.0,0.1,80.4
1747229891769,7.0,0.0,12.2,0.0,0.0,0.2,80.5
1747229893779,7.6,0.0,13.3,0.0,0.0,0.0,79.1
1747229895790,8.6,0.0,12.7,0.0,0.0,0.1,78.6
1747229897801,7.9,0.0,13.4,0.0,0.0,0.1,78.5
1747229899812,7.7,0.0,13.3,0.0,0.0,0.1,78.9
1747229901822,7.5,0.0,13.6,0.0,0.0,0.1,78.8
1747229903832,8.2,0.0,13.1,0.0,0.0,0.1,78.5
1747229905842,7.8,0.0,13.1,0.0,0.0,0.1,78.9
1747229907853,7.4,0.0,13.6,0.0,0.0,0.0,79.0
1747229909864,7.6,0.0,13.3,0.0,0.0,0.0,79.0
1747229911874,10.1,0.0,13.7,0.0,0.0,0.1,76.0
1747229913896,10.4,0.0,14.5,0.0,0.0,0.1,75.0
1747229915920,10.0,0.0,15.8,0.0,0.0,0.2,74.0
1747229917935,10.3,0.0,15.1,0.0,0.0,0.1,74.5
1747229919949,0.0,0.0,0.0,0.0,0.0,0.0,0.0
1747229921961,9.1,0.0,14.9,0.0,0.0,0.2,75.8
1747229923972,9.6,0.0,14.7,0.0,0.0,0.1,75.7
1747229925984,10.1,0.0,14.4,0.0,0.0,0.2,75.4
1747229927995,9.7,0.0,14.5,0.0,0.0,0.2,75.6
1747229930007,9.5,0.0,14.0,0.0,0.0,0.1,76.3
1747229932018,9.4,0.0,15.0,0.0,0.0,0.2,75.4
1747229934030,10.0,0.0,14.1,0.0,0.0,0.1,75.8
1747229936042,9.6,0.0,14.5,0.0,0.0,0.2,75.7
1747229938053,6.6,0.0,11.7,0.0,0.0,0.2,81.5
1747229940061,7.6,0.0,12.0,0.0,0.0,0.1,80.3
1747229942070,6.8,0.0,11.2,0.0,0.0,0.2,81.8
1747229944078,7.4,0.0,12.6,0.0,0.0,0.1,80.0
1747229946087,7.0,0.0,12.6,0.0,0.0,0.2,80.2
1747229948095,7.0,0.0,13.6,0.0,0.0,0.0,79.4
1747229950107,7.2,0.0,12.6,0.0,0.0,0.1,80.0
1747229952120,7.4,0.0,13.8,0.0,0.0,0.2,78.6
1747229954132,8.2,0.0,13.0,0.0,0.0,0.1,78.7
1747229956144,7.2,0.0,13.5,0.0,0.0,0.3,79.1
1747229958154,7.8,0.0,12.8,0.0,0.0,0.1,79.2
1747229960166,8.1,0.0,14.2,0.0,0.0,0.1,77.6
1747229962177,7.9,0.0,13.6,0.0,0.0,0.1,78.3
1747229964188,7.6,0.0,12.8,0.0,0.0,0.0,79.6
1747229966199,7.6,0.0,14.0,0.0,0.0,0.2,78.2
1747229968211,7.6,0.0,14.0,0.0,0.0,0.1,78.3
1747229970222,0.0,0.0,0.0,0.0,0.0,0.0,0.0
1747229972233,10.9,0.0,16.7,0.0,0.0,0.2,72.3
1747229974245,10.4,0.0,16.9,0.0,0.0,0.2,72.5
1747229976258,10.4,0.0,17.0,0.0,0.0,0.1,72.4
1747229978275,0.0,0.0,0.0,0.0,0.0,0.0,0.0
1747229980286,9.4,0.0,15.7,0.0,0.0,0.1,74.8
1747229982298,9.8,0.0,14.8,0.0,0.0,0.2,75.2
1747229984315,10.5,0.0,14.5,0.0,0.0,0.2,74.9
1747229986331,9.6,0.0,14.5,0.0,0.0,0.0,75.8
1747229988347,10.0,0.0,13.3,0.0,0.0,0.0,76.6
1747229990357,9.7,0.0,14.9,0.0,0.0,0.0,75.4
1747229992369,10.1,0.0,14.5,0.0,0.0,0.1,75.4
1747229994381,9.9,0.0,15.5,0.0,0.0,0.1,74.5
1747229996393,6.7,0.0,11.3,0.0,0.0,0.2,81.8
1747229998404,7.1,0.0,11.7,0.0,0.0,0.1,81.1
1747230000415,7.2,0.0,12.0,0.0,0.0,0.1,80.7
1747230002424,6.5,0.0,12.9,0.0,0.0,0.2,80.4
1747230004434,7.3,0.0,13.7,0.0,0.0,0.0,79.0
1747230006443,7.0,0.0,14.3,0.0,0.0,0.1,78.6
1747230008456,8.1,0.0,14.0,0.0,0.0,0.1,77.7
1747230010467,7.3,0.0,13.4,0.0,0.0,0.1,79.2
1747230012476,6.7,0.0,13.1,0.0,0.0,0.3,79.9
1747230014487,7.3,0.0,12.3,0.0,0.0,0.1,80.2
1747230016497,6.9,0.0,13.1,0.0,0.0,0.2,79.8
1747230018507,7.6,0.0,13.4,0.0,0.0,0.0,79.0
1747230020516,7.2,0.0,12.2,0.0,0.0,0.1,80.5
1747230022528,7.0,0.0,14.3,0.0,0.0,0.1,78.7
1747230024539,7.1,0.0,13.3,0.0,0.0,0.1,79.5
1747230026550,7.8,0.0,13.1,0.0,0.0,0.2,78.9
1747230028560,7.8,0.0,14.1,0.0,0.0,0.1,78.0
1747230030568,6.8,0.0,13.2,0.0,0.0,0.1,79.9
1747230032577,7.2,0.0,13.6,0.0,0.0,0.1,79.1
1747230034586,7.4,0.0,12.4,0.0,0.0,0.2,80.0
1747230036597,6.7,0.0,12.1,0.0,0.0,0.1,81.1
1747230038617,6.5,0.0,12.2,0.0,0.0,0.0,81.2
1747230040630,6.4,0.0,12.5,0.0,0.0,0.1,81.0
1747230042643,6.6,0.0,13.0,0.0,0.0,0.1,80.2
1747230044655,8.4,0.0,12.4,0.0,0.0,0.1,79.2
1747230046666,10.9,0.0,15.6,0.0,0.0,0.2,73.3
1747230048678,10.2,0.0,15.8,0.0,0.0,0.0,73.9
1747230050690,10.3,0.0,15.8,0.0,0.0,0.1,73.8
1747230052701,0.0,0.0,0.0,0.0,0.0,0.0,0.0
1747230054712,10.1,0.0,15.0,0.0,0.0,0.1,74.8
1747230056723,9.9,0.0,15.0,0.1,0.0,0.2,74.8
1747230058734,10.1,0.0,14.5,0.0,0.0,0.1,75.3
1747230060748,8.9,0.0,15.0,0.0,0.0,0.2,75.9
1747230062763,9.0,0.0,14.3,0.0,0.0,0.1,76.6
1747230064776,9.2,0.0,13.9,0.0,0.0,0.1,76.8
1747230066790,9.4,0.0,14.0,0.0,0.0,0.1,76.5
1747230068808,9.5,0.0,14.9,0.0,0.0,0.0,75.6
1747230070821,8.7,0.0,12.9,0.0,0.0,0.1,78.3
1747230072833,8.9,0.0,14.4,0.0,0.0,0.1,76.6
1747230074845,9.0,0.0,14.4,0.0,0.0,0.1,76.6
1747230076857,9.7,0.0,14.5,0.0,0.0,0.1,75.7
1747230078869,0.0,0.0,0.0,0.0,0.0,0.0,100.0
1747230080880,6.7,0.0,11.8,0.0,0.0,0.1,81.4
1747230082889,6.6,0.0,12.2,0.0,0.0,0.1,81.1
1747230084900,6.7,0.0,12.2,0.0,0.0,0.1,81.0
1747230086909,0.0,0.0,0.0,0.0,0.0,0.0,100.0
1747230088922,6.5,0.0,12.0,0.0,0.0,0.1,81.5
1747230090931,6.8,0.0,12.2,0.0,0.0,0.1,81.0
1747230092941,6.3,0.0,11.8,0.0,0.0,0.0,81.9
1747230094949,0.2,0.0,0.3,0.0,0.0,0.0,99.5
1747230096960,6.6,0.0,11.4,0.0,0.0,0.2,81.9
1747230098969,6.6,0.0,12.3,0.0,0.0,0.0,81.0
1747230100980,6.3,0.0,12.7,0.0,0.0,0.1,80.9
1747230102993,0.2,0.0,0.3,0.0,0.0,0.0,99.6
1747230105004,7.2,0.0,12.3,0.0,0.0,0.0,80.4
1747230107015,6.8,0.0,12.4,0.0,0.0,0.1,80.7
1747230109026,7.2,0.0,12.1,0.0,0.0,0.1,80.6
1747230111037,0.2,0.0,0.3,0.0,0.0,0.0,99.5
1747230113047,7.2,0.0,12.6,0.0,0.0,0.2,80.0
1747230115058,7.4,0.0,13.3,0.0,0.0,0.1,79.2
1747230117068,7.5,0.0,13.7,0.0,0.0,0.1,78.8
1747230119078,8.1,0.0,13.1,0.0,0.0,0.1,78.6
1747230121089,8.1,0.0,14.3,0.0,0.0,0.2,77.4
1747230123099,8.2,0.0,13.1,0.0,0.0,0.2,78.5
1747230125107,7.5,0.0,13.8,0.0,0.0,0.1,78.6
1747230127114,7.5,0.0,13.8,0.0,0.0,0.1,78.6
1747230129122,7.2,0.0,12.7,0.1,0.0,0.2,79.9
1747230131138,7.5,0.0,12.8,0.0,0.0,0.1,79.6
1747230133150,7.6,0.0,12.8,0.0,0.0,0.1,79.6
1747230135159,8.1,0.0,14.3,0.0,0.0,0.1,77.5
1747230137169,7.7,0.0,14.1,0.0,0.0,0.1,78.0
1747230139179,8.2,0.0,13.8,0.0,0.0,0.1,78.0
1747230141189,8.2,0.0,13.7,0.0,0.0,0.1,78.0
1747230143199,8.4,0.0,13.3,0.0,0.0,0.1,78.2
1747230145208,7.4,0.0,14.5,0.0,0.0,0.1,78.1
1747230147218,8.2,0.0,13.7,0.0,0.0,0.1,78.0
1747230149226,7.3,0.0,14.0,0.0,0.0,0.1,78.6
1747230151234,8.0,0.0,13.2,0.0,0.0,0.1,78.8
1747230153245,7.2,0.0,12.8,0.0,0.0,0.1,79.9
1747230155261,7.0,0.0,13.4,0.1,0.0,0.1,79.5
1747230157269,7.5,0.0,12.5,0.0,0.0,0.1,79.9
1747230159281,7.7,0.0,13.3,0.0,0.0,0.1,78.9
1747230161293,7.6,0.0,13.6,0.0,0.0,0.1,78.7
1747230163305,7.3,0.0,14.3,0.0,0.0,0.1,78.3
1747230165316,8.3,0.0,14.2,0.1,0.0,0.1,77.3
1747230167327,8.2,0.0,15.2,0.0,0.0,0.1,76.5
1747230169338,8.3,0.0,13.5,0.0,0.0,0.1,78.0
1747230171349,7.8,0.0,14.2,0.0,0.0,0.1,77.9
1747230173358,8.0,0.0,14.4,0.0,0.0,0.1,77.5
1747230175367,8.5,0.0,14.0,0.0,0.0,0.1,77.5
1747230177378,8.2,0.0,13.4,0.0,0.0,0.1,78.3
1747230179387,7.5,0.0,14.5,0.0,0.0,0.1,77.9
1747230181397,7.8,0.0,15.3,0.1,0.0,0.1,76.7
1747230183409,8.3,0.0,13.9,0.0,0.0,0.1,77.7
1747230185420,8.1,0.0,13.6,0.0,0.0,0.2,78.0
1747230187429,7.2,0.0,15.4,0.0,0.0,0.1,77.3
1747230189439,8.4,0.0,13.9,0.0,0.0,0.1,77.5
1747230191449,8.3,0.0,15.0,0.0,0.0,0.1,76.6
1747230193460,8.3,0.0,14.3,0.0,0.0,0.1,77.3
1747230195471,7.9,0.0,14.3,0.0,0.0,0.1,77.7
1747230197480,7.8,0.0,14.5,0.0,0.0,0.1,77.6
1747230199489,8.1,0.0,13.7,0.0,0.0,0.1,78.1
1747230201501,7.5,0.0,14.4,0.1,0.0,0.1,78.0
1747230203515,7.4,0.0,14.3,0.0,0.0,0.1,78.2
1747230205524,8.0,0.0,13.1,0.0,0.0,0.1,78.8
1747230207534,7.7,0.0,14.4,0.0,0.0,0.1,77.8
1747230209546,8.0,0.0,13.8,0.0,0.0,0.1,78.1
1747230211557,7.3,0.0,14.8,0.0,0.0,0.1,77.8
1747230213568,7.8,0.0,14.3,0.0,0.0,0.1,77.9
1747230215578,7.6,0.0,15.2,0.0,0.0,0.0,77.2
1747230217589,12.1,0.0,17.7,0.0,0.0,0.1,70.1
1747230219600,10.8,0.0,17.4,0.0,0.0,0.0,71.8
1747230221625,11.5,0.0,16.5,0.0,0.0,0.2,71.7
1747230223640,12.0,0.0,17.8,0.0,0.0,0.0,70.2
1747230225654,9.9,0.0,12.5,0.0,0.0,0.0,77.6
1747230227668,10.6,0.0,16.6,0.0,0.0,0.1,72.7
1747230229681,11.7,0.0,16.2,0.0,0.0,0.0,72.1
1747230231695,11.6,0.0,18.1,0.0,0.0,0.0,70.2
1747230233707,0.0,0.0,0.0,0.0,0.0,0.0,0.0
1747230235719,10.4,0.0,16.5,0.0,0.0,0.1,73.0
1747230237730,10.8,0.0,16.1,0.0,0.0,0.1,73.0
1747230239741,11.5,0.0,15.8,0.0,0.0,0.0,72.6
1747230241753,0.2,0.0,0.2,0.0,0.0,0.0,99.6
1747230243765,7.4,0.0,13.4,0.0,0.0,0.1,79.2
1747230245775,7.6,0.0,13.1,0.0,0.0,0.0,79.2
1747230247786,7.3,0.0,13.3,0.0,0.0,0.2,79.2
1747230249797,9.2,0.0,12.6,0.0,0.0,0.1,78.0
1747230251809,7.0,0.0,13.2,0.0,0.0,0.2,79.5
1747230253820,7.2,0.0,13.8,0.0,0.0,0.0,78.9
1747230255830,7.2,0.0,13.4,0.0,0.0,0.1,79.2
1747230257844,7.5,0.0,13.2,0.0,0.0,0.1,79.2
1747230259853,7.0,0.0,12.6,0.0,0.0,0.0,80.4
1747230261864,6.8,0.0,13.2,0.0,0.0,0.2,79.9
1747230263874,7.3,0.0,12.7,0.0,0.0,0.1,80.0
1747230265885,8.1,0.0,12.9,0.0,0.0,0.1,78.9
1747230267896,7.4,0.0,12.5,0.0,0.0,0.2,79.9
1747230269907,6.8,0.0,14.4,0.0,0.0,0.0,78.8
1747230271918,7.2,0.0,13.9,0.0,0.0,0.0,78.9
1747230273930,7.1,0.0,14.8,0.0,0.0,0.1,78.1
1747230275941,7.4,0.0,14.0,0.0,0.0,0.0,78.6
1747230277953,6.7,0.0,13.1,0.0,0.0,0.1,80.1
1747230279963,7.2,0.0,12.6,0.0,0.0,0.1,80.1
1747230281973,7.8,0.0,12.9,0.0,0.0,0.1,79.2
1747230283983,7.7,0.0,13.4,0.0,0.0,0.1,78.8
1747230285991,7.2,0.0,12.9,0.0,0.0,0.1,79.8
1747230288004,7.2,0.0,13.1,0.0,0.0,0.1,79.5
1747230290017,6.7,0.0,12.9,0.0,0.0,0.1,80.4
1747230292028,7.0,0.0,12.2,0.0,0.0,0.2,80.7
1747230294043,7.5,0.0,11.3,0.0,0.0,0.1,81.1
1747230296053,7.3,0.0,12.3,0.0,0.0,0.1,80.3
1747230298063,6.9,0.0,12.5,0.0,0.0,0.0,80.6
1747230300074,7.4,0.0,12.5,0.0,0.0,0.1,80.1
1747230302084,7.5,0.0,12.2,0.0,0.0,0.2,80.1
1747230304095,7.5,0.0,12.5,0.0,0.0,0.1,80.0
1747230306104,7.4,0.0,13.5,0.0,0.0,0.0,79.0
1747230308113,7.8,0.0,12.4,0.0,0.0,0.0,79.8
1747230310123,7.6,0.0,13.6,0.0,0.0,0.0,78.8
1747230312134,8.0,0.0,14.0,0.0,0.0,0.1,77.9
1747230314144,7.9,0.0,13.0,0.0,0.0,0.1,79.0
1747230316154,7.2,0.0,13.0,0.0,0.0,0.1,79.7
1747230318163,7.2,0.0,12.5,0.0,0.0,0.0,80.2
1747230320170,7.2,0.0,11.8,0.0,0.0,0.1,80.9
1747230322179,7.4,0.0,11.8,0.0,0.0,0.2,80.7
1747230324192,6.8,0.0,14.0,0.0,0.0,0.0,79.2
1747230326204,6.5,0.0,13.5,0.0,0.0,0.1,79.8
1747230328217,7.0,0.0,13.0,0.0,0.0,0.1,79.9
1747230330228,6.8,0.0,13.2,0.0,0.0,0.1,79.9
1747230332238,7.3,0.0,13.2,0.0,0.0,0.2,79.2
1747230334249,7.9,0.0,13.8,0.0,0.0,0.1,78.2
1747230336260,8.3,0.0,13.3,0.0,0.0,0.0,78.3
1747230338269,8.0,0.0,13.1,0.0,0.0,0.0,78.9
1747230340278,8.2,0.0,13.2,0.0,0.0,0.0,78.5
1747230342287,7.2,0.0,13.8,0.0,0.0,0.2,78.8
1747230344296,7.8,0.0,14.2,0.0,0.0,0.0,77.9
1747230346306,7.4,0.0,14.8,0.0,0.0,0.1,77.8
1747230348316,7.5,0.0,13.6,0.0,0.0,0.1,78.8
1747230350325,6.9,0.0,13.9,0.0,0.0,0.2,79.0
1747230352333,7.6,0.0,13.3,0.0,0.0,0.2,78.8
1747230354343,8.0,0.0,13.8,0.0,0.0,0.1,78.1
1747230356350,8.4,0.0,12.6,0.0,0.0,0.1,79.0
1747230358360,7.9,0.0,12.0,0.0,0.0,0.0,80.1
1747230360373,6.7,0.0,12.1,0.0,0.0,0.1,81.2
1747230362383,7.1,0.0,12.4,0.0,0.0,0.2,80.3
1747230364401,7.1,0.0,12.7,0.0,0.0,0.0,80.1
1747230366411,6.5,0.0,13.4,0.0,0.0,0.0,80.0
1747230368422,6.8,0.0,13.8,0.0,0.0,0.0,79.4
1747230370432,7.5,0.0,13.3,0.0,0.0,0.0,79.2
1747230372443,7.5,0.0,12.6,0.0,0.0,0.0,79.9
1747230374454,7.5,0.0,13.1,0.0,0.0,0.0,79.4
1747230376464,7.3,0.0,13.9,0.0,0.0,0.1,78.7
1747230378475,7.9,0.0,12.6,0.0,0.0,0.0,79.5
1747230380486,7.7,0.0,12.6,0.0,0.0,0.1,79.6
1747230382502,7.4,0.0,12.5,0.0,0.0,0.1,80.0
1747230384511,6.8,0.0,12.1,0.0,0.0,0.1,81.0
1747230386523,7.3,0.0,12.3,0.0,0.0,0.2,80.3
1747230388533,7.4,0.0,12.2,0.0,0.0,0.1,80.3
1747230390544,7.6,0.0,12.8,0.0,0.0,0.1,79.6
1747230392553,7.6,0.0,13.1,0.0,0.0,0.1,79.2
1747230394563,8.1,0.0,13.8,0.0,0.0,0.0,78.0
1747230396575,8.5,0.0,12.1,0.0,0.0,0.2,79.2
1747230398586,7.8,0.0,12.8,0.0,0.0,0.1,79.3
1747230400596,7.3,0.0,13.4,0.0,0.0,0.1,79.2
1747230402605,8.0,0.0,13.1,0.0,0.0,0.1,78.8
1747230404614,7.6,0.0,13.2,0.0,0.0,0.1,79.2
1747230406625,7.8,0.0,13.1,0.0,0.0,0.2,78.9
1747230408636,7.7,0.0,13.7,0.0,0.0,0.0,78.5
1747230410646,8.6,0.0,14.5,0.0,0.0,0.0,76.9
1747230412654,7.3,0.0,13.4,0.0,0.0,0.1,79.2
1747230414666,6.8,0.0,14.1,0.0,0.0,0.0,79.1
1747230416676,7.5,0.0,13.2,0.0,0.0,0.2,79.1
1747230418688,8.5,0.0,13.9,0.0,0.0,0.1,77.5
1747230420699,7.6,0.0,13.1,0.0,0.0,0.1,79.2
1747230422710,7.9,0.0,12.8,0.0,0.0,0.1,79.1
1747230424720,7.5,0.0,13.5,0.0,0.0,0.2,78.8
1747230426730,7.8,0.0,13.0,0.0,0.0,0.2,79.1
1747230428741,7.5,0.0,12.7,0.0,0.0,0.1,79.7
1747230430750,7.5,0.0,13.2,0.0,0.0,0.1,79.2
1747230432761,7.8,0.0,13.2,0.0,0.0,0.0,79.0
1747230434774,7.3,0.0,13.5,0.0,0.0,0.1,79.1
1747230436785,7.4,0.0,12.1,0.0,0.0,0.2,80.2
1747230438801,7.0,0.0,12.6,0.0,0.0,0.1,80.3
1747230440822,6.9,0.0,12.7,0.0,0.0,0.1,80.4
1747230442835,7.8,0.0,12.8,0.0,0.0,0.1,79.3
1747230444848,8.0,0.0,12.8,0.0,0.0,0.1,79.2
1747230446858,7.8,0.0,13.3,0.0,0.0,0.1,78.8
1747230448868,7.7,0.0,13.2,0.0,0.0,0.1,79.0
1747230450878,7.5,0.0,13.8,0.0,0.0,0.0,78.6
1747230452887,7.7,0.0,14.2,0.0,0.0,0.1,78.0
1747230454898,7.3,0.0,13.2,0.0,0.0,0.1,79.4
1747230456916,7.2,0.0,13.0,0.0,0.0,0.1,79.7
1747230458928,8.2,0.0,13.3,0.0,0.0,0.1,78.4
1747230460937,9.2,0.0,13.3,0.0,0.0,0.0,77.5
1747230462945,7.6,0.0,12.6,0.0,0.0,0.1,79.7
1747230464957,7.8,0.0,13.0,0.0,0.0,0.1,79.2
1747230466967,8.1,0.0,13.9,0.0,0.0,0.3,77.7
1747230468979,8.3,0.0,13.3,0.0,0.0,0.1,78.3
1747230470991,7.9,0.0,13.3,0.0,0.0,0.1,78.7
1747230473000,7.3,0.0,13.3,0.0,0.0,0.1,79.2
1747230475011,8.3,0.0,13.1,0.0,0.0,0.2,78.4
1747230477022,8.8,0.0,13.2,0.0,0.0,0.2,77.8
1747230479034,8.2,0.0,12.8,0.0,0.0,0.0,79.0
1747230481046,7.7,0.0,14.3,0.0,0.0,0.2,77.9
1747230483059,8.2,0.0,13.4,0.0,0.0,0.1,78.3
1747230485069,9.1,0.0,13.1,0.0,0.0,0.1,77.7
1747230487080,7.5,0.0,13.5,0.0,0.0,0.1,78.8
1747230489092,7.3,0.0,13.8,0.0,0.0,0.0,78.9
1747230491105,7.5,0.0,13.6,0.0,0.0,0.1,78.8
1747230493118,9.9,0.0,13.4,0.0,0.0,0.2,76.5
1747230495131,7.2,0.0,14.4,0.0,0.0,0.1,78.3
1747230497141,7.2,0.0,14.0,0.0,0.0,0.1,78.7
1747230499151,7.9,0.0,14.1,0.0,0.0,0.0,78.0
1747230501161,9.1,0.0,13.5,0.0,0.0,0.1,77.3
1747230503174,7.1,0.0,14.0,0.0,0.0,0.0,78.8
1747230505183,7.9,0.0,13.4,0.0,0.0,0.1,78.6
1747230507193,8.1,0.0,14.0,0.0,0.0,0.1,77.8
1747230509206,8.8,0.0,14.3,0.0,0.0,0.1,76.8
1747230511218,7.5,0.0,14.1,0.0,0.0,0.0,78.3
1747230513229,7.2,0.0,14.5,0.0,0.0,0.1,78.2
1747230515240,7.6,0.0,13.5,0.0,0.0,0.1,78.8
1747230517257,8.6,0.0,12.4,0.0,0.0,0.1,78.9
1747230519267,7.6,0.0,12.8,0.0,0.0,0.1,79.6
1747230521288,7.3,0.0,13.1,0.0,0.0,0.0,79.6
1747230523296,7.3,0.0,13.5,0.0,0.0,0.0,79.2
1747230525312,8.7,0.0,12.8,0.0,0.0,0.0,78.5
1747230527323,7.7,0.0,13.1,0.0,0.0,0.1,79.1
1747230529335,7.3,0.0,13.4,0.0,0.0,0.1,79.2
1747230531348,8.0,0.0,13.7,0.0,0.0,0.1,78.2
1747230533365,9.3,0.0,15.2,0.0,0.0,0.1,75.4
1747230535375,8.7,0.0,13.7,0.0,0.0,0.1,77.5
1747230537386,8.4,0.0,12.5,0.0,0.0,0.1,79.0
1747230539397,8.1,0.0,13.5,0.0,0.0,0.1,78.2
1747230541406,8.6,0.0,13.3,0.0,0.0,0.1,78.1
1747230543416,7.7,0.0,13.7,0.0,0.0,0.1,78.5
1747230545426,7.3,0.0,13.3,0.0,0.0,0.1,79.3
1747230547437,6.9,0.0,14.4,0.0,0.0,0.1,78.6
1747230549446,8.6,0.0,13.2,0.0,0.0,0.1,78.1
1747230551458,7.5,0.0,13.4,0.0,0.0,0.1,79.0
1747230553470,7.9,0.0,13.0,0.0,0.0,0.0,79.0
1747230555480,7.9,0.0,12.7,0.0,0.0,0.1,79.3
1747230557492,9.6,0.0,13.8,0.0,0.0,0.1,76.5
1747230559503,10.4,0.0,14.5,0.0,0.0,0.0,75.0
1747230561512,8.5,0.0,14.9,0.0,0.0,0.0,76.5
1747230563528,8.5,0.0,13.1,0.0,0.0,0.1,78.3
1747230565536,0.0,0.0,0.0,0.0,0.0,0.0,0.0
1747230567545,11.2,0.0,16.9,0.0,0.0,0.2,71.8
1747230569554,10.8,0.0,17.1,0.0,0.0,0.1,71.9
1747230571582,10.8,0.0,16.7,0.0,0.0,0.0,72.5
1747230573598,11.7,0.0,18.1,0.0,0.0,0.2,70.0
1747230575610,9.2,0.0,13.2,0.0,0.0,0.1,77.4
1747230577624,10.9,0.0,15.5,0.0,0.0,0.0,73.5
1747230579644,10.4,0.0,15.9,0.0,0.0,0.1,73.6
1747230581661,11.0,0.0,16.0,0.0,0.0,0.1,72.9
1747230583677,0.0,0.0,0.0,0.0,0.0,0.0,0.0
1747230585692,9.8,0.0,15.1,0.0,0.0,0.1,75.1
1747230587706,9.7,0.0,15.6,0.0,0.0,0.1,74.6
1747230589726,10.1,0.0,15.7,0.0,0.0,0.1,74.1
1747230591742,0.0,0.0,0.0,0.0,0.0,0.0,99.9
1747230593754,7.6,0.0,11.4,0.0,0.0,0.1,80.9
1747230595762,7.7,0.0,11.4,0.0,0.0,0.1,80.8
1747230597771,7.1,0.0,12.4,0.0,0.0,0.2,80.4
1747230599781,0.1,0.0,0.1,0.0,0.0,0.0,99.8
1747230601790,7.7,0.0,12.9,0.0,0.0,0.2,79.3
1747230603803,7.2,0.0,13.2,0.0,0.0,0.2,79.5
1747230605814,7.5,0.0,13.6,0.0,0.0,0.1,78.8
1747230607825,7.9,0.0,13.5,0.0,0.0,0.1,78.5
1747230609837,7.8,0.0,13.8,0.0,0.0,0.1,78.3
1747230611847,8.3,0.0,13.9,0.0,0.0,0.1,77.6
1747230613858,8.6,0.0,14.0,0.0,0.0,0.1,77.3
1747230615868,8.0,0.0,14.3,0.0,0.0,0.1,77.6
1747230617880,7.7,0.0,14.6,0.0,0.0,0.1,77.6
1747230619890,8.0,0.0,13.6,0.0,0.0,0.1,78.3
1747230621899,7.8,0.0,14.1,0.0,0.0,0.1,78.0
1747230623910,7.6,0.0,13.7,0.0,0.0,0.1,78.6
1747230625926,7.9,0.0,13.3,0.0,0.0,0.0,78.7
1747230627937,7.8,0.0,14.4,0.0,0.0,0.1,77.6
1747230629952,8.2,0.0,15.1,0.0,0.0,0.0,76.6
1747230631964,8.0,0.0,14.1,0.0,0.0,0.1,77.8
1747230633974,7.9,0.0,13.5,0.0,0.0,0.0,78.6
1747230635992,7.1,0.0,14.5,0.0,0.0,0.1,78.3
1747230638012,8.1,0.0,12.9,0.0,0.0,0.0,79.0
1747230640026,7.4,0.0,14.2,0.0,0.0,0.1,78.3
1747230642038,7.2,0.0,13.4,0.0,0.0,0.2,79.1
1747230644049,7.6,0.0,13.3,0.0,0.0,0.1,79.1
1747230646061,8.1,0.0,14.1,0.0,0.0,0.1,77.7
1747230648073,9.2,0.0,14.6,0.0,0.0,0.0,76.1
1747230650083,7.9,0.0,12.2,0.0,0.0,0.0,79.9
1747230652091,7.1,0.0,13.2,0.0,0.0,0.2,79.5
1747230654099,7.0,0.0,13.3,0.0,0.0,0.1,79.7
1747230656109,7.1,0.0,12.7,0.0,0.0,0.1,80.1
1747230658127,7.6,0.0,13.1,0.0,0.0,0.0,79.3
1747230660141,7.7,0.0,12.8,0.0,0.0,0.1,79.5
1747230662153,7.7,0.0,13.6,0.0,0.0,0.2,78.5
1747230664165,8.8,0.0,13.4,0.0,0.0,0.1,77.6
1747230666175,7.7,0.0,14.3,0.0,0.0,0.0,77.9
1747230668185,7.3,0.0,14.7,0.0,0.0,0.0,77.9
1747230670196,8.2,0.0,14.4,0.0,0.0,0.0,77.4
1747230672205,9.0,0.0,13.6,0.0,0.0,0.2,77.2
1747230674215,8.0,0.0,13.2,0.0,0.0,0.1,78.7
1747230676226,7.7,0.0,13.5,0.0,0.0,0.1,78.7
1747230678237,7.1,0.0,14.2,0.0,0.0,0.0,78.6
1747230680247,7.6,0.0,14.3,0.0,0.0,0.1,77.9
1747230682257,7.5,0.0,13.3,0.0,0.0,0.1,79.1
1747230684270,8.2,0.0,12.8,0.0,0.0,0.1,79.0
1747230686282,7.9,0.0,13.2,0.0,0.0,0.0,78.9
1747230688295,7.3,0.0,15.1,0.0,0.0,0.1,77.5
1747230690306,8.6,0.0,14.6,0.0,0.0,0.0,76.8
1747230692317,9.2,0.0,14.9,0.0,0.0,0.0,75.8
1747230694327,8.7,0.0,14.2,0.0,0.0,0.0,77.0
1747230696337,7.9,0.0,13.4,0.0,0.0,0.1,78.6
1747230698347,7.1,0.0,14.0,0.0,0.0,0.1,78.8
1747230700355,7.6,0.0,13.2,0.0,0.0,0.1,79.1
1747230702365,7.4,0.0,13.1,0.0,0.0,0.2,79.3
1747230704376,7.8,0.0,13.3,0.0,0.0,0.1,78.8
1747230706385,6.7,0.0,14.2,0.0,0.0,0.1,79.0
1747230708396,7.5,0.0,12.9,0.0,0.0,0.0,79.5
1747230710407,7.8,0.0,13.0,0.0,0.0,0.1,79.2
1747230712419,6.6,0.0,14.4,0.0,0.0,0.0,79.0
1747230714427,7.5,0.0,13.0,0.0,0.0,0.1,79.4
1747230716439,7.6,0.0,13.2,0.0,0.0,0.0,79.2
1747230718450,7.3,0.0,13.7,0.0,0.0,0.2,78.8
1747230720467,8.8,0.0,14.6,0.0,0.0,0.1,76.6
1747230722482,7.6,0.0,13.7,0.0,0.0,0.2,78.6
1747230724493,7.5,0.0,12.9,0.0,0.0,0.2,79.5
1747230726504,7.7,0.0,13.2,0.0,0.0,0.0,79.1
