timestamp_ms,usr%,nice%,sys%,iowait%,irq%,soft%,steal%,idle%
1747228162897,0.1,0.0,0.1,0.0,0.0,0.0,99.8
1747228164908,4.5,0.0,9.3,0.0,0.0,0.2,86.0
1747228166919,4.6,0.0,8.0,0.0,0.0,0.2,87.2
1747228168930,4.7,0.0,8.0,0.0,0.0,0.1,87.2
1747228170941,0.1,0.0,0.1,0.0,0.0,0.0,99.8
1747228172952,4.9,0.0,8.2,0.0,0.0,0.0,86.9
1747228174964,4.9,0.0,8.1,0.0,0.0,0.2,86.8
1747228176975,4.6,0.0,8.8,0.0,0.0,0.1,86.5
1747228178985,0.1,0.0,0.2,0.0,0.0,0.0,99.7
1747228180995,4.7,0.0,9.0,0.0,0.0,0.1,86.2
1747228183004,4.6,0.0,8.9,0.0,0.0,0.2,86.3
1747228185014,4.8,0.0,8.6,0.0,0.0,0.2,86.5
1747228187022,4.4,0.0,8.4,0.0,0.0,0.2,87.1
1747228189033,4.5,0.0,7.9,0.0,0.0,0.0,87.6
1747228191053,4.5,0.0,7.7,0.0,0.0,0.0,87.7
1747228193062,4.4,0.0,8.4,0.0,0.0,0.1,87.1
1747228195072,4.8,0.0,7.9,0.0,0.0,0.1,87.2
1747228197083,4.5,0.0,8.4,0.0,0.0,0.1,87.1
1747228199095,5.0,0.0,8.4,0.0,0.0,0.0,86.7
1747228201106,5.2,0.0,8.5,0.0,0.0,0.1,86.1
1747228203117,4.8,0.0,8.8,0.0,0.0,0.1,86.3
1747228205127,4.7,0.0,9.2,0.0,0.0,0.1,86.0
1747228207139,4.5,0.0,9.4,0.0,0.0,0.1,85.9
1747228209151,4.8,0.0,9.7,0.0,0.0,0.3,85.2
1747228211163,5.2,0.0,9.4,0.0,0.0,0.1,85.3
1747228213174,5.5,0.0,9.8,0.0,0.0,0.1,84.7
1747228215186,5.0,0.0,8.4,0.0,0.0,0.1,86.4
1747228217198,4.7,0.0,9.0,0.0,0.0,0.1,86.1
1747228219209,4.2,0.0,9.8,0.0,0.0,0.1,86.0
1747228221220,4.4,0.0,8.7,0.0,0.0,0.1,86.8
1747228223232,4.8,0.0,9.3,0.0,0.0,0.1,85.8
1747228225244,4.3,0.0,8.8,0.0,0.0,0.0,86.9
1747228227256,4.7,0.0,7.9,0.0,0.0,0.0,87.3
1747228229267,4.6,0.0,8.0,0.0,0.0,0.1,87.3
1747228231278,4.8,0.0,8.2,0.0,0.0,0.1,86.9
1747228233289,4.7,0.0,8.1,0.0,0.0,0.2,87.0
1747228235300,4.5,0.0,9.4,0.0,0.0,0.2,85.9
1747228237313,5.1,0.0,8.7,0.0,0.0,0.1,86.1
1747228239324,5.0,0.0,9.4,0.0,0.0,0.2,85.4
1747228241336,4.7,0.0,8.9,0.0,0.0,0.1,86.3
1747228243348,4.4,0.0,9.0,0.0,0.0,0.1,86.5
1747228245358,4.6,0.0,8.9,0.0,0.0,0.3,86.2
1747228247370,5.1,0.0,8.7,0.0,0.0,0.1,86.1
1747228249380,4.8,0.0,8.9,0.0,0.0,0.1,86.2
1747228251391,5.1,0.0,9.7,0.0,0.0,0.1,85.2
1747228253403,5.1,0.0,9.0,0.0,0.0,0.1,85.8
1747228255413,4.7,0.0,9.9,0.0,0.0,0.0,85.3
1747228257423,4.9,0.0,9.2,0.0,0.0,0.0,85.9
1747228259434,5.2,0.0,10.3,0.0,0.0,0.1,84.3
1747228261445,4.4,0.0,9.5,0.0,0.0,0.1,86.0
1747228263454,5.1,0.0,8.4,0.0,0.0,0.0,86.5
1747228265467,5.3,0.0,8.5,0.0,0.0,0.3,85.9
1747228267478,5.6,0.0,8.9,0.0,0.0,0.3,85.2
1747228269486,4.9,0.0,8.4,0.0,0.0,0.1,86.6
1747228271495,4.7,0.0,8.9,0.0,0.0,0.1,86.3
1747228273514,4.5,0.0,8.8,0.0,0.0,0.1,86.7
1747228275526,5.1,0.0,10.1,0.0,0.0,0.1,84.7
1747228277539,5.2,0.0,9.2,0.0,0.0,0.2,85.3
1747228279550,4.7,0.0,9.2,0.0,0.0,0.2,85.9
1747228281562,4.7,0.0,9.7,0.0,0.0,0.1,85.5
1747228283574,6.0,0.0,8.9,0.0,0.0,0.0,85.0
1747228285585,5.0,0.0,9.6,0.0,0.0,0.1,85.3
1747228287597,5.0,0.0,8.9,0.0,0.0,0.1,85.9
1747228289608,5.3,0.0,9.0,0.0,0.0,0.1,85.5
1747228291620,5.7,0.0,10.2,0.1,0.0,0.1,83.8
1747228293630,5.6,0.0,9.2,0.0,0.0,0.2,85.0
1747228295641,5.6,0.0,8.8,0.0,0.0,0.1,85.5
1747228297653,5.0,0.0,8.7,0.0,0.0,0.1,86.1
1747228299663,5.5,0.0,9.5,0.0,0.0,0.1,84.8
1747228301676,5.2,0.0,8.7,0.0,0.0,0.1,86.0
1747228303688,4.7,0.0,9.0,0.0,0.0,0.0,86.2
1747228305701,4.7,0.0,9.3,0.0,0.0,0.2,85.9
1747228307713,5.3,0.0,9.2,0.0,0.0,0.1,85.5
1747228309724,5.1,0.0,9.4,0.0,0.0,0.1,85.4
1747228311734,5.1,0.0,9.1,0.0,0.0,0.1,85.6
1747228313745,5.0,0.0,9.8,0.0,0.0,0.2,85.0
1747228315757,5.1,0.0,9.4,0.0,0.0,0.1,85.4
1747228317769,5.3,0.0,9.0,0.0,0.0,0.1,85.5
1747228319780,5.1,0.0,9.8,0.0,0.0,0.1,85.0
1747228321791,5.5,0.0,9.9,0.0,0.0,0.1,84.5
1747228323804,6.0,0.0,9.6,0.0,0.0,0.1,84.3
1747228325814,5.1,0.0,9.2,0.0,0.0,0.1,85.6
1747228327824,5.3,0.0,8.2,0.0,0.0,0.0,86.5
1747228329836,4.8,0.0,9.2,0.0,0.0,0.1,85.9
1747228331848,5.2,0.0,8.8,0.0,0.0,0.1,86.0
1747228333858,4.7,0.0,8.9,0.0,0.0,0.3,86.1
1747228335869,4.5,0.0,9.2,0.0,0.0,0.0,86.3
1747228337881,5.0,0.0,8.6,0.0,0.0,0.0,86.3
1747228339892,4.9,0.0,9.4,0.0,0.0,0.2,85.5
1747228341903,5.0,0.0,8.4,0.0,0.0,0.0,86.5
1747228343915,4.4,0.0,9.1,0.0,0.0,0.1,86.4
1747228345926,5.3,0.0,8.9,0.0,0.0,0.2,85.6
1747228347938,5.0,0.0,9.2,0.0,0.0,0.1,85.7
1747228349949,4.7,0.0,9.2,0.0,0.0,0.1,86.0
1747228351959,5.5,0.0,8.4,0.0,0.0,0.1,85.9
1747228353971,5.1,0.0,8.8,0.0,0.0,0.1,86.1
1747228355980,5.1,0.0,8.7,0.0,0.0,0.1,86.1
1747228357992,5.1,0.0,8.8,0.0,0.0,0.0,86.0
1747228360003,4.8,0.0,9.3,0.0,0.0,0.3,85.6
1747228362014,4.8,0.0,10.4,0.0,0.0,0.0,84.8
1747228364025,5.8,0.0,8.8,0.0,0.0,0.0,85.4
1747228366036,4.9,0.0,9.2,0.0,0.0,0.0,85.9
1747228368048,5.2,0.0,9.0,0.0,0.0,0.0,85.8
1747228370058,4.8,0.0,8.7,0.0,0.0,0.2,86.3
1747228372069,4.9,0.0,8.9,0.0,0.0,0.1,86.1
1747228374079,4.4,0.0,9.4,0.0,0.0,0.1,86.0
1747228376089,5.0,0.0,8.9,0.0,0.0,0.1,86.0
1747228378099,4.8,0.0,9.2,0.0,0.0,0.1,85.9
1747228380111,5.2,0.0,8.8,0.0,0.0,0.3,85.5
1747228382123,5.4,0.0,9.8,0.0,0.0,0.1,84.7
1747228384133,4.7,0.0,9.4,0.0,0.0,0.2,85.7
1747228386143,5.0,0.0,9.2,0.0,0.0,0.1,85.8
1747228388154,5.4,0.0,9.2,0.0,0.0,0.1,85.3
1747228390165,5.0,0.0,10.1,0.0,0.0,0.2,84.7
1747228392175,5.2,0.0,9.1,0.0,0.0,0.1,85.5
1747228394186,4.9,0.0,10.1,0.0,0.0,0.1,84.9
1747228396197,5.3,0.0,9.2,0.0,0.0,0.0,85.5
1747228398208,5.1,0.0,8.9,0.0,0.0,0.2,85.8
1747228400220,4.5,0.0,9.7,0.0,0.0,0.1,85.7
1747228402230,4.5,0.0,9.7,0.0,0.0,0.0,85.8
1747228404240,5.7,0.0,9.1,0.0,0.0,0.0,85.1
1747228406251,6.0,0.0,9.4,0.0,0.0,0.1,84.5
1747228408261,5.2,0.0,9.9,0.0,0.0,0.1,84.9
1747228410271,5.1,0.0,9.2,0.0,0.0,0.1,85.6
1747228412279,5.1,0.0,9.8,0.0,0.0,0.1,85.0
1747228414289,5.0,0.0,8.8,0.0,0.0,0.1,86.1
1747228416298,4.6,0.0,9.4,0.0,0.0,0.1,85.8
1747228418309,4.8,0.0,9.4,0.0,0.0,0.1,85.7
1747228420321,5.7,0.0,10.3,0.0,0.0,0.2,83.7
1747228422333,5.0,0.0,10.3,0.0,0.0,0.0,84.7
1747228424343,5.2,0.0,9.7,0.0,0.0,0.2,85.0
1747228426353,4.5,0.0,9.6,0.0,0.0,0.1,85.8
1747228428362,4.8,0.0,9.3,0.0,0.0,0.2,85.7
1747228430384,4.9,0.0,8.8,0.0,0.0,0.2,86.1
1747228432400,5.0,0.0,9.3,0.0,0.0,0.0,85.6
1747228434409,5.5,0.0,8.9,0.0,0.0,0.1,85.4
1747228436419,5.1,0.0,9.3,0.0,0.0,0.1,85.5
1747228438435,4.9,0.0,9.9,0.0,0.0,0.1,85.1
1747228440446,5.2,0.0,9.5,0.0,0.0,0.3,84.9
1747228442457,5.4,0.0,8.7,0.0,0.0,0.1,85.8
1747228444468,4.9,0.0,9.5,0.0,0.0,0.0,85.5
1747228446481,5.0,0.0,9.4,0.0,0.0,0.1,85.5
1747228448492,4.7,0.0,10.0,0.0,0.0,0.1,85.2
1747228450502,4.9,0.0,9.1,0.0,0.0,0.3,85.7
1747228452514,5.1,0.0,9.2,0.0,0.0,0.1,85.5
1747228454524,7.1,0.0,10.3,0.0,0.0,0.1,82.5
1747228456536,7.4,0.0,11.9,0.0,0.0,0.2,80.4
1747228458547,7.3,0.0,11.4,0.0,0.0,0.1,81.2
1747228460558,8.0,0.0,12.2,0.0,0.0,0.1,79.6
1747228462570,7.2,0.0,11.4,0.0,0.0,0.1,81.4
1747228464581,7.2,0.0,10.8,0.0,0.0,0.2,81.9
1747228466592,7.5,0.0,10.3,0.0,0.0,0.2,82.1
1747228468603,7.3,0.0,11.9,0.0,0.0,0.2,80.7
1747228470614,0.0,0.0,0.0,0.0,0.0,0.0,0.0
1747228472625,6.6,0.0,10.6,0.0,0.0,0.0,82.8
1747228474636,6.6,0.0,11.1,0.0,0.0,0.1,82.2
1747228476647,6.6,0.0,10.9,0.0,0.0,0.1,82.4
1747228478658,0.2,0.0,0.2,0.0,0.0,0.0,99.6
1747228480669,5.2,0.0,8.6,0.0,0.0,0.2,86.0
1747228482680,4.9,0.0,8.8,0.0,0.0,0.1,86.2
1747228484691,5.3,0.0,8.5,0.0,0.0,0.1,86.0
1747228486701,0.1,0.0,0.2,0.0,0.0,0.0,99.7
1747228488712,5.2,0.0,9.0,0.0,0.0,0.1,85.7
1747228490723,5.4,0.0,8.8,0.0,0.0,0.2,85.5
1747228492733,4.8,0.0,10.1,0.0,0.0,0.1,85.0
1747228494742,0.1,0.0,0.2,0.0,0.0,0.0,99.7
1747228496753,5.5,0.0,9.7,0.0,0.0,0.1,84.7
1747228498764,5.5,0.0,10.3,0.0,0.0,0.0,84.1
1747228500773,4.8,0.0,9.5,0.0,0.0,0.2,85.5
1747228502788,5.9,0.0,9.4,0.0,0.0,0.2,84.6
1747228504797,5.6,0.0,10.1,0.0,0.0,0.3,84.1
1747228506806,5.0,0.0,9.4,0.0,0.0,0.0,85.6
1747228508823,4.6,0.0,9.7,0.0,0.0,0.0,85.6
1747228510834,5.4,0.0,9.0,0.0,0.0,0.1,85.5
1747228512847,5.0,0.0,9.5,0.0,0.0,0.1,85.4
1747228514859,5.5,0.0,9.8,0.0,0.0,0.2,84.5
1747228516870,5.8,0.0,9.9,0.0,0.0,0.2,84.2
1747228518882,5.5,0.0,10.3,0.0,0.0,0.1,84.1
1747228520893,5.1,0.0,9.2,0.0,0.0,0.2,85.5
1747228522904,5.1,0.0,9.9,0.0,0.0,0.1,84.8
1747228524915,5.7,0.0,9.2,0.0,0.0,0.0,85.1
1747228526926,5.6,0.0,9.4,0.0,0.0,0.2,84.8
1747228528938,5.0,0.0,9.4,0.0,0.0,0.1,85.5
1747228530949,5.2,0.0,10.1,0.0,0.0,0.1,84.7
1747228532961,5.3,0.0,9.4,0.0,0.0,0.2,85.2
1747228534972,5.5,0.0,9.4,0.0,0.0,0.3,84.8
1747228536982,5.5,0.0,9.2,0.0,0.0,0.1,85.2
1747228538994,5.7,0.0,9.2,0.0,0.0,0.2,85.0
1747228541004,5.4,0.0,9.5,0.0,0.0,0.2,84.9
1747228543016,5.9,0.0,10.6,0.0,0.0,0.1,83.4
1747228545028,5.2,0.0,9.5,0.0,0.0,0.2,85.1
1747228547039,5.2,0.0,9.5,0.0,0.0,0.2,85.1
1747228549051,5.3,0.0,9.3,0.0,0.0,0.1,85.3
1747228551061,5.4,0.0,9.5,0.0,0.0,0.3,84.8
1747228553073,4.8,0.0,9.7,0.0,0.0,0.1,85.4
1747228555084,5.4,0.0,9.2,0.0,0.0,0.2,85.2
1747228557094,5.3,0.0,8.8,0.0,0.0,0.3,85.5
1747228559105,4.8,0.0,9.9,0.0,0.0,0.2,85.1
1747228561117,5.3,0.0,8.8,0.0,0.0,0.1,85.8
1747228563127,4.9,0.0,9.4,0.0,0.0,0.2,85.5
1747228565139,5.5,0.0,9.8,0.0,0.0,0.3,84.4
1747228567150,6.7,0.0,10.9,0.0,0.0,0.2,82.3
1747228569161,5.2,0.0,10.1,0.0,0.0,0.1,84.5
1747228571170,5.2,0.0,9.4,0.0,0.0,0.2,85.2
1747228573179,5.4,0.0,9.7,0.0,0.0,0.1,84.8
1747228575189,5.7,0.0,9.9,0.0,0.0,0.1,84.2
1747228577199,4.7,0.0,10.0,0.0,0.0,0.3,85.0
1747228579207,5.1,0.0,9.6,0.0,0.0,0.2,85.1
1747228581223,4.4,0.0,9.7,0.0,0.0,0.2,85.7
1747228583245,5.8,0.0,9.6,0.0,0.0,0.2,84.4
1747228585260,5.4,0.0,9.2,0.0,0.0,0.2,85.2
1747228587273,5.4,0.0,9.7,0.0,0.0,0.2,84.8
1747228589285,5.2,0.0,10.4,0.0,0.0,0.2,84.2
1747228591297,6.4,0.0,11.2,0.0,0.0,0.1,82.2
1747228593308,7.1,0.0,12.0,0.0,0.0,0.1,80.9
1747228595320,5.4,0.0,10.0,0.0,0.0,0.1,84.5
1747228597331,5.6,0.0,9.8,0.0,0.0,0.1,84.5
1747228599342,5.8,0.0,9.9,0.0,0.0,0.1,84.2
1747228601354,5.1,0.0,10.2,0.0,0.0,0.1,84.6
1747228603366,5.8,0.0,10.2,0.0,0.0,0.1,83.9
1747228605377,5.2,0.0,10.3,0.0,0.0,0.1,84.3
1747228607388,5.6,0.0,10.2,0.0,0.0,0.0,84.2
1747228609398,5.3,0.0,9.9,0.0,0.0,0.0,84.7
1747228611409,5.7,0.0,9.4,0.0,0.0,0.0,84.8
1747228613419,5.8,0.0,10.1,0.0,0.0,0.0,84.1
1747228615431,5.2,0.0,10.7,0.0,0.0,0.1,84.0
1747228617441,6.4,0.0,10.4,0.0,0.0,0.1,83.1
1747228619452,5.5,0.0,10.8,0.0,0.0,0.1,83.5
1747228621461,5.4,0.0,9.8,0.0,0.0,0.0,84.8
1747228623472,5.3,0.0,10.4,0.0,0.0,0.1,84.1
1747228625483,5.3,0.0,9.5,0.0,0.0,0.2,85.0
1747228627493,5.0,0.0,9.6,0.0,0.0,0.1,85.3
1747228629503,5.2,0.0,10.0,0.0,0.0,0.1,84.7
1747228631511,5.6,0.0,10.0,0.0,0.0,0.1,84.3
1747228633521,5.4,0.0,9.2,0.0,0.0,0.2,85.2
1747228635531,5.0,0.0,9.4,0.0,0.0,0.1,85.5
1747228637542,5.0,0.0,9.4,0.0,0.0,0.1,85.5
1747228639554,5.2,0.0,10.3,0.0,0.0,0.0,84.4
1747228641565,5.9,0.0,9.6,0.0,0.0,0.0,84.4
1747228643576,6.5,0.0,9.8,0.0,0.0,0.1,83.7
1747228645586,6.2,0.0,10.8,0.0,0.0,0.1,82.9
1747228647595,5.2,0.0,10.8,0.0,0.0,0.0,84.0
1747228649604,5.0,0.0,11.1,0.0,0.0,0.1,83.8
1747228651616,5.1,0.0,9.2,0.0,0.0,0.0,85.7
1747228653626,4.7,0.0,9.2,0.0,0.0,0.1,86.1
1747228655638,5.2,0.0,9.6,0.0,0.0,0.1,85.1
1747228657648,5.0,0.0,8.4,0.0,0.0,0.1,86.5
1747228659659,4.8,0.0,9.0,0.0,0.0,0.1,86.1
1747228661672,5.0,0.0,9.0,0.0,0.0,0.1,85.9
1747228663684,5.3,0.0,9.9,0.0,0.0,0.1,84.7
1747228665695,5.1,0.0,9.1,0.0,0.0,0.2,85.6
1747228667706,5.4,0.0,9.9,0.0,0.0,0.1,84.6
1747228669717,5.3,0.0,9.5,0.0,0.0,0.0,85.2
1747228671728,5.9,0.0,12.2,0.0,0.0,0.3,81.5
1747228673739,5.8,0.0,11.1,0.0,0.0,0.1,83.0
1747228675750,5.4,0.0,9.1,0.0,0.0,0.1,85.4
1747228677762,5.9,0.0,9.2,0.0,0.0,0.0,84.8
1747228679772,5.6,0.0,9.9,0.0,0.0,0.2,84.3
1747228681784,5.3,0.0,9.6,0.0,0.0,0.2,84.9
1747228683795,5.6,0.0,9.4,0.0,0.0,0.0,85.0
1747228685806,5.4,0.0,10.1,0.0,0.0,0.2,84.2
1747228687817,5.4,0.0,10.4,0.0,0.0,0.2,84.0
1747228689828,5.2,0.0,9.8,0.0,0.0,0.2,84.8
1747228691839,5.3,0.0,9.6,0.0,0.0,0.1,85.0
1747228693850,4.9,0.0,10.8,0.0,0.0,0.0,84.2
1747228695861,6.4,0.0,9.4,0.0,0.0,0.1,84.1
1747228697872,6.2,0.0,10.0,0.0,0.0,0.1,83.7
1747228699883,6.3,0.0,9.6,0.0,0.0,0.2,83.9
1747228701893,5.3,0.0,9.4,0.0,0.0,0.1,85.1
1747228703903,5.0,0.0,10.2,0.0,0.0,0.0,84.7
1747228705915,5.8,0.0,9.2,0.0,0.0,0.2,84.7
1747228707925,5.8,0.0,9.2,0.0,0.0,0.1,84.8
1747228709937,5.5,0.0,9.4,0.0,0.0,0.1,85.0
1747228711947,5.6,0.0,9.6,0.0,0.0,0.1,84.7
1747228713957,5.7,0.0,9.6,0.0,0.0,0.0,84.6
1747228715967,5.0,0.0,10.7,0.0,0.0,0.2,84.1
1747228717977,5.2,0.0,10.4,0.0,0.0,0.1,84.3
1747228719986,6.0,0.0,9.8,0.0,0.0,0.1,84.1
1747228721997,5.4,0.0,10.2,0.0,0.0,0.0,84.4
1747228724006,5.4,0.0,10.8,0.0,0.0,0.1,83.7
1747228726017,6.0,0.0,11.1,0.0,0.0,0.2,82.7
1747228728029,5.2,0.0,10.4,0.0,0.0,0.1,84.2
1747228730038,5.2,0.0,9.8,0.0,0.0,0.3,84.7
1747228732048,5.5,0.0,9.5,0.0,0.0,0.1,84.8
1747228734059,5.6,0.0,9.5,0.0,0.0,0.2,84.7
1747228736069,5.7,0.0,10.5,0.0,0.0,0.3,83.4
1747228738084,4.8,0.0,9.8,0.0,0.0,0.0,85.3
1747228740110,5.5,0.0,9.5,0.0,0.0,0.2,84.8
1747228742120,5.1,0.0,10.8,0.0,0.0,0.1,84.0
1747228744132,5.5,0.0,11.6,0.0,0.0,0.1,82.8
1747228746145,5.9,0.0,9.6,0.0,0.0,0.1,84.4
1747228748156,5.7,0.0,10.4,0.0,0.0,0.1,83.9
1747228750168,5.5,0.0,11.1,0.0,0.0,0.1,83.4
1747228752180,6.4,0.0,10.7,0.0,0.0,0.1,82.8
1747228754190,6.4,0.0,10.4,0.0,0.0,0.1,83.1
1747228756201,6.3,0.0,10.8,0.0,0.0,0.0,82.8
1747228758212,5.3,0.0,10.7,0.0,0.0,0.1,83.9
1747228760222,5.9,0.0,9.9,0.0,0.0,0.2,84.1
1747228762233,5.6,0.0,9.9,0.0,0.0,0.1,84.5
1747228764243,5.3,0.0,10.1,0.0,0.0,0.1,84.5
1747228766254,5.7,0.0,9.6,0.0,0.0,0.1,84.6
1747228768265,5.6,0.0,9.9,0.0,0.0,0.1,84.3
1747228770277,5.7,0.0,9.6,0.0,0.0,0.1,84.6
1747228772289,5.6,0.0,9.1,0.0,0.0,0.0,85.2
1747228774300,5.4,0.0,9.9,0.0,0.0,0.1,84.6
1747228776310,6.0,0.0,9.8,0.0,0.0,0.1,84.1
1747228778319,5.8,0.0,9.9,0.0,0.0,0.1,84.1
1747228780330,6.0,0.0,10.0,0.0,0.0,0.2,83.8
1747228782341,6.0,0.0,9.9,0.0,0.0,0.1,84.0
1747228784350,5.8,0.0,10.2,0.0,0.0,0.2,83.9
1747228786360,5.4,0.0,9.6,0.0,0.0,0.1,84.8
1747228788369,5.5,0.0,10.2,0.0,0.0,0.1,84.1
1747228790378,5.2,0.0,10.8,0.0,0.0,0.2,83.9
1747228792388,5.5,0.0,10.6,0.0,0.0,0.2,83.7
1747228794399,6.0,0.0,9.8,0.0,0.0,0.1,84.2
1747228796410,5.5,0.0,10.0,0.0,0.0,0.2,84.2
1747228798420,5.3,0.0,10.2,0.0,0.0,0.1,84.3
1747228800431,5.8,0.0,10.7,0.0,0.0,0.2,83.3
1747228802444,5.4,0.0,11.0,0.0,0.0,0.1,83.5
1747228804453,5.8,0.0,10.3,0.0,0.0,0.1,83.8
1747228806470,5.8,0.0,10.7,0.0,0.0,0.1,83.5
1747228808488,6.0,0.0,11.7,0.0,0.0,0.0,82.4
1747228810506,6.8,0.0,9.4,0.0,0.0,0.2,83.6
1747228812524,7.4,0.0,12.3,0.0,0.0,0.2,80.2
1747228814539,7.7,0.0,11.5,0.0,0.0,0.1,80.7
1747228816551,8.2,0.0,11.6,0.0,0.0,0.1,80.1
1747228818563,0.0,0.0,0.0,0.0,0.0,0.0,0.0
1747228820573,7.6,0.0,11.6,0.0,0.0,0.0,80.8
1747228822584,7.5,0.0,11.7,0.0,0.0,0.1,80.7
1747228824595,8.1,0.0,11.8,0.0,0.0,0.2,80.0
1747228826606,7.6,0.0,11.8,0.0,0.0,0.2,80.4
1747228828617,7.2,0.0,11.5,0.0,0.0,0.1,81.2
1747228830629,7.4,0.0,11.2,0.0,0.0,0.2,81.2
1747228832641,6.7,0.0,12.0,0.0,0.0,0.2,81.0
1747228834652,7.7,0.0,11.9,0.0,0.0,0.1,80.4
1747228836664,5.5,0.0,9.1,0.0,0.0,0.2,85.2
1747228838675,5.7,0.0,9.1,0.0,0.0,0.2,84.9
1747228840686,5.1,0.0,9.8,0.0,0.0,0.1,85.0
1747228842698,6.2,0.0,9.1,0.0,0.0,0.1,84.6
1747228844709,5.6,0.0,10.1,0.0,0.0,0.0,84.2
1747228846719,5.3,0.0,10.1,0.0,0.0,0.1,84.5
1747228848730,5.7,0.0,10.1,0.0,0.0,0.2,84.0
1747228850740,5.7,0.0,10.7,0.0,0.0,0.4,83.2
1747228852750,0.1,0.0,0.2,0.0,0.0,0.0,99.6
1747228854761,5.8,0.0,11.0,0.0,0.0,0.2,82.9
1747228856773,5.8,0.0,10.2,0.0,0.0,0.1,83.9
1747228858784,6.5,0.0,10.6,0.0,0.0,0.1,82.8
1747228860795,0.0,0.0,0.0,0.0,0.0,0.0,0.0
1747228862805,8.2,0.0,13.4,0.0,0.0,0.1,78.3
1747228864817,7.8,0.0,13.0,0.0,0.0,0.4,78.8
1747228866829,7.6,0.0,12.2,0.0,0.0,0.1,80.1
1747228868840,7.4,0.0,12.3,0.0,0.0,0.1,80.3
1747228870852,7.6,0.0,10.9,0.0,0.0,0.2,81.3
1747228872864,7.6,0.0,11.0,0.0,0.0,0.1,81.3
1747228874878,7.1,0.0,11.7,0.0,0.0,0.1,81.2
1747228876897,7.7,0.0,11.6,0.0,0.0,0.1,80.7
1747228878912,6.8,0.0,10.8,0.0,0.0,0.2,82.2
1747228880925,7.0,0.0,11.1,0.0,0.0,0.2,81.8
1747228882940,7.5,0.0,10.4,0.0,0.0,0.1,82.0
1747228884957,7.5,0.0,11.4,0.0,0.0,0.2,80.8
1747228886972,5.8,0.0,9.0,0.0,0.0,0.2,84.9
1747228888984,5.9,0.0,9.2,0.0,0.0,0.2,84.7
1747228890997,5.8,0.0,9.3,0.0,0.0,0.2,84.7
1747228893009,5.6,0.0,10.4,0.0,0.0,0.2,83.9
1747228895020,6.8,0.0,9.5,0.0,0.0,0.3,83.3
1747228897031,5.5,0.0,10.7,0.0,0.0,0.4,83.4
1747228899043,5.9,0.0,10.9,0.0,0.0,0.0,83.2
1747228901054,6.1,0.0,10.8,0.0,0.0,0.1,83.0
1747228903065,6.8,0.0,9.3,0.0,0.0,0.1,83.9
1747228905076,7.4,0.0,13.9,0.0,0.0,0.1,78.6
1747228907087,7.9,0.0,12.4,0.0,0.0,0.1,79.7
1747228909099,8.0,0.0,12.5,0.0,0.0,0.1,79.4
1747228911110,0.0,0.0,0.0,0.0,0.0,0.0,0.0
1747228913120,7.2,0.0,12.3,0.0,0.0,0.1,80.4
1747228915131,8.1,0.0,12.0,0.0,0.0,0.2,79.8
1747228917143,7.4,0.0,12.5,0.0,0.0,0.1,80.0
1747228919154,7.5,0.0,12.1,0.0,0.0,0.1,80.2
1747228921167,5.6,0.0,9.0,0.0,0.0,0.1,85.2
1747228923179,5.7,0.0,9.4,0.0,0.0,0.0,84.8
1747228925190,5.5,0.0,9.7,0.0,0.0,0.1,84.7
1747228927201,5.9,0.0,9.6,0.0,0.0,0.1,84.4
1747228929213,5.7,0.0,10.1,0.0,0.0,0.3,84.0
1747228931225,6.2,0.0,9.9,0.0,0.0,0.1,83.8
1747228933237,5.7,0.0,10.1,0.0,0.0,0.1,84.1
1747228935248,5.6,0.0,11.2,0.0,0.0,0.2,83.0
1747228937258,5.5,0.0,10.7,0.0,0.0,0.1,83.6
1747228939268,5.8,0.0,9.9,0.6,0.0,0.1,83.7
1747228941276,5.3,0.0,10.7,1.3,0.0,0.1,82.6
1747228943284,6.4,0.0,9.6,0.0,0.0,0.0,84.0
1747228945296,5.6,0.0,10.1,0.0,0.0,0.3,84.1
1747228947306,5.6,0.0,10.2,3.1,0.0,0.1,81.0
1747228949315,5.2,0.0,10.0,0.0,0.0,0.1,84.7
1747228951329,5.9,0.0,10.7,0.0,0.0,0.1,83.4
1747228953340,5.4,0.0,10.6,0.0,0.0,0.2,83.9
1747228955355,5.0,0.0,10.3,0.0,0.0,0.2,84.5
1747228957368,5.7,0.0,10.5,0.0,0.0,0.1,83.7
1747228959380,7.0,0.0,10.6,0.0,0.0,0.2,82.2
1747228961391,6.0,0.0,9.7,0.0,0.0,0.1,84.3
1747228963402,5.6,0.0,10.0,0.0,0.0,0.2,84.1
1747228965413,5.8,0.0,9.9,0.0,0.0,0.3,84.0
1747228967422,5.5,0.0,10.9,0.0,0.0,0.2,83.4
1747228969434,5.7,0.0,10.0,0.0,0.0,0.2,84.0
1747228971447,5.7,0.0,9.7,0.0,0.0,0.2,84.3
1747228973457,5.7,0.0,9.9,0.0,0.0,0.0,84.3
1747228975468,5.9,0.0,10.5,0.0,0.0,0.4,83.2
1747228977478,5.5,0.0,9.9,0.0,0.0,0.2,84.4
1747228979489,5.6,0.0,10.3,0.0,0.0,0.2,84.0
1747228981500,5.5,0.0,10.3,0.0,0.0,0.1,84.0
1747228983511,6.2,0.0,11.3,0.0,0.0,0.2,82.2
1747228985522,6.3,0.0,9.7,0.0,0.0,0.3,83.7
1747228987533,5.8,0.0,10.3,0.0,0.0,0.2,83.7
1747228989544,5.5,0.0,9.7,0.0,0.0,0.1,84.6
1747228991554,5.8,0.0,10.7,0.0,0.0,0.2,83.4
1747228993565,5.6,0.0,10.1,0.0,0.0,0.2,84.1
1747228995576,5.2,0.0,11.0,0.0,0.0,0.2,83.5
1747228997585,5.3,0.0,10.8,0.0,0.0,0.2,83.6
1747228999595,5.6,0.0,10.6,0.0,0.0,0.1,83.7
1747229001605,5.9,0.0,10.0,0.0,0.0,0.1,84.0
1747229003615,5.2,0.0,10.2,0.0,0.0,0.1,84.5
1747229005626,5.5,0.0,9.9,0.0,0.0,0.2,84.4
1747229007637,6.2,0.0,10.2,0.0,0.0,0.1,83.4
1747229009648,6.3,0.0,10.7,0.0,0.0,0.2,82.8
1747229011659,7.2,0.0,11.6,0.0,0.0,0.0,81.2
1747229013670,5.8,0.0,9.9,0.0,0.0,0.2,84.1
1747229015681,5.3,0.0,11.4,0.0,0.0,0.2,83.0
1747229017691,6.0,0.0,9.5,0.0,0.0,0.1,84.3
1747229019702,5.9,0.0,9.9,0.0,0.0,0.1,84.2
1747229021711,5.4,0.0,10.2,0.0,0.0,0.2,84.2
1747229023723,5.1,0.0,10.7,0.0,0.0,0.2,84.0
1747229025734,5.1,0.0,10.1,0.0,0.0,0.2,84.5
1747229027748,5.5,0.0,9.3,0.0,0.0,0.2,84.9
1747229029758,5.4,0.0,9.2,0.0,0.0,0.1,85.3
1747229031767,5.5,0.0,10.1,0.0,0.0,0.0,84.3
1747229033777,5.6,0.0,9.9,0.0,0.0,0.1,84.4
1747229035786,5.8,0.0,9.2,0.0,0.0,0.1,84.8
1747229037796,5.9,0.0,9.6,0.0,0.0,0.0,84.5
1747229039807,7.2,0.0,10.6,0.0,0.0,0.1,82.2
1747229041817,6.9,0.0,10.3,0.0,0.0,0.0,82.8
1747229043824,5.8,0.0,10.7,0.0,0.0,0.1,83.4
1747229045833,5.6,0.0,9.7,0.0,0.0,0.1,84.6
1747229047846,5.7,0.0,10.8,0.0,0.0,0.4,83.1
1747229049856,6.6,0.0,10.4,0.0,0.0,0.2,82.7
1747229051868,5.3,0.0,10.7,0.0,0.0,0.1,83.8
1747229053879,5.5,0.0,10.3,0.0,0.0,0.3,83.9
1747229055889,5.6,0.0,11.1,0.0,0.0,0.1,83.2
1747229057900,6.4,0.0,10.0,0.0,0.0,0.1,83.5
1747229059911,5.6,0.0,10.1,0.0,0.0,0.2,84.2
1747229061922,5.4,0.0,10.4,0.0,0.0,0.2,84.0
1747229063931,5.8,0.0,10.9,0.0,0.0,0.2,83.1
1747229065942,6.9,0.0,10.4,0.0,0.0,0.1,82.6
1747229067953,6.3,0.0,11.7,0.0,0.0,0.0,82.0
1747229069963,5.5,0.0,9.9,0.0,0.0,0.2,84.4
1747229071974,5.7,0.0,10.2,0.0,0.0,0.1,84.0
1747229073984,6.5,0.0,9.7,0.0,0.0,0.2,83.7
1747229075993,5.6,0.0,10.4,0.0,0.0,0.2,83.8
1747229078005,5.3,0.0,11.8,0.0,0.0,0.2,82.6
1747229080016,5.5,0.0,11.0,0.0,0.0,0.0,83.5
1747229082029,6.7,0.0,9.8,0.0,0.0,0.2,83.3
1747229084040,5.6,0.0,10.2,0.0,0.0,0.1,84.1
1747229086052,5.5,0.0,10.0,0.0,0.0,0.2,84.3
1747229088063,5.9,0.0,10.9,0.0,0.0,0.2,83.0
1747229090073,7.3,0.0,11.9,0.0,0.0,0.1,80.7
1747229092084,6.0,0.0,10.5,0.0,0.0,0.0,83.4
1747229094094,6.5,0.0,10.3,0.0,0.0,0.1,83.1
1747229096102,5.8,0.0,10.1,0.0,0.0,0.2,83.9
1747229098111,6.2,0.0,10.4,0.0,0.0,0.1,83.3
1747229100120,5.4,0.0,9.7,0.2,0.0,0.2,84.6
1747229102131,5.4,0.0,9.9,0.0,0.0,0.0,84.7
1747229104146,5.4,0.0,10.2,0.0,0.0,0.1,84.3
1747229106157,6.1,0.0,10.5,0.0,0.0,0.1,83.3
1747229108167,5.8,0.0,10.8,0.0,0.0,0.0,83.4
1747229110178,5.7,0.0,10.5,0.0,0.0,0.1,83.7
1747229112189,5.4,0.0,10.5,0.0,0.0,0.1,84.0
1747229114200,7.8,0.0,11.0,0.0,0.0,0.2,81.0
1747229116211,6.5,0.0,10.0,0.0,0.0,0.2,83.4
1747229118222,6.4,0.0,11.0,0.0,0.0,0.1,82.6
1747229120232,6.1,0.0,10.2,0.0,0.0,0.1,83.6
1747229122243,6.8,0.0,10.1,0.0,0.0,0.2,82.9
1747229124253,6.1,0.0,9.8,0.0,0.0,0.1,84.0
1747229126264,5.9,0.0,9.8,0.0,0.0,0.5,83.8
1747229128274,5.4,0.0,10.5,0.0,0.0,0.1,84.0
1747229130285,7.1,0.0,10.3,0.0,0.0,0.2,82.4
1747229132296,5.7,0.0,10.4,0.0,0.0,0.1,83.8
1747229134307,5.5,0.0,11.2,0.0,0.0,0.0,83.2
1747229136318,5.5,0.0,11.4,0.0,0.0,0.2,82.9
1747229138329,6.8,0.0,11.2,0.0,0.0,0.0,81.9
1747229140338,6.8,0.0,12.2,0.0,0.0,0.1,80.9
1747229142348,6.2,0.0,10.9,0.0,0.0,0.0,82.8
1747229144359,6.2,0.0,10.1,0.0,0.0,0.2,83.6
1747229146368,6.3,0.0,10.7,0.0,0.0,0.1,82.8
1747229148379,5.5,0.0,11.2,0.0,0.0,0.1,83.2
1747229150387,6.0,0.0,9.9,0.0,0.0,0.3,83.7
1747229152396,5.6,0.0,10.3,0.0,0.0,0.2,83.9
1747229154407,0.0,0.0,0.0,0.0,0.0,0.0,0.0
1747229156416,8.5,0.0,13.6,0.0,0.0,0.1,77.8
1747229158439,7.6,0.0,12.6,0.0,0.0,0.0,79.8
1747229160459,8.3,0.0,12.5,0.0,0.0,0.2,78.9
1747229162471,8.6,0.0,13.2,0.0,0.0,0.0,78.1
1747229164484,7.9,0.0,11.5,0.0,0.0,0.2,80.4
1747229166498,7.8,0.0,12.2,0.0,0.0,0.1,79.8
1747229168511,8.2,0.0,11.9,0.0,0.0,0.0,79.8
1747229170525,8.9,0.0,12.7,0.0,0.0,0.1,78.3
1747229172537,8.3,0.0,11.1,0.0,0.0,0.2,80.4
1747229174549,7.2,0.0,11.7,0.0,0.0,0.2,80.9
1747229176561,7.4,0.0,12.1,0.0,0.0,0.1,80.4
1747229178572,8.1,0.0,11.9,0.0,0.0,0.1,80.0
1747229180583,0.0,0.0,0.0,0.0,0.0,0.0,100.0
1747229182594,6.0,0.0,9.2,0.0,0.0,0.1,84.7
1747229184605,6.0,0.0,9.5,0.0,0.0,0.1,84.4
1747229186616,5.8,0.0,9.7,0.0,0.0,0.1,84.4
1747229188627,0.2,0.0,0.3,0.0,0.0,0.0,99.5
1747229190638,5.9,0.0,9.8,0.0,0.0,0.2,84.1
1747229192649,5.5,0.0,10.5,0.0,0.0,0.1,83.8
1747229194660,6.0,0.0,10.5,0.0,0.0,0.2,83.4
1747229196671,0.1,0.0,0.2,0.0,0.0,0.0,99.6
1747229198681,6.0,0.0,10.4,0.0,0.0,0.1,83.4
1747229200693,6.5,0.0,10.5,0.0,0.0,0.2,82.8
1747229202703,5.8,0.0,11.5,0.0,0.0,0.1,82.6
1747229204713,6.0,0.0,11.2,0.0,0.0,0.2,82.5
1747229206724,5.8,0.0,12.3,0.0,0.0,0.1,81.8
1747229208733,5.8,0.0,11.7,0.0,0.0,0.2,82.3
1747229210744,6.2,0.0,11.2,0.0,0.0,0.2,82.5
1747229212754,6.0,0.0,11.1,0.0,0.0,0.0,82.9
1747229214765,6.4,0.0,11.0,0.0,0.0,0.1,82.5
1747229216776,6.6,0.0,11.1,0.0,0.0,0.1,82.2
1747229218788,7.0,0.0,10.8,0.0,0.0,0.1,82.1
1747229220799,6.4,0.0,10.8,0.0,0.0,0.2,82.6
1747229222810,6.4,0.0,11.1,0.0,0.0,0.1,82.3
1747229224821,6.5,0.0,11.6,0.0,0.0,0.0,81.9
1747229226832,6.6,0.0,10.6,0.0,0.0,0.1,82.7
1747229228842,6.4,0.0,10.4,0.0,0.0,0.2,82.9
1747229230856,5.9,0.0,11.9,0.0,0.0,0.2,82.0
1747229232867,6.1,0.0,12.0,0.0,0.0,0.1,81.7
1747229234878,7.2,0.0,10.2,0.0,0.0,0.1,82.5
1747229236890,6.3,0.0,11.6,0.0,0.0,0.2,81.8
1747229238901,6.1,0.0,11.3,0.0,0.0,0.2,82.3
1747229240911,5.5,0.0,11.7,0.0,0.0,0.2,82.6
1747229242922,7.1,0.0,11.1,0.0,0.0,0.1,81.8
1747229244935,6.4,0.0,11.9,0.0,0.0,0.1,81.7
1747229246949,7.1,0.0,11.4,0.0,0.0,0.1,81.3
1747229248977,6.8,0.0,10.5,0.0,0.0,0.1,82.7
1747229250985,6.5,0.0,11.1,0.0,0.0,0.3,82.2
1747229252995,6.3,0.0,11.0,0.0,0.0,0.1,82.6
1747229255007,6.2,0.0,11.4,0.0,0.0,0.1,82.4
1747229257019,6.1,0.0,11.8,0.0,0.0,0.1,82.0
1747229259030,6.2,0.0,11.5,0.0,0.0,0.1,82.2
1747229261042,6.1,0.0,11.5,0.0,0.0,0.3,82.1
1747229263053,6.0,0.0,11.5,0.0,0.0,0.1,82.4
1747229265065,6.0,0.0,12.0,0.0,0.0,0.2,81.8
1747229267077,6.9,0.0,11.7,0.0,0.0,0.2,81.2
1747229269088,7.5,0.0,12.2,0.0,0.0,0.1,80.2
1747229271100,9.3,0.0,13.6,0.0,0.0,0.2,76.8
1747229273111,9.0,0.0,14.1,0.0,0.0,0.1,76.8
1747229275123,9.0,0.0,14.3,0.0,0.0,0.2,76.4
1747229277134,9.9,0.0,14.8,0.0,0.0,0.1,75.1
1747229279145,7.9,0.0,11.1,0.0,0.0,0.1,81.0
1747229281153,8.6,0.0,14.0,0.0,0.0,0.3,77.1
1747229283165,8.6,0.0,13.8,0.0,0.0,0.0,77.6
1747229285176,8.9,0.0,14.5,0.0,0.0,0.2,76.3
1747229287187,0.0,0.0,0.0,0.0,0.0,0.0,0.0
1747229289199,8.9,0.0,12.6,0.0,0.0,0.1,78.4
1747229291210,8.7,0.0,12.8,0.0,0.0,0.2,78.3
1747229293222,8.2,0.0,12.1,0.0,0.0,0.0,79.6
1747229295235,0.1,0.0,0.1,0.0,0.0,0.0,99.8
1747229297246,5.9,0.0,9.5,0.0,0.0,0.1,84.5
1747229299254,5.9,0.0,9.8,0.0,0.0,0.1,84.3
1747229301264,5.7,0.0,10.1,0.0,0.0,0.2,83.9
1747229303272,0.1,0.0,0.2,0.0,0.0,0.0,99.7
1747229305280,6.1,0.0,10.8,0.0,0.0,0.3,82.7
1747229307288,6.4,0.0,10.5,0.0,0.0,0.1,83.0
1747229309299,6.0,0.0,11.0,0.0,0.0,0.1,83.0
1747229311312,5.2,0.0,10.6,0.0,0.0,0.3,83.9
1747229313322,5.6,0.0,11.4,0.0,0.0,0.2,82.8
1747229315333,6.0,0.0,11.3,0.0,0.0,0.3,82.3
1747229317344,6.6,0.0,10.9,0.0,0.0,0.1,82.4
1747229319354,6.1,0.0,11.2,0.0,0.0,0.1,82.6
1747229321365,5.7,0.0,11.2,0.0,0.0,0.2,82.9
1747229323374,6.1,0.0,10.7,0.0,0.0,0.0,83.2
1747229325384,6.2,0.0,10.4,0.0,0.0,0.2,83.1
1747229327395,6.3,0.0,11.8,0.0,0.0,0.0,81.9
1747229329406,6.3,0.0,10.8,0.0,0.0,0.1,82.9
1747229331416,5.7,0.0,11.3,0.0,0.0,0.3,82.7
1747229333426,6.3,0.0,10.7,0.0,0.0,0.1,82.9
1747229335436,6.3,0.0,11.0,0.0,0.0,0.1,82.6
1747229337447,6.5,0.0,10.6,0.0,0.0,0.1,82.8
1747229339457,6.0,0.0,11.6,0.0,0.0,0.1,82.3
1747229341468,5.9,0.0,11.6,0.0,0.0,0.1,82.4
1747229343477,6.3,0.0,11.2,0.0,0.0,0.2,82.3
1747229345486,6.9,0.0,10.5,0.0,0.0,0.0,82.5
1747229347495,6.3,0.0,10.9,0.0,0.0,0.1,82.7
1747229349503,6.1,0.0,11.1,0.0,0.0,0.2,82.5
1747229351512,6.5,0.0,11.0,0.0,0.0,0.4,82.1
1747229353522,10.1,0.0,13.0,0.0,0.0,0.0,76.8
1747229355537,8.5,0.0,13.3,0.0,0.0,0.2,77.9
1747229357548,8.6,0.0,13.1,0.0,0.0,0.2,78.0
1747229359565,8.5,0.0,13.1,0.0,0.0,0.0,78.4
1747229361577,0.0,0.0,0.0,0.0,0.0,0.0,0.0
1747229363592,8.2,0.0,12.1,0.0,0.0,0.1,79.6
1747229365607,8.1,0.0,12.3,0.0,0.0,0.2,79.4
1747229367622,8.4,0.0,11.8,0.0,0.0,0.1,79.7
1747229369638,7.8,0.0,13.1,0.0,0.0,0.0,79.1
1747229371659,6.8,0.0,8.9,0.0,0.0,0.1,84.1
1747229373667,6.4,0.0,10.0,0.0,0.0,0.2,83.5
1747229375674,6.4,0.0,9.5,0.0,0.0,0.0,84.1
1747229377683,6.7,0.0,10.1,0.0,0.0,0.1,83.0
1747229379697,6.7,0.0,10.4,0.0,0.0,0.2,82.7
1747229381706,6.7,0.0,10.6,0.0,0.0,0.1,82.6
1747229383716,6.9,0.0,9.8,0.0,0.0,0.2,83.2
1747229385725,6.8,0.0,11.7,0.0,0.0,0.2,81.2
1747229387737,6.8,0.0,10.2,0.0,0.0,0.0,83.0
1747229389746,6.5,0.0,11.6,0.0,0.0,0.1,81.8
1747229391756,7.1,0.0,10.8,0.0,0.0,0.1,81.9
1747229393768,6.9,0.0,11.5,0.0,0.0,0.1,81.5
1747229395779,5.9,0.0,11.1,0.0,0.0,0.1,82.9
1747229397790,7.0,0.0,10.7,0.0,0.0,0.2,82.1
1747229399801,6.4,0.0,11.6,0.0,0.0,0.1,81.8
1747229401812,7.1,0.0,11.8,0.0,0.0,0.2,80.9
1747229403823,6.2,0.0,11.8,0.0,0.0,0.2,81.8
1747229405834,6.8,0.0,12.2,0.0,0.0,0.1,80.9
1747229407844,6.7,0.0,11.8,0.0,0.0,0.2,81.4
1747229409855,6.2,0.0,12.7,0.0,0.0,0.1,81.0
1747229411865,6.6,0.0,11.4,0.0,0.0,0.2,81.8
1747229413875,6.3,0.0,12.5,0.0,0.0,0.2,81.0
1747229415885,6.5,0.0,12.2,0.0,0.0,0.1,81.2
1747229417894,6.5,0.0,12.1,0.0,0.0,0.2,81.2
1747229419903,6.0,0.0,12.2,0.0,0.0,0.2,81.6
1747229421913,6.6,0.0,12.6,0.0,0.0,0.1,80.6
1747229423926,5.8,0.0,12.8,0.0,0.0,0.2,81.3
1747229425936,6.4,0.0,12.8,0.0,0.0,0.2,80.6
1747229427946,6.7,0.0,12.0,0.0,0.0,0.3,80.9
1747229429956,6.5,0.0,11.5,0.0,0.0,0.1,81.9
1747229431966,5.6,0.0,12.5,0.0,0.0,0.1,81.8
1747229433976,7.3,0.0,11.2,0.0,0.0,0.1,81.5
1747229435986,7.0,0.0,10.7,0.0,0.0,0.1,82.1
1747229437996,5.8,0.0,10.9,0.0,0.0,0.0,83.2
1747229440003,6.3,0.0,11.4,0.0,0.0,0.0,82.3
1747229442012,6.7,0.0,11.2,0.0,0.0,0.1,82.0
1747229444022,8.3,0.0,11.8,0.0,0.0,0.3,79.6
1747229446044,7.6,0.0,14.1,0.0,0.0,0.1,78.3
1747229448068,8.3,0.0,12.7,0.0,0.0,0.1,78.9
1747229450081,9.1,0.0,12.7,0.0,0.0,0.1,78.1
1747229452093,0.0,0.0,0.0,0.0,0.0,0.0,0.0
1747229454108,8.3,0.0,12.8,0.0,0.0,0.1,78.8
1747229456120,8.9,0.0,13.3,0.0,0.0,0.1,77.6
1747229458131,8.9,0.0,13.4,0.0,0.0,0.1,77.6
1747229460142,8.9,0.0,13.5,0.0,0.0,0.1,77.4
1747229462154,8.0,0.0,11.2,0.0,0.0,0.1,80.7
1747229464163,8.2,0.0,13.0,0.0,0.0,0.2,78.6
1747229466174,8.7,0.0,12.2,0.0,0.0,0.1,79.0
1747229468184,8.4,0.0,13.8,0.0,0.0,0.1,77.6
1747229470195,6.6,0.0,9.8,0.0,0.0,0.1,83.5
1747229472205,6.2,0.0,9.7,0.0,0.0,0.1,84.0
1747229474216,6.1,0.0,9.7,0.0,0.0,0.1,84.0
1747229476227,5.8,0.0,10.3,0.0,0.0,0.0,83.8
1747229478236,7.0,0.0,10.1,0.0,0.0,0.1,82.9
1747229480246,6.1,0.0,10.6,0.0,0.0,0.1,83.2
1747229482257,6.2,0.0,10.7,0.0,0.0,0.1,83.0
1747229484269,6.8,0.0,11.0,0.0,0.0,0.2,82.0
1747229486279,7.8,0.0,11.1,0.0,0.0,0.1,81.0
1747229488290,7.0,0.0,11.1,0.0,0.0,0.0,81.9
1747229490299,7.4,0.0,12.2,0.0,0.0,0.1,80.3
1747229492309,7.1,0.0,12.4,0.0,0.0,0.0,80.4
1747229494320,0.2,0.0,0.3,0.0,0.0,0.0,99.6
1747229496331,6.9,0.0,11.5,0.0,0.0,0.1,81.5
1747229498340,6.3,0.0,12.8,0.0,0.0,0.1,80.8
1747229500349,6.6,0.0,12.0,0.0,0.0,0.0,81.3
1747229502359,7.5,0.0,11.9,0.0,0.0,0.1,80.5
1747229504369,7.0,0.0,11.9,0.0,0.0,0.1,80.9
1747229506379,6.7,0.0,12.1,0.0,0.0,0.1,81.1
1747229508387,6.8,0.0,12.4,0.0,0.0,0.1,80.7
1747229510396,7.1,0.0,11.8,0.0,0.0,0.0,81.0
1747229512406,6.2,0.0,12.2,0.0,0.0,0.0,81.5
1747229514422,6.2,0.0,12.1,0.0,0.0,0.1,81.6
1747229516434,7.4,0.0,12.0,0.0,0.0,0.1,80.5
1747229518446,7.7,0.0,11.7,0.0,0.0,0.0,80.5
1747229520457,6.3,0.0,11.6,0.0,0.0,0.1,82.0
1747229522468,6.3,0.0,11.6,0.0,0.0,0.1,82.0
1747229524479,6.9,0.0,11.7,0.0,0.0,0.1,81.2
1747229526489,7.3,0.0,11.7,0.0,0.0,0.2,80.8
1747229528501,6.7,0.0,12.4,0.0,0.0,0.0,80.9
1747229530511,6.1,0.0,13.7,0.0,0.0,0.1,80.1
1747229532522,7.0,0.0,12.6,0.0,0.0,0.0,80.4
1747229534533,7.2,0.0,12.0,0.0,0.0,0.0,80.8
1747229536543,6.6,0.0,12.2,0.0,0.0,0.2,81.0
1747229538554,6.8,0.0,12.5,0.0,0.0,0.1,80.6
1747229540564,6.7,0.0,12.9,0.0,0.0,0.0,80.4
1747229542574,7.5,0.0,11.3,0.0,0.0,0.0,81.1
1747229544582,6.3,0.0,12.2,0.0,0.0,0.1,81.3
1747229546593,6.7,0.0,11.3,0.0,0.0,0.2,81.8
1747229548603,6.7,0.0,11.7,0.0,0.0,0.1,81.5
1747229550613,6.7,0.0,11.2,0.0,0.0,0.0,82.0
1747229552624,6.1,0.0,11.5,0.0,0.0,0.1,82.3
1747229554633,6.2,0.0,12.2,0.0,0.0,0.0,81.6
1747229556644,6.2,0.0,12.0,0.0,0.0,0.1,81.7
1747229558659,6.0,0.0,11.6,0.0,0.0,0.1,82.3
1747229560671,6.3,0.0,12.1,0.0,0.0,0.0,81.7
1747229562681,7.2,0.0,11.8,0.0,0.0,0.1,80.8
1747229564692,7.5,0.0,11.8,0.0,0.0,0.0,80.7
1747229566703,8.6,0.0,13.0,0.0,0.0,0.1,78.3
1747229568714,6.2,0.0,11.1,0.0,0.0,0.1,82.6
1747229570723,6.5,0.0,11.4,0.0,0.0,0.1,82.0
1747229572733,7.1,0.0,11.2,0.0,0.0,0.0,81.7
1747229574742,7.4,0.0,11.1,0.0,0.0,0.1,81.3
1747229576753,6.2,0.0,11.8,0.0,0.0,0.1,81.9
1747229578763,6.5,0.0,10.3,0.0,0.0,0.0,83.2
1747229580775,6.4,0.0,11.2,0.0,0.0,0.1,82.3
1747229582796,7.0,0.0,11.6,0.0,0.0,0.0,81.3
1747229584808,6.5,0.0,11.4,0.0,0.0,0.0,82.1
1747229586822,6.9,0.0,11.8,0.0,0.0,0.1,81.2
1747229588831,7.3,0.0,12.1,0.0,0.0,0.2,80.4
1747229590841,8.0,0.0,12.3,0.0,0.0,0.1,79.6
1747229592850,7.6,0.0,11.2,0.0,0.0,0.0,81.2
1747229594861,7.0,0.0,11.4,0.0,0.0,0.1,81.4
1747229596872,7.4,0.0,11.8,0.0,0.0,0.0,80.8
1747229598884,7.8,0.0,11.8,0.0,0.0,0.1,80.2
1747229600895,10.4,0.0,15.6,0.0,0.0,0.0,73.9
1747229602907,10.2,0.0,15.1,0.0,0.0,0.1,74.5
1747229604920,10.1,0.0,14.8,0.0,0.0,0.1,75.0
1747229606933,0.0,0.0,0.0,0.0,0.0,0.0,0.0
1747229608944,9.2,0.0,15.0,0.0,0.0,0.1,75.7
1747229610956,9.4,0.0,15.7,0.0,0.0,0.1,74.9
1747229612969,10.1,0.0,14.9,0.0,0.0,0.2,74.9
1747229614981,9.4,0.0,14.6,0.0,0.0,0.0,76.0
1747229616996,9.4,0.0,13.8,0.0,0.0,0.1,76.7
1747229619009,9.2,0.0,14.0,0.0,0.0,0.0,76.7
1747229621022,9.0,0.0,13.8,0.0,0.0,0.1,77.1
1747229623035,9.8,0.0,13.6,0.0,0.0,0.1,76.6
1747229625047,6.6,0.0,10.2,0.0,0.0,0.2,83.1
1747229627056,6.4,0.0,10.7,0.0,0.0,0.1,82.8
1747229629067,6.0,0.0,11.0,0.0,0.0,0.1,82.8
1747229631079,6.9,0.0,11.0,0.0,0.0,0.2,82.0
1747229633090,6.7,0.0,11.0,0.0,0.0,0.1,82.2
1747229635100,6.3,0.0,11.7,0.0,0.0,0.1,82.0
1747229637111,6.6,0.0,11.3,0.0,0.0,0.0,82.1
1747229639121,6.6,0.0,12.8,0.0,0.0,0.1,80.4
1747229641131,6.7,0.0,11.9,0.0,0.0,0.0,81.4
1747229643143,7.4,0.0,11.8,0.0,0.0,0.1,80.7
1747229645154,6.4,0.0,12.8,0.0,0.0,0.1,80.8
1747229647169,7.3,0.0,11.8,0.0,0.0,0.1,80.7
1747229649180,6.5,0.0,11.6,0.0,0.0,0.2,81.8
1747229651192,7.0,0.0,11.0,0.0,0.0,0.2,81.8
1747229653201,7.3,0.0,12.0,0.0,0.0,0.1,80.5
1747229655210,6.7,0.0,12.1,0.0,0.0,0.1,81.1
1747229657223,6.8,0.0,11.3,0.0,0.0,0.1,81.7
1747229659239,6.7,0.0,11.2,0.0,0.0,0.0,82.1
1747229661251,6.1,0.0,11.8,0.0,0.0,0.2,82.0
1747229663262,7.1,0.0,12.1,0.0,0.0,0.0,80.7
1747229665272,7.2,0.0,11.9,0.0,0.0,0.1,80.9
1747229667280,7.3,0.0,12.8,0.0,0.0,0.1,79.8
1747229669290,7.3,0.0,11.8,0.0,0.0,0.2,80.7
1747229671301,7.3,0.0,13.3,0.0,0.0,0.1,79.3
1747229673311,7.4,0.0,11.5,0.0,0.0,0.1,80.9
1747229675321,6.8,0.0,12.6,0.0,0.0,0.0,80.5
1747229677333,7.3,0.0,12.1,0.0,0.0,0.1,80.5
1747229679343,7.4,0.0,13.2,0.0,0.0,0.1,79.3
1747229681354,6.9,0.0,12.7,0.0,0.0,0.2,80.2
1747229683364,6.5,0.0,12.4,0.0,0.0,0.0,81.0
1747229685375,6.8,0.0,11.6,0.0,0.0,0.1,81.5
1747229687385,7.0,0.0,12.6,0.0,0.0,0.0,80.4
1747229689395,7.8,0.0,12.3,0.0,0.0,0.1,79.8
1747229691405,7.7,0.0,12.2,0.0,0.0,0.0,80.0
1747229693415,7.7,0.0,12.5,0.0,0.0,0.1,79.7
1747229695426,7.2,0.0,12.8,0.0,0.0,0.1,80.0
1747229697437,7.3,0.0,11.7,0.0,0.0,0.1,81.0
1747229699449,7.0,0.0,12.6,0.0,0.0,0.1,80.2
1747229701462,6.4,0.0,13.3,0.0,0.0,0.2,80.1
1747229703474,7.4,0.0,12.6,0.0,0.0,0.0,79.9
1747229705486,7.8,0.0,11.4,0.0,0.0,0.1,80.7
1747229707497,7.2,0.0,12.2,0.0,0.0,0.0,80.6
1747229709507,7.1,0.0,12.8,0.0,0.0,0.1,80.0
1747229711517,7.1,0.0,12.9,0.0,0.0,0.0,79.9
1747229713529,6.7,0.0,12.8,0.0,0.0,0.1,80.4
1747229715541,7.2,0.0,13.2,0.0,0.0,0.1,79.6
1747229717550,7.7,0.0,13.6,0.0,0.0,0.0,78.7
1747229719566,7.8,0.0,12.6,0.0,0.0,0.0,79.6
1747229721580,6.7,0.0,13.6,0.0,0.0,0.3,79.4
1747229723598,6.3,0.0,12.0,0.0,0.0,0.1,81.6
1747229725618,6.2,0.0,12.2,0.0,0.0,0.1,81.5
1747229727633,6.2,0.0,12.2,0.0,0.0,0.1,81.6
1747229729642,7.7,0.0,11.7,0.0,0.0,0.1,80.4
1747229731654,6.7,0.0,11.7,0.0,0.0,0.2,81.4
1747229733664,6.9,0.0,11.4,0.0,0.0,0.1,81.6
1747229735675,6.8,0.0,12.7,0.0,0.0,0.1,80.4
1747229737686,7.9,0.0,12.4,0.0,0.0,0.0,79.7
1747229739697,7.0,0.0,12.0,0.0,0.0,0.0,80.9
1747229741708,7.2,0.0,12.0,0.0,0.0,0.0,80.8
1747229743719,7.3,0.0,13.3,0.0,0.0,0.1,79.3
1747229745728,8.0,0.0,12.3,0.0,0.0,0.1,79.6
1747229747738,6.9,0.0,11.6,0.0,0.0,0.0,81.4
1747229749750,7.2,0.0,11.4,0.0,0.0,0.0,81.4
1747229751759,7.0,0.0,12.1,0.0,0.0,0.2,80.7
1747229753770,8.3,0.0,11.9,0.0,0.0,0.0,79.7
1747229755782,6.3,0.0,13.2,0.0,0.0,0.0,80.5
1747229757793,6.3,0.0,12.8,0.0,0.0,0.1,80.8
1747229759805,6.6,0.0,12.6,0.0,0.0,0.1,80.7
1747229761815,7.6,0.0,12.2,0.0,0.0,0.1,80.0
1747229763826,6.8,0.0,12.6,0.0,0.0,0.2,80.5
1747229765837,7.5,0.0,13.1,0.0,0.0,0.1,79.4
1747229767848,7.7,0.0,13.5,0.0,0.0,0.1,78.7
1747229769859,8.4,0.0,11.8,0.0,0.0,0.2,79.6
1747229771871,7.1,0.0,11.8,0.0,0.0,0.2,80.9
1747229773882,6.4,0.0,12.2,0.0,0.0,0.1,81.3
1747229775893,6.1,0.0,12.7,0.0,0.0,0.2,81.0
1747229777905,0.0,0.0,0.0,0.0,0.0,0.0,0.0
1747229779914,9.5,0.0,16.0,0.0,0.0,0.1,74.4
1747229781930,9.2,0.0,14.8,0.0,0.0,0.3,75.8
1747229783956,10.0,0.0,15.1,0.0,0.0,0.0,74.9
1747229785973,10.4,0.0,16.4,0.0,0.0,0.2,72.8
1747229787994,9.7,0.0,13.9,0.0,0.0,0.2,76.3
1747229790010,9.4,0.0,15.0,0.0,0.0,0.0,75.5
1747229792025,9.5,0.0,15.0,0.0,0.0,0.0,75.6
1747229794036,9.8,0.0,15.9,0.0,0.0,0.0,74.3
1747229796048,9.5,0.0,13.9,0.0,0.0,0.3,76.3
1747229798060,9.7,0.0,13.7,0.0,0.0,0.1,76.5
1747229800073,9.1,0.0,15.2,0.0,0.0,0.1,75.6
1747229802084,9.6,0.0,15.7,0.0,0.0,0.2,74.4
1747229804096,0.2,0.0,0.3,0.0,0.0,0.0,99.5
1747229806108,6.9,0.0,11.5,0.0,0.0,0.1,81.4
1747229808119,7.0,0.0,11.9,0.0,0.0,0.1,81.0
1747229810130,7.1,0.0,11.3,0.0,0.0,0.0,81.6
1747229812143,0.2,0.0,0.2,0.0,0.0,0.0,99.6
1747229814153,7.0,0.0,12.0,0.0,0.0,0.1,80.8
1747229816164,7.5,0.0,11.9,0.0,0.0,0.2,80.4
1747229818175,6.9,0.0,11.9,0.0,0.0,0.1,81.1
1747229820186,8.2,0.0,12.3,0.0,0.0,0.1,79.3
1747229822197,7.3,0.0,11.5,0.0,0.0,0.1,81.1
1747229824208,6.8,0.0,12.6,0.0,0.0,0.1,80.5
1747229826217,7.0,0.0,12.5,0.0,0.0,0.1,80.3
1747229828227,8.3,0.0,11.6,0.0,0.0,0.1,80.0
1747229830236,7.0,0.0,12.8,0.0,0.0,0.1,80.1
1747229832245,6.6,0.0,12.4,0.0,0.0,0.1,80.8
1747229834256,7.0,0.0,13.3,0.0,0.0,0.1,79.6
1747229836266,7.4,0.0,12.3,0.0,0.0,0.1,80.1
1747229838277,6.3,0.0,13.4,0.0,0.0,0.1,80.2
1747229840288,6.2,0.0,13.0,0.0,0.0,0.1,80.7
1747229842297,6.3,0.0,12.3,0.0,0.0,0.1,81.3
1747229844308,0.0,0.0,0.0,0.0,0.0,0.0,0.0
1747229846332,9.3,0.0,13.3,0.0,0.0,0.0,77.2
1747229848346,9.4,0.0,14.4,0.0,0.0,0.0,76.1
1747229850360,10.0,0.0,14.1,0.0,0.0,0.0,75.9
1747229852372,10.4,0.0,14.8,0.0,0.0,0.1,74.7
1747229854384,9.5,0.0,14.2,0.0,0.0,0.0,76.2
1747229856396,9.8,0.0,14.0,0.0,0.0,0.1,76.1
1747229858408,9.8,0.0,15.1,0.0,0.0,0.1,75.0
1747229860420,9.8,0.0,15.3,0.0,0.0,0.1,74.8
1747229862432,0.0,0.0,0.0,0.0,0.0,0.0,0.0
1747229864445,9.3,0.0,13.7,0.0,0.0,0.1,77.0
1747229866460,9.1,0.0,13.4,0.0,0.0,0.0,77.4
1747229868473,9.0,0.0,14.2,0.0,0.0,0.1,76.7
1747229870485,0.0,0.0,0.0,0.0,0.0,0.0,99.9
1747229872497,7.1,0.0,11.5,0.0,0.0,0.1,81.4
1747229874507,6.2,0.0,11.8,0.0,0.0,0.1,81.8
1747229876519,6.7,0.0,12.1,0.0,0.0,0.0,81.2
1747229878531,0.2,0.0,0.3,0.0,0.0,0.0,99.5
1747229880542,6.8,0.0,12.4,0.0,0.0,0.1,80.7
1747229882553,6.5,0.0,11.9,0.0,0.0,0.1,81.5
1747229884564,6.5,0.0,12.8,0.0,0.0,0.1,80.5
1747229886576,0.2,0.0,0.3,0.0,0.0,0.0,99.5
1747229888586,6.5,0.0,12.6,0.0,0.0,0.1,80.8
1747229890598,7.1,0.0,11.7,0.0,0.0,0.0,81.2
1747229892610,7.2,0.0,11.9,0.0,0.0,0.0,80.8
1747229894621,7.0,0.0,13.3,0.0,0.0,0.0,79.7
1747229896631,7.7,0.0,12.5,0.0,0.0,0.1,79.7
1747229898642,7.1,0.0,13.6,0.0,0.0,0.1,79.1
1747229900651,7.3,0.0,13.1,0.0,0.0,0.1,79.6
1747229902661,7.2,0.0,13.0,0.0,0.0,0.1,79.7
1747229904670,7.3,0.0,13.9,0.0,0.0,0.1,78.7
1747229906680,7.0,0.0,14.6,0.1,0.0,0.1,78.2
1747229908696,7.2,0.0,13.5,0.0,0.0,0.0,79.2
1747229910717,7.0,0.0,12.2,0.0,0.0,0.1,80.8
1747229912732,10.3,0.0,14.3,0.0,0.0,0.1,75.3
1747229914754,11.5,0.0,16.3,0.0,0.0,0.1,72.1
1747229916766,10.7,0.0,16.8,0.0,0.0,0.1,72.3
1747229918777,11.2,0.0,17.6,0.0,0.0,0.2,70.9
1747229920787,10.1,0.0,14.4,0.0,0.0,0.1,75.4
1747229922796,10.9,0.0,15.2,0.0,0.0,0.1,73.8
1747229924808,10.2,0.0,16.0,0.0,0.0,0.1,73.7
1747229926819,10.3,0.0,16.3,0.0,0.0,0.2,73.2
1747229928831,0.0,0.0,0.0,0.0,0.0,0.0,0.0
1747229930843,9.9,0.0,15.4,0.0,0.0,0.0,74.7
1747229932854,9.8,0.0,15.6,0.0,0.0,0.1,74.5
1747229934866,10.4,0.0,15.5,0.0,0.0,0.1,74.0
1747229936877,0.1,0.0,0.1,0.0,0.0,0.0,99.8
1747229938888,6.8,0.0,11.8,0.0,0.0,0.1,81.2
1747229940901,7.2,0.0,13.0,0.0,0.0,0.1,79.7
1747229942912,7.3,0.0,12.0,0.0,0.0,0.0,80.6
1747229944921,0.1,0.0,0.2,0.0,0.0,0.0,99.7
1747229946932,7.2,0.0,13.1,0.0,0.0,0.2,79.6
1747229948943,7.5,0.0,13.4,0.0,0.0,0.1,79.0
1747229950954,6.7,0.0,13.9,0.0,0.0,0.1,79.3
1747229952965,0.2,0.0,0.3,0.0,0.0,0.0,99.5
1747229954975,6.7,0.0,13.3,0.0,0.0,0.1,79.8
1747229956986,7.0,0.0,12.9,0.0,0.0,0.1,80.0
1747229958997,7.3,0.0,13.0,0.0,0.0,0.1,79.6
1747229961007,7.5,0.0,13.2,0.0,0.0,0.1,79.1
1747229963015,6.6,0.0,12.8,0.0,0.0,0.0,80.5
1747229965028,7.4,0.0,13.2,0.0,0.0,0.0,79.3
1747229967037,7.5,0.0,12.8,0.0,0.0,0.1,79.5
1747229969045,7.0,0.0,13.6,0.0,0.0,0.0,79.3
1747229971055,10.5,0.0,16.1,0.0,0.0,0.0,73.4
1747229973069,10.5,0.0,16.5,0.0,0.0,0.0,73.0
1747229975087,10.3,0.0,16.2,0.0,0.0,0.0,73.5
1747229977109,10.5,0.0,18.3,0.0,0.0,0.0,71.2
1747229979122,7.8,0.0,11.9,0.0,0.0,0.1,80.2
1747229981142,10.9,0.0,15.4,0.0,0.0,0.1,73.5
1747229983153,11.1,0.0,15.5,0.0,0.0,0.1,73.3
1747229985164,11.0,0.0,16.3,0.0,0.0,0.1,72.6
1747229987176,0.0,0.0,0.0,0.0,0.0,0.0,0.0
1747229989186,10.1,0.0,15.4,0.0,0.0,0.0,74.5
1747229991198,10.0,0.0,14.7,0.0,0.0,0.1,75.2
1747229993213,9.8,0.0,14.8,0.0,0.0,0.0,75.4
1747229995229,0.2,0.0,0.3,0.0,0.0,0.0,99.4
1747229997242,6.4,0.0,11.3,0.0,0.0,0.1,82.2
1747229999250,6.8,0.0,11.4,0.0,0.0,0.1,81.7
