timestamp_ms,usr%,nice%,sys%,iowait%,irq%,soft%,steal%,idle%
1747230153559,7.3,0.0,12.7,0.0,0.0,0.1,79.8
1747230155569,7.2,0.0,13.0,0.0,0.0,0.1,79.7
1747230157579,7.5,0.0,12.8,0.0,0.0,0.1,79.6
1747230159592,7.9,0.0,13.5,0.0,0.0,0.1,78.5
1747230161602,7.7,0.0,14.1,0.0,0.0,0.1,78.1
1747230163613,7.5,0.0,14.2,0.0,0.0,0.1,78.2
1747230165624,8.0,0.0,14.2,0.1,0.0,0.1,77.7
1747230167636,8.0,0.0,15.1,0.0,0.0,0.1,76.8
1747230169646,8.2,0.0,13.2,0.0,0.0,0.1,78.5
1747230171656,7.3,0.0,14.1,0.0,0.0,0.1,78.4
1747230173666,7.8,0.0,14.3,0.0,0.0,0.1,77.8
1747230175675,8.2,0.0,13.7,0.0,0.0,0.1,78.0
1747230177685,7.9,0.0,12.9,0.0,0.0,0.1,79.1
1747230179693,7.0,0.0,13.9,0.0,0.0,0.1,79.0
1747230181707,7.3,0.0,14.8,0.0,0.0,0.2,77.7
1747230183719,8.2,0.0,13.8,0.0,0.0,0.2,77.8
1747230185731,8.0,0.0,13.7,0.0,0.0,0.1,78.3
1747230187742,6.8,0.0,15.3,0.0,0.0,0.1,77.7
1747230189754,8.5,0.0,13.9,0.0,0.0,0.1,77.5
1747230191765,9.0,0.0,15.2,0.0,0.0,0.2,75.6
1747230193774,7.7,0.0,14.1,0.0,0.0,0.1,78.1
1747230195785,7.6,0.0,14.0,0.0,0.0,0.2,78.2
1747230197796,7.7,0.0,14.3,0.0,0.0,0.1,77.8
1747230199807,9.2,0.0,14.1,0.0,0.0,0.1,76.5
1747230201817,7.3,0.0,15.0,0.0,0.0,0.1,77.5
1747230203828,7.9,0.0,13.8,0.0,0.0,0.1,78.2
1747230205840,7.8,0.0,13.9,0.1,0.0,0.1,78.1
1747230207851,8.9,0.0,13.8,0.0,0.0,0.1,77.2
1747230209862,8.1,0.0,13.4,0.0,0.0,0.1,78.3
1747230211873,7.1,0.0,14.5,0.0,0.0,0.1,78.2
1747230213883,7.9,0.0,14.1,0.0,0.0,0.1,77.9
1747230215893,0.0,0.0,0.0,0.0,0.0,0.0,0.0
1747230217904,10.6,0.0,16.1,0.0,0.0,0.0,73.2
1747230219924,11.1,0.0,18.2,0.0,0.0,0.0,70.8
1747230221937,11.8,0.0,17.2,0.0,0.0,0.2,70.7
1747230223950,12.0,0.0,17.4,0.0,0.0,0.1,70.5
1747230225963,11.1,0.0,14.2,0.0,0.0,0.2,74.5
1747230227973,11.3,0.0,17.9,0.0,0.0,0.1,70.8
1747230229984,12.1,0.0,16.7,0.0,0.0,0.1,71.1
1747230231995,12.1,0.0,18.1,0.0,0.0,0.1,69.7
1747230234006,10.8,0.0,15.6,0.0,0.0,0.0,73.6
1747230236016,10.3,0.0,15.8,0.0,0.0,0.1,73.8
1747230238030,10.1,0.0,15.8,0.0,0.0,0.1,73.9
1747230240045,11.4,0.0,16.7,0.0,0.0,0.0,71.9
1747230242057,0.1,0.0,0.2,0.0,0.0,0.0,99.6
1747230244069,7.5,0.0,13.1,0.0,0.0,0.1,79.3
1747230246077,7.5,0.0,12.8,0.0,0.0,0.1,79.6
1747230248085,7.1,0.0,12.9,0.0,0.0,0.2,79.8
1747230250093,9.0,0.0,12.6,0.0,0.0,0.2,78.3
1747230252103,7.2,0.0,12.9,0.0,0.0,0.2,79.7
1747230254115,7.3,0.0,13.7,0.0,0.0,0.0,79.0
1747230256124,7.1,0.0,13.9,0.0,0.0,0.1,78.8
1747230258134,8.4,0.0,13.4,0.0,0.0,0.1,78.1
1747230260144,7.0,0.0,13.8,0.0,0.0,0.0,79.3
1747230262155,7.5,0.0,13.9,0.0,0.0,0.2,78.3
1747230264166,7.5,0.0,14.1,0.0,0.0,0.1,78.3
1747230266176,8.5,0.0,12.9,0.0,0.0,0.1,78.4
1747230268187,7.8,0.0,12.6,0.0,0.0,0.2,79.5
1747230270197,6.7,0.0,14.2,0.0,0.0,0.1,79.0
1747230272207,7.4,0.0,13.3,0.0,0.0,0.0,79.2
1747230274216,7.6,0.0,13.2,0.0,0.0,0.1,79.1
1747230276229,6.9,0.0,12.5,0.0,0.0,0.0,80.5
1747230278243,6.6,0.0,12.5,0.0,0.0,0.1,80.8
1747230280260,6.9,0.0,12.8,0.0,0.0,0.1,80.2
1747230282270,8.8,0.0,12.8,0.0,0.0,0.1,78.2
1747230284281,7.8,0.0,13.5,0.0,0.0,0.1,78.6
1747230286292,7.8,0.0,13.0,0.0,0.0,0.0,79.2
1747230288303,7.9,0.0,14.1,0.0,0.0,0.1,77.9
1747230290313,7.4,0.0,13.2,0.0,0.0,0.1,79.3
1747230292323,7.1,0.0,12.9,0.0,0.0,0.2,79.8
1747230294334,7.4,0.0,12.2,0.0,0.0,0.0,80.3
1747230296345,7.5,0.0,12.6,0.0,0.0,0.1,79.8
1747230298356,7.8,0.0,13.0,0.0,0.0,0.0,79.2
1747230300367,7.3,0.0,12.4,0.0,0.0,0.1,80.2
1747230302378,7.7,0.0,12.3,0.0,0.0,0.1,79.9
1747230304388,7.1,0.0,12.8,0.0,0.0,0.1,79.9
1747230306399,7.6,0.0,13.3,0.0,0.0,0.0,79.0
1747230308409,8.3,0.0,12.4,0.0,0.0,0.0,79.2
1747230310417,7.1,0.0,12.5,0.0,0.0,0.1,80.3
1747230312428,7.8,0.0,13.4,0.0,0.0,0.1,78.7
1747230314435,8.1,0.0,12.6,0.0,0.0,0.2,79.1
1747230316444,7.2,0.0,12.3,0.0,0.0,0.1,80.4
1747230318457,7.2,0.0,12.4,0.0,0.0,0.0,80.3
1747230320469,7.5,0.0,12.2,0.0,0.0,0.0,80.3
1747230322480,8.4,0.0,12.5,0.0,0.0,0.2,78.9
1747230324490,7.3,0.0,14.3,0.0,0.0,0.1,78.4
1747230326500,7.1,0.0,13.2,0.0,0.0,0.0,79.7
1747230328512,6.9,0.0,12.8,0.0,0.0,0.1,80.3
1747230330523,8.2,0.0,12.9,0.0,0.0,0.1,78.8
1747230332534,8.0,0.0,12.9,0.0,0.0,0.2,78.9
1747230334544,8.2,0.0,13.9,0.0,0.0,0.1,77.7
1747230336553,7.3,0.0,13.3,0.0,0.0,0.1,79.2
1747230338561,8.0,0.0,12.4,0.0,0.0,0.1,79.5
1747230340570,8.0,0.0,13.1,0.0,0.0,0.0,78.9
1747230342582,7.1,0.0,13.1,0.0,0.0,0.1,79.8
1747230344592,7.5,0.0,14.5,0.0,0.0,0.0,77.9
1747230346602,7.5,0.0,14.5,0.0,0.0,0.2,77.8
1747230348611,7.5,0.0,13.6,0.0,0.0,0.1,78.8
1747230350621,7.2,0.0,13.5,0.0,0.0,0.1,79.2
1747230352629,7.4,0.0,13.4,0.0,0.0,0.1,79.1
1747230354638,7.8,0.0,13.6,0.0,0.0,0.0,78.6
1747230356645,8.2,0.0,12.7,0.0,0.0,0.1,79.0
1747230358655,7.8,0.0,12.1,0.0,0.0,0.0,80.0
1747230360666,7.3,0.0,11.8,0.0,0.0,0.1,80.8
1747230362676,7.0,0.0,12.6,0.0,0.0,0.1,80.3
1747230364685,7.5,0.0,12.6,0.0,0.0,0.0,79.8
1747230366696,6.8,0.0,13.6,0.0,0.0,0.0,79.6
1747230368707,6.8,0.0,13.7,0.0,0.0,0.0,79.6
1747230370718,7.4,0.0,13.2,0.0,0.0,0.0,79.5
1747230372729,7.5,0.0,12.8,0.0,0.0,0.0,79.7
1747230374739,7.2,0.0,13.2,0.0,0.0,0.1,79.5
1747230376749,7.4,0.0,13.8,0.0,0.0,0.2,78.6
1747230378757,8.4,0.0,13.5,0.0,0.0,0.0,78.1
1747230380766,8.3,0.0,13.4,0.0,0.0,0.1,78.1
1747230382773,6.8,0.0,12.8,0.0,0.0,0.1,80.3
1747230384785,7.2,0.0,12.3,0.0,0.0,0.1,80.4
1747230386806,6.8,0.0,12.2,0.0,0.0,0.1,80.9
1747230388815,7.0,0.0,12.1,0.0,0.0,0.0,80.8
1747230390827,7.3,0.0,13.1,0.0,0.0,0.0,79.6
1747230392838,8.0,0.0,12.9,0.0,0.0,0.1,79.1
1747230394849,8.5,0.0,13.2,0.0,0.0,0.0,78.3
1747230396859,8.5,0.0,12.3,0.0,0.0,0.2,79.0
1747230398868,7.6,0.0,13.1,0.0,0.0,0.1,79.2
1747230400876,7.6,0.0,13.0,0.0,0.0,0.2,79.2
1747230402884,7.5,0.0,12.8,0.0,0.0,0.0,79.7
1747230404897,7.2,0.0,13.0,0.0,0.0,0.1,79.7
1747230406907,7.3,0.0,14.0,0.0,0.0,0.2,78.5
1747230408920,7.5,0.0,13.0,0.0,0.0,0.0,79.5
1747230410935,8.6,0.0,14.0,0.0,0.0,0.0,77.3
1747230412948,7.2,0.0,13.8,0.0,0.0,0.1,78.9
1747230414957,6.9,0.0,14.2,0.0,0.0,0.1,78.8
1747230416967,7.3,0.0,13.4,0.0,0.0,0.2,79.2
1747230418978,8.8,0.0,13.9,0.0,0.0,0.1,77.2
1747230420988,7.2,0.0,13.6,0.0,0.0,0.2,79.1
1747230422997,7.9,0.0,12.8,0.0,0.0,0.1,79.2
1747230425008,7.5,0.0,13.3,0.0,0.0,0.2,79.0
1747230427019,7.8,0.0,13.0,0.0,0.0,0.1,79.1
1747230429030,7.2,0.0,13.0,0.0,0.0,0.1,79.7
1747230431040,7.5,0.0,13.3,0.0,0.0,0.1,79.1
1747230433048,7.6,0.0,13.3,0.0,0.0,0.0,79.0
1747230435057,7.5,0.0,13.2,0.0,0.0,0.1,79.2
1747230437068,7.2,0.0,12.3,0.0,0.0,0.1,80.4
1747230439079,7.1,0.0,12.9,0.0,0.0,0.1,79.9
1747230441090,7.3,0.0,13.5,0.0,0.0,0.1,79.1
1747230443100,7.8,0.0,13.3,0.0,0.0,0.0,78.9
1747230445111,7.2,0.0,13.1,0.0,0.0,0.1,79.6
1747230447120,7.5,0.0,14.7,0.0,0.0,0.1,77.7
1747230449131,7.6,0.0,12.9,0.0,0.0,0.1,79.4
1747230451142,7.3,0.0,13.8,0.0,0.0,0.1,78.8
1747230453152,7.7,0.0,13.5,0.0,0.0,0.0,78.8
1747230455163,6.9,0.0,13.3,0.0,0.0,0.1,79.8
1747230457175,7.6,0.0,12.7,0.0,0.0,0.1,79.5
1747230459189,8.0,0.0,13.0,0.0,0.0,0.1,78.9
1747230461203,7.6,0.0,12.4,0.0,0.0,0.0,80.0
1747230463215,7.5,0.0,12.1,0.0,0.0,0.1,80.3
1747230465225,8.0,0.0,12.8,0.0,0.0,0.1,79.2
1747230467234,8.3,0.0,13.4,0.0,0.0,0.2,78.0
1747230469244,7.7,0.0,13.3,0.0,0.0,0.1,79.0
1747230471259,7.5,0.0,12.6,0.0,0.0,0.1,79.7
1747230473273,7.2,0.0,12.6,0.0,0.0,0.1,80.0
1747230475284,8.2,0.0,13.7,0.0,0.0,0.2,78.0
1747230477294,8.0,0.0,12.8,0.0,0.0,0.2,79.0
1747230479307,8.0,0.0,12.5,0.0,0.0,0.1,79.4
1747230481317,7.8,0.0,13.9,0.0,0.0,0.1,78.2
1747230483328,8.6,0.0,13.8,0.0,0.0,0.1,77.5
1747230485339,8.7,0.0,13.3,0.0,0.0,0.1,77.9
1747230487349,7.6,0.0,13.5,0.0,0.0,0.1,78.8
1747230489358,7.1,0.0,14.2,0.0,0.0,0.0,78.7
1747230491366,8.0,0.0,14.0,0.0,0.0,0.1,78.0
1747230493376,9.7,0.0,13.2,0.0,0.0,0.2,76.9
1747230495386,7.4,0.0,14.0,0.0,0.0,0.0,78.6
1747230497395,7.2,0.0,13.9,0.0,0.0,0.1,78.7
1747230499405,8.1,0.0,13.8,0.0,0.0,0.0,78.1
1747230501416,8.9,0.0,13.8,0.0,0.0,0.1,77.2
1747230503426,7.3,0.0,14.2,0.0,0.0,0.0,78.5
1747230505438,7.7,0.0,13.5,0.0,0.0,0.0,78.8
1747230507449,8.1,0.0,13.7,0.0,0.0,0.1,78.0
1747230509461,8.6,0.0,14.4,0.0,0.0,0.1,76.9
1747230511470,7.7,0.0,14.0,0.0,0.0,0.0,78.3
1747230513487,7.0,0.0,13.2,0.0,0.0,0.1,79.6
1747230515498,7.9,0.0,13.5,0.0,0.0,0.1,78.5
1747230517509,8.8,0.0,12.9,0.0,0.0,0.1,78.1
1747230519520,7.8,0.0,13.5,0.0,0.0,0.0,78.6
1747230521532,7.3,0.0,13.8,0.0,0.0,0.0,78.9
1747230523543,7.5,0.0,14.0,0.0,0.0,0.1,78.5
1747230525554,9.0,0.0,13.3,0.0,0.0,0.1,77.6
1747230527565,8.0,0.0,13.1,0.0,0.0,0.1,78.7
1747230529578,7.8,0.0,13.8,0.0,0.0,0.1,78.3
1747230531591,8.3,0.0,14.1,0.0,0.0,0.1,77.5
1747230533602,10.0,0.0,15.1,0.0,0.0,0.1,74.8
1747230535611,7.9,0.0,13.2,0.0,0.0,0.1,78.8
1747230537622,8.1,0.0,12.9,0.0,0.0,0.1,79.0
1747230539632,6.6,0.0,14.4,0.0,0.0,0.1,79.0
1747230541641,8.3,0.0,12.9,0.0,0.0,0.1,78.7
1747230543660,7.2,0.0,12.7,0.0,0.0,0.1,80.1
1747230545682,7.0,0.0,13.1,0.0,0.0,0.1,79.8
1747230547692,6.9,0.0,13.9,0.0,0.0,0.1,79.1
1747230549700,8.5,0.0,13.1,0.0,0.0,0.1,78.4
1747230551713,7.2,0.0,13.0,0.0,0.0,0.1,79.7
1747230553723,7.6,0.0,13.1,0.0,0.0,0.1,79.3
1747230555731,7.6,0.0,13.1,0.0,0.0,0.1,79.3
1747230557740,10.9,0.0,14.1,0.0,0.0,0.1,74.9
1747230559751,10.4,0.0,14.4,0.0,0.0,0.1,75.1
1747230561761,8.1,0.0,14.3,0.0,0.0,0.0,77.6
1747230563772,8.5,0.0,13.6,0.0,0.0,0.1,77.7
1747230565781,0.0,0.0,0.0,0.0,0.0,0.0,0.0
1747230567792,11.2,0.0,17.1,0.0,0.0,0.1,71.6
1747230569802,10.9,0.0,17.4,0.0,0.0,0.1,71.5
1747230571812,11.1,0.0,17.1,0.0,0.0,0.2,71.5
1747230573824,12.1,0.0,17.9,0.0,0.0,0.2,69.9
1747230575835,9.8,0.0,14.3,0.0,0.0,0.1,75.8
1747230577845,10.9,0.0,16.1,0.0,0.0,0.0,73.0
1747230579858,10.5,0.0,16.3,0.0,0.0,0.1,73.1
1747230581870,11.9,0.0,16.1,0.0,0.0,0.2,71.8
1747230583884,0.0,0.0,0.0,0.0,0.0,0.0,0.0
1747230585897,9.8,0.0,15.1,0.0,0.0,0.0,75.1
1747230587921,9.6,0.0,15.3,0.0,0.0,0.1,75.0
1747230589937,10.1,0.0,16.3,0.0,0.0,0.1,73.5
1747230591950,0.0,0.0,0.0,0.0,0.0,0.0,99.9
1747230593961,7.5,0.0,11.9,0.0,0.0,0.1,80.5
1747230595970,8.0,0.0,11.3,0.0,0.0,0.1,80.6
1747230597979,7.0,0.0,12.5,0.0,0.0,0.1,80.5
1747230599988,0.1,0.0,0.1,0.0,0.0,0.0,99.8
1747230601996,7.7,0.0,13.3,0.0,0.0,0.2,78.8
1747230604005,7.2,0.0,13.3,0.0,0.0,0.1,79.4
1747230606015,7.3,0.0,13.7,0.0,0.0,0.1,79.0
1747230608024,0.2,0.0,0.3,0.0,0.0,0.0,99.5
1747230610033,7.6,0.0,13.2,0.0,0.0,0.1,79.2
1747230612042,8.0,0.0,13.6,0.0,0.0,0.3,78.0
1747230614052,8.7,0.0,13.8,0.0,0.0,0.1,77.4
1747230616062,0.1,0.0,0.3,0.0,0.0,0.0,99.6
1747230618073,7.6,0.0,14.5,0.0,0.0,0.2,77.7
1747230620084,7.9,0.0,13.5,0.0,0.0,0.1,78.5
1747230622097,7.8,0.0,14.2,0.0,0.0,0.2,77.7
1747230624107,7.7,0.0,13.7,0.0,0.0,0.1,78.5
1747230626117,7.8,0.0,13.4,0.0,0.0,0.0,78.8
1747230628129,7.9,0.0,14.4,0.0,0.0,0.0,77.6
1747230630140,8.3,0.0,15.0,0.0,0.0,0.0,76.7
1747230632153,7.9,0.0,14.2,0.0,0.0,0.2,77.8
1747230634163,8.0,0.0,13.8,0.0,0.0,0.1,78.1
1747230636173,7.3,0.0,15.2,0.0,0.0,0.2,77.3
1747230638185,7.9,0.0,12.9,0.0,0.0,0.0,79.1
1747230640195,7.8,0.0,14.2,0.0,0.0,0.0,78.0
1747230642204,7.5,0.0,13.6,0.0,0.0,0.2,78.8
1747230644214,7.2,0.0,13.4,0.0,0.0,0.0,79.4
1747230646224,7.5,0.0,13.8,0.0,0.0,0.1,78.6
1747230648232,8.8,0.0,13.9,0.0,0.0,0.1,77.3
1747230650241,7.3,0.0,12.1,0.0,0.0,0.0,80.5
1747230652248,6.6,0.0,13.3,0.0,0.0,0.2,79.8
1747230654261,6.6,0.0,13.2,0.0,0.0,0.1,80.1
1747230656272,6.8,0.0,12.6,0.0,0.0,0.1,80.5
1747230658281,7.5,0.0,13.7,0.0,0.0,0.0,78.8
1747230660290,7.8,0.0,13.6,0.0,0.0,0.0,78.6
1747230662299,8.0,0.0,13.7,0.0,0.0,0.2,78.1
1747230664310,8.2,0.0,13.1,0.0,0.0,0.1,78.6
1747230666321,6.9,0.0,13.3,0.0,0.0,0.0,79.7
1747230668336,6.9,0.0,13.6,0.0,0.0,0.0,79.4
1747230670351,8.3,0.0,14.3,0.0,0.0,0.0,77.4
1747230672361,8.9,0.0,13.3,0.0,0.0,0.2,77.5
1747230674372,7.8,0.0,13.2,0.0,0.0,0.1,78.8
1747230676383,7.7,0.0,13.6,0.0,0.0,0.0,78.7
1747230678393,7.0,0.0,14.2,0.0,0.0,0.0,78.7
1747230680405,7.4,0.0,14.0,0.0,0.0,0.1,78.6
1747230682416,7.4,0.0,13.2,0.0,0.0,0.2,79.3
1747230684428,8.1,0.0,12.8,0.0,0.0,0.1,79.0
1747230686438,8.0,0.0,13.0,0.0,0.0,0.0,79.0
1747230688450,7.2,0.0,14.6,0.0,0.0,0.0,78.2
1747230690462,8.5,0.0,14.8,0.0,0.0,0.0,76.7
1747230692471,8.9,0.0,15.1,0.0,0.0,0.0,75.9
1747230694484,8.9,0.0,13.8,0.0,0.0,0.0,77.3
1747230696495,7.7,0.0,13.3,0.0,0.0,0.1,79.0
1747230698506,7.0,0.0,14.2,0.0,0.0,0.1,78.7
1747230700516,7.7,0.0,13.4,0.0,0.0,0.1,78.8
1747230702526,7.5,0.0,13.2,0.0,0.0,0.2,79.1
1747230704536,7.5,0.0,13.0,0.0,0.0,0.2,79.3
1747230706547,6.8,0.0,13.8,0.0,0.0,0.1,79.3
1747230708559,7.8,0.0,13.2,0.0,0.0,0.0,78.9
1747230710570,8.1,0.0,13.3,0.0,0.0,0.1,78.6
1747230712581,7.2,0.0,14.3,0.0,0.0,0.1,78.4
1747230714592,8.2,0.0,13.3,0.0,0.0,0.0,78.4
1747230716603,8.2,0.0,14.3,0.0,0.0,0.0,77.5
1747230718612,7.7,0.0,13.9,0.0,0.0,0.2,78.2
1747230720623,8.3,0.0,15.9,0.0,0.0,0.1,75.7
1747230722643,7.0,0.0,13.5,0.0,0.0,0.2,79.4
1747230724652,7.3,0.0,13.4,0.0,0.0,0.1,79.2
1747230726660,7.2,0.0,12.9,0.0,0.0,0.0,79.8
1747230728676,7.3,0.0,13.2,0.0,0.0,0.1,79.4
1747230730694,9.4,0.0,14.2,0.0,0.0,0.0,76.4
1747230732717,11.1,0.0,16.6,0.0,0.0,0.1,72.3
1747230734730,11.6,0.0,17.5,0.0,0.0,0.1,70.8
1747230736742,10.8,0.0,18.1,0.0,0.0,0.1,71.0
1747230738752,0.0,0.0,0.0,0.0,0.0,0.0,0.0
1747230740762,10.7,0.0,15.9,3.0,0.0,0.1,70.3
1747230742770,10.7,0.0,15.9,0.0,0.0,0.0,73.4
1747230744780,10.8,0.0,15.8,0.0,0.0,0.0,73.5
1747230746789,0.0,0.0,0.0,0.0,0.0,0.0,0.0
1747230748797,10.3,0.0,15.1,0.0,0.0,0.1,74.5
1747230750808,10.4,0.0,15.6,0.0,0.0,0.0,74.0
1747230752819,10.3,0.0,15.8,0.0,0.0,0.1,73.8
1747230754830,10.3,0.0,15.8,0.0,0.0,0.1,73.9
1747230756841,7.5,0.0,11.8,0.0,0.0,0.0,80.7
1747230758851,7.5,0.0,11.9,0.0,0.0,0.1,80.5
1747230760862,7.4,0.0,12.0,0.0,0.0,0.1,80.5
1747230762871,8.1,0.0,11.7,0.0,0.0,0.2,80.0
1747230764879,7.3,0.0,12.8,0.0,0.0,0.1,79.8
1747230766889,7.4,0.0,13.1,0.0,0.0,0.2,79.3
1747230768897,7.5,0.0,12.3,0.0,0.0,0.1,80.0
1747230770909,7.5,0.0,12.5,0.0,0.0,0.1,80.0
1747230772917,8.1,0.0,13.1,0.0,0.0,0.2,78.6
1747230774927,7.6,0.0,14.2,0.0,0.0,0.2,78.0
1747230776938,7.7,0.0,13.7,0.0,0.0,0.1,78.5
1747230778946,8.6,0.0,13.7,0.0,0.0,0.1,77.5
1747230780956,8.1,0.0,14.0,0.0,0.0,0.0,77.9
1747230782965,7.0,0.0,15.2,0.0,0.0,0.1,77.7
1747230784981,8.0,0.0,13.9,0.0,0.0,0.0,78.0
1747230787005,7.7,0.0,14.0,0.0,0.0,0.1,78.2
1747230789020,7.1,0.0,13.2,0.0,0.0,0.1,79.6
1747230791034,7.2,0.0,14.0,0.0,0.0,0.1,78.7
1747230793046,7.7,0.0,15.2,0.0,0.0,0.1,77.0
1747230795057,8.6,0.0,14.7,0.0,0.0,0.1,76.7
1747230797068,7.6,0.0,15.2,0.0,0.0,0.2,77.0
1747230799079,7.8,0.0,13.7,0.0,0.0,0.0,78.5
1747230801089,7.7,0.0,14.3,0.0,0.0,0.1,77.9
1747230803100,8.7,0.0,15.2,0.0,0.0,0.1,76.1
1747230805111,10.8,0.0,14.3,0.0,0.0,0.0,74.9
1747230807121,11.2,0.0,17.4,0.0,0.0,0.0,71.4
1747230809131,11.4,0.0,16.8,0.0,0.0,0.0,71.8
1747230811140,10.6,0.0,17.2,0.0,0.0,0.0,72.1
1747230813150,0.0,0.0,0.0,0.0,0.0,0.0,0.0
1747230815159,11.1,0.0,16.6,0.0,0.0,0.1,72.2
1747230817170,11.0,0.0,16.7,0.0,0.0,0.0,72.3
1747230819182,10.5,0.0,16.1,0.0,0.0,0.0,73.4
1747230821196,10.6,0.0,15.9,0.0,0.0,0.0,73.5
1747230823210,9.8,0.0,14.3,0.0,0.0,0.1,75.8
1747230825226,9.7,0.0,15.3,0.0,0.0,0.1,74.8
1747230827241,10.3,0.0,14.0,0.0,0.0,0.2,75.5
1747230829256,10.2,0.0,15.5,0.0,0.0,0.1,74.3
1747230831268,7.5,0.0,11.0,0.0,0.0,0.1,81.4
1747230833277,7.0,0.0,11.8,0.0,0.0,0.0,81.2
1747230835284,8.0,0.0,11.0,0.0,0.0,0.0,80.9
1747230837293,7.0,0.0,13.1,0.0,0.0,0.1,79.8
1747230839301,7.2,0.0,12.6,0.0,0.0,0.0,80.2
1747230841312,6.8,0.0,13.9,0.0,0.0,0.0,79.2
1747230843321,7.1,0.0,12.6,0.0,0.0,0.0,80.2
1747230845333,7.2,0.0,13.5,0.0,0.0,0.0,79.2
1747230847344,7.7,0.0,13.7,0.0,0.0,0.1,78.5
1747230849353,9.1,0.0,14.2,0.0,0.0,0.0,76.6
1747230851362,8.8,0.0,13.9,0.0,0.0,0.1,77.1
1747230853372,7.6,0.0,14.4,0.0,0.0,0.1,77.9
1747230855384,7.6,0.0,13.3,0.0,0.0,0.0,79.1
1747230857396,7.8,0.0,13.2,0.0,0.0,0.1,78.8
1747230859406,7.8,0.0,13.8,0.0,0.0,0.1,78.3
1747230861416,7.8,0.0,14.4,0.0,0.0,0.1,77.7
1747230863426,7.9,0.0,13.5,0.0,0.0,0.1,78.4
1747230865437,7.4,0.0,14.0,0.0,0.0,0.1,78.5
1747230867448,7.1,0.0,15.0,0.0,0.0,0.1,77.8
1747230869460,7.7,0.0,14.1,0.0,0.0,0.1,78.0
1747230871470,7.6,0.0,14.3,0.0,0.0,0.1,78.0
1747230873480,8.1,0.0,13.7,0.0,0.0,0.1,78.1
1747230875491,8.0,0.0,14.8,0.0,0.0,0.1,77.1
1747230877501,7.4,0.0,14.0,0.0,0.0,0.1,78.5
1747230879511,7.2,0.0,13.9,0.0,0.0,0.1,78.8
1747230881519,7.1,0.0,12.9,0.0,0.0,0.1,79.8
1747230883528,7.9,0.0,12.7,0.0,0.0,0.1,79.3
1747230885539,7.3,0.0,14.0,0.0,0.0,0.2,78.5
1747230887550,7.1,0.0,14.0,0.0,0.0,0.2,78.7
1747230889560,8.0,0.0,12.7,0.0,0.0,0.1,79.2
1747230891568,6.7,0.0,13.9,0.0,0.0,0.1,79.3
1747230893576,6.9,0.0,14.7,0.0,0.0,0.1,78.3
1747230895587,7.6,0.0,13.1,0.0,0.0,0.1,79.2
1747230897596,8.1,0.0,13.3,0.0,0.0,0.0,78.6
1747230899606,7.4,0.0,13.2,0.0,0.0,0.1,79.2
1747230901615,7.2,0.0,13.8,0.0,0.0,0.1,78.9
1747230903624,7.1,0.0,13.1,0.0,0.0,0.1,79.7
1747230905638,6.7,0.0,12.7,0.0,0.0,0.1,80.6
1747230907648,7.0,0.0,12.9,0.0,0.0,0.0,80.1
1747230909662,7.4,0.0,13.4,0.0,0.0,0.0,79.2
1747230911673,7.7,0.0,12.2,0.0,0.0,0.1,80.0
1747230913684,11.1,0.0,17.6,0.0,0.0,0.0,71.3
1747230915695,12.1,0.0,15.7,0.0,0.0,0.0,72.2
1747230917706,11.2,0.0,16.5,0.0,0.0,0.1,72.2
1747230919716,0.0,0.0,0.0,0.0,0.0,0.0,0.0
1747230921726,11.3,0.0,15.2,0.0,0.0,0.1,73.5
1747230923735,10.4,0.0,16.4,0.0,0.0,0.1,73.1
1747230925745,10.9,0.0,15.8,0.0,0.0,0.1,73.3
1747230927755,10.6,0.0,16.5,0.0,0.0,0.2,72.7
1747230929765,10.4,0.0,15.5,0.0,0.0,0.1,74.0
1747230931775,10.6,0.0,15.3,0.0,0.0,0.0,74.0
1747230933787,10.4,0.0,15.3,0.0,0.0,0.0,74.2
1747230935798,10.1,0.0,15.2,0.0,0.0,0.1,74.6
1747230937810,7.1,0.0,11.2,0.0,0.0,0.2,81.5
1747230939819,7.5,0.0,10.8,0.0,0.0,0.1,81.6
1747230941826,6.8,0.0,11.8,0.0,0.0,0.1,81.3
1747230943833,7.4,0.0,11.3,0.0,0.0,0.1,81.2
1747230945842,6.8,0.0,12.3,0.0,0.0,0.2,80.7
1747230947852,6.8,0.0,12.5,0.0,0.0,0.0,80.7
1747230949860,6.6,0.0,12.4,0.0,0.0,0.1,80.8
1747230951868,7.1,0.0,13.2,0.0,0.0,0.1,79.6
1747230953876,7.4,0.0,12.5,0.0,0.0,0.1,80.1
1747230955884,7.7,0.0,12.4,0.0,0.0,0.2,79.7
1747230957898,7.5,0.0,13.8,0.0,0.0,0.0,78.7
1747230959907,8.7,0.0,14.4,0.0,0.0,0.1,76.9
1747230961919,7.4,0.0,13.7,0.0,0.0,0.1,78.8
1747230963929,6.6,0.0,15.6,0.0,0.0,0.2,77.7
1747230965940,7.5,0.0,12.9,0.0,0.0,0.0,79.6
1747230967951,7.2,0.0,13.9,0.0,0.0,0.1,78.8
1747230969963,7.2,0.0,13.2,0.0,0.0,0.1,79.5
1747230971974,6.8,0.0,13.3,0.0,0.0,0.1,79.9
1747230973985,7.0,0.0,12.7,0.0,0.0,0.1,80.3
1747230975997,8.0,0.0,13.5,0.0,0.0,0.1,78.4
1747230978008,7.3,0.0,12.5,0.0,0.0,0.1,80.1
1747230980019,7.0,0.0,12.8,0.0,0.0,0.1,80.0
1747230982031,7.2,0.0,12.5,0.0,0.0,0.2,80.2
1747230984042,8.1,0.0,13.0,0.0,0.0,0.1,78.8
1747230986052,7.2,0.0,13.2,0.0,0.0,0.0,79.5
1747230988062,6.5,0.0,14.8,0.0,0.0,0.1,78.6
1747230990070,6.8,0.0,12.6,0.0,0.0,0.0,80.5
1747230992079,7.5,0.0,12.8,0.0,0.0,0.1,79.5
1747230994090,7.5,0.0,12.5,0.0,0.0,0.1,79.9
1747230996099,6.6,0.0,13.1,0.0,0.0,0.0,80.3
1747230998109,7.0,0.0,12.3,0.0,0.0,0.0,80.7
1747231000118,6.9,0.0,12.6,0.0,0.0,0.1,80.4
1747231002127,7.1,0.0,12.2,0.0,0.0,0.2,80.5
1747231004137,7.4,0.0,12.2,0.0,0.0,0.1,80.3
1747231006148,8.2,0.0,13.3,0.0,0.0,0.1,78.4
1747231008161,6.5,0.0,12.7,0.0,0.0,0.0,80.7
1747231010170,7.2,0.0,11.7,0.0,0.0,0.2,81.0
1747231012179,6.3,0.0,12.2,0.0,0.0,0.1,81.4
1747231014186,6.5,0.0,12.0,0.0,0.0,0.0,81.4
1747231016201,7.2,0.0,11.4,0.0,0.0,0.2,81.2
1747231018247,6.7,0.0,11.7,0.0,0.0,0.1,81.5
1747231020257,6.7,0.0,12.0,0.0,0.0,0.0,81.2
1747231022265,6.6,0.0,12.2,0.0,0.0,0.1,81.1
1747231024274,7.3,0.0,12.5,0.0,0.0,0.1,80.1
1747231026293,7.7,0.0,13.1,0.0,0.0,0.1,79.1
1747231028302,8.0,0.0,13.3,0.0,0.0,0.1,78.6
1747231030313,8.7,0.0,14.4,0.0,0.0,0.2,76.7
1747231032324,7.0,0.0,14.7,0.0,0.0,0.2,78.1
1747231034335,6.7,0.0,13.2,0.0,0.0,0.2,79.9
1747231036345,6.9,0.0,13.5,0.0,0.0,0.1,79.5
1747231038356,6.5,0.0,15.3,0.0,0.0,0.0,78.3
1747231040366,7.3,0.0,15.3,0.0,0.0,0.1,77.3
1747231042377,9.3,0.0,15.3,0.0,0.0,0.2,75.2
1747231044387,6.9,0.0,13.7,0.0,0.0,0.2,79.3
1747231046398,6.9,0.0,13.5,0.0,0.0,0.1,79.5
1747231048409,7.6,0.0,11.9,0.0,0.0,0.1,80.5
1747231050419,7.2,0.0,11.9,0.0,0.0,0.0,80.9
1747231052428,6.6,0.0,12.5,0.0,0.0,0.1,80.8
1747231054436,6.2,0.0,11.5,0.0,0.0,0.1,82.1
1747231056447,6.5,0.0,11.6,0.0,0.0,0.1,81.8
1747231058460,7.2,0.0,12.9,0.0,0.0,0.1,79.9
1747231060474,7.3,0.0,12.0,0.0,0.0,0.1,80.6
1747231062490,8.4,0.0,12.1,0.0,0.0,0.2,79.3
1747231064501,8.4,0.0,12.8,0.0,0.0,0.1,78.7
1747231066520,8.0,0.0,11.5,0.0,0.0,0.1,80.4
1747231068530,7.0,0.0,11.0,0.0,0.0,0.1,81.9
1747231070540,6.7,0.0,12.0,0.0,0.0,0.1,81.2
1747231072552,7.3,0.0,12.5,0.0,0.0,0.1,80.0
1747231074563,7.0,0.0,13.3,0.0,0.0,0.1,79.5
1747231076572,7.2,0.0,12.4,0.0,0.0,0.1,80.3
1747231078584,6.2,0.0,14.1,0.0,0.0,0.0,79.7
1747231080595,6.8,0.0,13.7,0.0,0.0,0.0,79.5
1747231082606,8.2,0.0,13.2,0.0,0.0,0.2,78.5
1747231084616,8.6,0.0,14.6,0.0,0.0,0.1,76.7
1747231086626,7.4,0.0,12.4,0.0,0.0,0.0,80.1
1747231088636,7.0,0.0,12.9,0.0,0.0,0.1,80.0
1747231090645,7.8,0.0,13.2,0.0,0.0,0.0,79.0
1747231092655,7.0,0.0,13.9,0.0,0.0,0.2,78.9
1747231094664,7.2,0.0,13.2,0.0,0.0,0.1,79.5
1747231096673,7.0,0.0,13.3,0.0,0.0,0.2,79.5
1747231098681,8.8,0.0,13.4,0.0,0.0,0.0,77.8
1747231100690,8.0,0.0,13.2,0.0,0.0,0.0,78.8
1747231102700,7.6,0.0,14.2,0.0,0.0,0.2,78.0
1747231104711,8.8,0.0,13.6,0.0,0.0,0.1,77.4
1747231106719,8.0,0.0,12.3,0.0,0.0,0.0,79.7
1747231108726,6.5,0.0,12.2,0.0,0.0,0.0,81.3
1747231110736,6.6,0.0,12.7,0.0,0.0,0.0,80.7
1747231112747,6.6,0.0,11.8,0.0,0.0,0.2,81.4
1747231114755,0.0,0.0,0.0,0.0,0.0,0.0,0.0
1747231116781,9.4,0.0,16.6,0.0,0.0,0.0,74.0
1747231118845,11.1,0.0,15.4,0.0,0.0,0.1,73.4
1747231120857,10.6,0.0,15.9,0.0,0.0,0.1,73.5
1747231122870,10.1,0.0,16.0,0.0,0.0,0.1,73.8
1747231124882,9.8,0.0,15.1,0.0,0.0,0.1,75.0
1747231126893,10.6,0.0,14.3,0.0,0.0,0.0,75.2
1747231128904,10.0,0.0,15.6,0.0,0.0,0.0,74.4
1747231130913,10.7,0.0,15.6,0.0,0.0,0.0,73.7
1747231132922,9.4,0.0,13.7,0.0,0.0,0.1,76.7
1747231134932,9.2,0.0,15.7,0.0,0.0,0.1,74.9
1747231136942,10.0,0.0,15.4,0.0,0.0,0.1,74.4
1747231138953,10.6,0.0,16.6,0.0,0.0,0.1,72.7
1747231140965,7.7,0.0,12.7,0.0,0.0,0.1,79.5
1747231142977,7.0,0.0,11.6,0.0,0.0,0.2,81.2
1747231144987,7.6,0.0,12.3,0.0,0.0,0.1,80.0
1747231146998,6.9,0.0,12.1,0.0,0.0,0.0,81.0
1747231149009,0.2,0.0,0.3,0.0,0.0,0.0,99.6
1747231151020,6.0,0.0,12.8,0.0,0.0,0.0,81.2
1747231153032,6.3,0.0,13.3,0.0,0.0,0.1,80.2
1747231155042,6.6,0.0,11.4,0.0,0.0,0.2,81.8
1747231157053,0.2,0.0,0.3,0.0,0.0,0.0,99.6
1747231159063,7.2,0.0,12.3,0.0,0.0,0.0,80.5
1747231161076,7.5,0.0,12.0,0.0,0.0,0.2,80.3
1747231163088,7.8,0.0,12.9,0.0,0.0,0.2,79.2
1747231165096,0.1,0.0,0.2,0.0,0.0,0.0,99.6
1747231167111,6.9,0.0,12.9,0.0,0.0,0.0,80.1
1747231169120,7.1,0.0,12.3,0.0,0.0,0.1,80.5
1747231171128,7.3,0.0,13.2,0.0,0.0,0.0,79.5
1747231173140,7.2,0.0,13.2,0.0,0.0,0.2,79.5
1747231175157,7.3,0.0,12.6,0.0,0.0,0.0,80.0
1747231177165,7.0,0.0,13.7,0.0,0.0,0.1,79.2
1747231179176,7.5,0.0,13.2,0.0,0.0,0.1,79.1
1747231181187,7.8,0.0,13.2,0.0,0.0,0.0,78.9
1747231183197,7.8,0.0,13.7,0.0,0.0,0.2,78.3
1747231185205,7.1,0.0,14.9,0.0,0.0,0.1,78.0
1747231187214,7.7,0.0,14.7,0.0,0.0,0.1,77.5
1747231189222,7.7,0.0,13.0,0.0,0.0,0.2,79.1
1747231191234,9.2,0.0,16.3,0.0,0.0,0.1,74.4
1747231193244,7.6,0.0,14.1,0.0,0.0,0.2,78.1
1747231195254,7.5,0.0,13.7,0.0,0.0,0.1,78.6
1747231197264,7.2,0.0,14.0,0.0,0.0,0.0,78.8
1747231199274,7.0,0.0,13.1,0.0,0.0,0.1,79.7
1747231201284,6.8,0.0,14.4,0.0,0.0,0.1,78.6
1747231203293,6.9,0.0,15.9,0.0,0.0,0.2,77.0
1747231205301,7.2,0.0,15.5,0.0,0.0,0.0,77.4
1747231207309,10.0,0.0,15.4,0.0,0.0,0.1,74.5
1747231209320,9.4,0.0,14.6,0.0,0.0,0.0,76.0
1747231211330,6.8,0.0,12.5,0.0,0.0,0.1,80.6
1747231213341,7.2,0.0,12.6,0.0,0.0,0.2,80.0
1747231215350,7.5,0.0,11.3,0.0,0.0,0.0,81.2
1747231217358,7.0,0.0,11.6,0.0,0.0,0.1,81.2
1747231219367,6.8,0.0,10.9,0.0,0.0,0.1,82.2
1747231221380,6.0,0.0,12.1,0.0,0.0,0.0,81.9
1747231223396,6.5,0.0,11.4,0.0,0.0,0.1,82.0
1747231225411,6.8,0.0,11.6,0.0,0.0,0.0,81.7
1747231227425,6.9,0.0,11.6,0.0,0.0,0.0,81.4
1747231229435,8.1,0.0,11.3,0.0,0.0,0.0,80.6
1747231231465,7.5,0.0,12.1,0.0,0.0,0.0,80.4
1747231233477,7.8,0.0,12.4,0.0,0.0,0.1,79.8
1747231235489,8.7,0.0,13.3,0.0,0.0,0.2,77.8
1747231237502,7.3,0.0,12.5,0.0,0.0,0.1,80.1
1747231239512,7.5,0.0,12.9,0.0,0.0,0.2,79.4
1747231241522,7.2,0.0,13.2,0.0,0.0,0.0,79.5
1747231243531,7.4,0.0,12.8,0.0,0.0,0.1,79.7
1747231245541,7.0,0.0,13.6,0.0,0.0,0.2,79.2
1747231247551,11.8,0.0,18.0,0.0,0.0,0.2,70.0
1747231249563,11.1,0.0,17.6,0.0,0.0,0.1,71.2
1747231251575,11.3,0.0,16.9,0.0,0.0,0.1,71.7
1747231253587,12.1,0.0,16.6,0.0,0.0,0.2,71.2
1747231255598,0.0,0.0,0.0,0.0,0.0,0.0,0.0
1747231257608,10.9,0.0,15.9,0.0,0.0,0.1,73.1
1747231259618,10.5,0.0,17.5,0.0,0.0,0.1,71.9
1747231261628,11.2,0.0,17.7,0.0,0.0,0.1,71.0
1747231263639,0.0,0.0,0.0,0.0,0.0,0.0,0.0
1747231265651,10.2,0.0,15.0,0.0,0.0,0.1,74.7
1747231267670,9.3,0.0,15.3,0.0,0.0,0.0,75.3
1747231269697,9.8,0.0,15.2,0.0,0.0,0.0,75.0
1747231271715,0.1,0.0,0.1,0.0,0.0,0.0,99.8
1747231273732,6.1,0.0,11.8,0.0,0.0,0.2,81.9
1747231275739,6.3,0.0,11.0,0.0,0.0,0.1,82.6
1747231277749,6.7,0.0,11.0,0.0,0.0,0.0,82.4
1747231279758,0.1,0.0,0.2,0.0,0.0,0.0,99.7
1747231281767,6.4,0.0,11.6,0.0,0.0,0.0,82.0
1747231283778,7.1,0.0,11.3,0.0,0.0,0.0,81.6
1747231285790,6.8,0.0,11.9,0.0,0.0,0.1,81.2
1747231287803,6.6,0.0,12.1,0.0,0.0,0.1,81.2
1747231289814,8.1,0.0,11.8,0.0,0.0,0.0,80.0
1747231291824,8.1,0.0,14.1,0.0,0.0,0.0,77.7
1747231293834,9.5,0.0,15.1,0.0,0.0,0.0,75.3
1747231295843,7.4,0.0,12.3,0.0,0.0,0.0,80.3
1747231297854,7.4,0.0,12.2,0.0,0.0,0.1,80.2
1747231299865,7.1,0.0,12.5,0.0,0.0,0.1,80.3
1747231301875,6.8,0.0,12.7,0.0,0.0,0.0,80.4
1747231303886,7.2,0.0,12.3,0.0,0.0,0.1,80.5
1747231305897,6.8,0.0,12.8,0.0,0.0,0.0,80.3
1747231307908,6.7,0.0,13.8,0.0,0.0,0.0,79.5
1747231309919,8.0,0.0,14.8,0.0,0.0,0.0,77.2
1747231311929,7.8,0.0,13.5,0.0,0.0,0.1,78.7
1747231313938,11.1,0.0,18.7,0.0,0.0,0.0,70.2
1747231315947,10.9,0.0,16.8,0.0,0.0,0.0,72.2
1747231317959,10.8,0.0,16.8,0.0,0.0,0.1,72.3
1747231319969,11.2,0.0,16.7,0.0,0.0,0.1,72.1
1747231321984,10.6,0.0,15.6,0.0,0.0,0.0,73.8
1747231324012,9.7,0.0,16.0,0.0,0.0,0.1,74.3
1747231326045,9.7,0.0,16.3,0.0,0.0,0.0,74.0
1747231328074,10.0,0.0,15.9,0.0,0.0,0.1,74.0
1747231330105,0.0,0.0,0.0,0.0,0.0,0.0,0.0
1747231332118,10.0,0.0,14.5,0.0,0.0,0.0,75.6
1747231334133,9.7,0.0,14.8,0.0,0.0,0.1,75.4
1747231336148,9.9,0.0,14.1,0.0,0.0,0.0,76.0
1747231338164,0.2,0.0,0.3,0.0,0.0,0.0,99.4
1747231340176,6.8,0.0,11.6,0.0,0.0,0.0,81.6
1747231342187,7.0,0.0,11.7,0.0,0.0,0.0,81.3
1747231344198,8.2,0.0,12.3,0.0,0.0,0.0,79.4
1747231346208,0.1,0.0,0.2,0.0,0.0,0.0,99.7
1747231348218,6.5,0.0,11.7,0.0,0.0,0.1,81.7
1747231350228,6.4,0.0,11.8,0.0,0.0,0.1,81.7
1747231352238,6.6,0.0,12.0,0.0,0.0,0.1,81.3
1747231354248,6.6,0.0,12.5,0.0,0.0,0.1,80.7
1747231356257,6.7,0.0,11.7,0.0,0.0,0.1,81.5
1747231358266,6.3,0.0,13.4,0.0,0.0,0.0,80.2
1747231360275,7.0,0.0,13.1,0.0,0.0,0.1,79.8
1747231362285,7.2,0.0,12.8,0.0,0.0,0.2,79.9
1747231364295,7.3,0.0,12.6,0.0,0.0,0.0,80.0
1747231366308,6.4,0.0,12.3,0.0,0.0,0.2,81.1
1747231368322,6.5,0.0,12.2,0.0,0.0,0.0,81.3
1747231370334,7.0,0.0,11.7,0.0,0.0,0.0,81.2
1747231372369,9.3,0.0,14.4,0.0,0.0,0.0,76.3
1747231374407,10.6,0.0,15.8,0.0,0.0,0.0,73.5
1747231376422,10.6,0.0,16.1,0.0,0.0,0.0,73.3
1747231378434,10.4,0.0,16.9,0.0,0.0,0.0,72.7
1747231380447,9.5,0.0,13.6,0.0,0.0,0.1,76.8
1747231382459,10.3,0.0,14.8,0.0,0.0,0.1,74.8
1747231384479,9.8,0.0,14.6,0.0,0.0,0.1,75.6
1747231386499,10.4,0.0,15.4,0.0,0.0,0.0,74.2
1747231388519,0.0,0.0,0.0,0.0,0.0,0.0,0.0
1747231390530,9.2,0.0,15.8,0.0,0.0,0.1,74.8
1747231392542,9.4,0.0,17.2,0.0,0.0,0.1,73.3
1747231394553,9.5,0.0,16.8,0.0,0.0,0.1,73.6
1747231396565,0.0,0.0,0.0,0.0,0.0,0.0,0.0
1747231398576,9.6,0.0,14.7,0.0,0.0,0.0,75.7
1747231400585,9.9,0.0,14.3,0.0,0.0,0.1,75.7
1747231402594,9.1,0.0,14.9,0.0,0.0,0.1,75.9
1747231404603,0.0,0.0,0.0,0.0,0.0,0.0,100.0
1747231406612,6.3,0.0,10.4,0.0,0.0,0.1,83.2
1747231408620,5.7,0.0,10.9,0.0,0.0,0.1,83.4
1747231410628,5.7,0.0,11.3,0.0,0.0,0.0,82.9
1747231412637,6.2,0.0,11.0,0.0,0.0,0.1,82.7
1747231414644,7.2,0.0,11.3,0.0,0.0,0.1,81.4
1747231416653,6.2,0.0,10.4,0.0,0.0,0.0,83.3
1747231418661,6.1,0.0,10.4,0.0,0.0,0.0,83.5
1747231420670,6.8,0.0,10.3,0.0,0.0,0.1,82.8
1747231422687,7.5,0.0,10.6,0.0,0.0,0.2,81.7
1747231424729,8.5,0.0,16.5,0.0,0.0,0.0,75.0
1747231426751,9.7,0.0,14.3,0.0,0.0,0.0,76.0
1747231428768,10.2,0.0,14.5,0.0,0.0,0.0,75.3
1747231430782,0.0,0.0,0.0,0.0,0.0,0.0,0.0
1747231432793,9.2,0.0,15.0,0.0,0.0,0.2,75.6
1747231434805,9.7,0.0,14.6,0.0,0.0,0.0,75.7
1747231436817,9.9,0.0,14.2,0.0,0.0,0.0,75.9
1747231438829,0.1,0.0,0.1,0.0,0.0,0.0,99.8
1747231440840,6.9,0.0,13.0,0.0,0.0,0.0,80.0
1747231442849,6.5,0.0,13.1,0.0,0.0,0.1,80.2
1747231444859,6.5,0.0,13.9,0.0,0.0,0.1,79.4
1747231446871,7.5,0.0,14.8,0.0,0.0,0.0,77.7
1747231448883,6.5,0.0,11.6,0.0,0.0,0.1,81.8
1747231450894,6.5,0.0,11.3,0.0,0.0,0.1,82.1
1747231452904,6.2,0.0,11.9,0.0,0.0,0.3,81.6
1747231454913,6.4,0.0,12.0,0.0,0.0,0.0,81.6
1747231456921,6.5,0.0,11.8,0.0,0.0,0.1,81.7
1747231458931,5.9,0.0,12.6,0.0,0.0,0.1,81.4
1747231460942,6.0,0.0,11.8,0.0,0.0,0.1,82.0
1747231462962,6.7,0.0,11.4,0.0,0.0,0.1,81.7
1747231464999,7.1,0.0,12.1,0.0,0.0,0.0,80.8
1747231467012,7.3,0.0,11.1,0.0,0.0,0.0,81.6
1747231469021,7.6,0.0,11.2,0.0,0.0,0.0,81.2
1747231471036,6.7,0.0,10.7,0.0,0.0,0.0,82.5
1747231473052,6.6,0.0,11.1,0.0,0.0,0.0,82.2
1747231475079,6.4,0.0,11.2,0.0,0.0,0.0,82.3
1747231477098,6.7,0.0,11.3,0.0,0.0,0.1,82.0
1747231479109,7.1,0.0,12.3,0.0,0.0,0.0,80.6
1747231481119,6.9,0.0,12.8,0.0,0.0,0.0,80.3
1747231483128,7.4,0.0,13.6,0.0,0.0,0.2,78.8
1747231485136,7.5,0.0,13.7,0.0,0.0,0.1,78.8
1747231487145,8.7,0.0,14.4,0.0,0.0,0.1,76.8
1747231489157,10.8,0.0,15.7,0.0,0.0,0.0,73.5
1747231491166,12.0,0.0,17.4,0.0,0.0,0.1,70.5
1747231493177,12.3,0.0,16.8,0.0,0.0,0.2,70.6
1747231495188,11.5,0.0,19.5,0.0,0.0,0.1,68.9
1747231497199,0.0,0.0,0.0,0.0,0.0,0.0,0.0
1747231499210,11.0,0.0,17.2,0.0,0.0,0.1,71.7
1747231501222,11.4,0.0,17.1,0.0,0.0,0.0,71.4
1747231503233,11.9,0.0,18.5,0.0,0.0,0.3,69.2
1747231505245,0.0,0.0,0.0,0.0,0.0,0.0,0.0
1747231507258,9.2,0.0,16.9,0.0,0.0,0.2,73.8
1747231509275,9.8,0.0,15.4,0.0,0.0,0.1,74.8
1747231511298,9.7,0.0,15.6,0.0,0.0,0.0,74.6
1747231513318,0.2,0.0,0.2,0.0,0.0,0.0,99.6
1747231515335,7.2,0.0,12.1,0.0,0.0,0.2,80.6
1747231517344,6.8,0.0,11.9,0.0,0.0,0.1,81.1
1747231519352,6.5,0.0,12.5,0.0,0.0,0.1,80.8
1747231521370,8.3,0.0,12.5,0.0,0.0,0.2,78.9
1747231523380,7.0,0.0,11.9,0.0,0.0,0.2,80.9
1747231525389,7.6,0.0,12.3,0.0,0.0,0.1,79.9
1747231527400,7.8,0.0,13.2,0.0,0.0,0.1,78.9
1747231529409,7.5,0.0,11.9,0.0,0.0,0.0,80.6
1747231531417,6.7,0.0,12.0,0.0,0.0,0.0,81.3
1747231533428,7.1,0.0,12.2,0.0,0.0,0.2,80.5
1747231535439,6.7,0.0,12.5,0.0,0.0,0.0,80.8
1747231537449,0.0,0.0,0.0,0.0,0.0,0.0,0.0
1747231539459,10.7,0.0,16.2,0.0,0.0,0.1,73.0
1747231541470,10.6,0.0,16.4,0.0,0.0,0.0,73.0
1747231543482,11.0,0.0,16.0,0.0,0.0,0.1,72.9
1747231545493,11.8,0.0,16.9,0.0,0.0,0.1,71.2
1747231547504,10.4,0.0,14.0,0.0,0.0,0.1,75.4
1747231549515,10.5,0.0,15.5,0.0,0.0,0.1,73.9
1747231551527,10.9,0.0,15.0,0.0,0.0,0.1,74.0
1747231553537,10.6,0.0,16.4,0.0,0.0,0.2,72.7
1747231555548,7.8,0.0,11.1,0.0,0.0,0.2,80.9
1747231557556,9.3,0.0,15.3,0.0,0.0,0.1,75.2
1747231559567,10.2,0.0,15.0,0.0,0.0,0.0,74.8
1747231561584,9.9,0.0,14.4,0.0,0.0,0.1,75.7
1747231563605,0.0,0.0,0.0,0.0,0.0,0.0,100.0
1747231565615,6.5,0.0,11.3,0.0,0.0,0.1,82.1
1747231567623,6.7,0.0,11.7,0.0,0.0,0.1,81.6
1747231569632,6.8,0.0,12.2,0.0,0.0,0.1,80.9
1747231571639,0.1,0.0,0.2,0.0,0.0,0.0,99.6
1747231573648,6.5,0.0,12.1,0.0,0.0,0.2,81.2
1747231575656,6.7,0.0,12.3,0.0,0.0,0.0,81.0
1747231577665,6.8,0.0,12.1,0.0,0.0,0.2,81.0
1747231579676,0.1,0.0,0.2,0.0,0.0,0.0,99.7
1747231581687,6.8,0.0,12.7,0.0,0.0,0.1,80.4
1747231583702,7.0,0.0,13.7,0.0,0.0,0.0,79.3
1747231585713,7.3,0.0,14.8,0.0,0.0,0.1,77.9
1747231587724,0.2,0.0,0.3,0.0,0.0,0.0,99.6
1747231589736,8.3,0.0,13.7,0.0,0.0,0.0,78.0
1747231591750,10.0,0.0,15.7,0.0,0.0,0.1,74.3
1747231593761,7.1,0.0,13.2,0.0,0.0,0.0,79.6
1747231595772,8.6,0.0,12.7,0.0,0.0,0.1,78.7
1747231597783,7.3,0.0,13.3,0.0,0.0,0.1,79.3
1747231599795,6.9,0.0,13.5,0.0,0.0,0.0,79.6
1747231601807,7.3,0.0,14.1,0.0,0.0,0.1,78.5
1747231603818,8.2,0.0,14.0,0.0,0.0,0.0,77.8
1747231605828,8.8,0.0,14.0,0.0,0.0,0.1,77.1
1747231607839,9.2,0.0,15.3,0.0,0.0,0.0,75.5
1747231609849,8.8,0.0,13.7,0.0,0.0,0.1,77.3
1747231611861,0.0,0.0,0.0,0.0,0.0,0.0,0.0
1747231613872,9.7,0.0,14.1,0.0,0.0,0.2,76.0
1747231615908,10.6,0.0,16.0,0.0,0.0,0.1,73.3
1747231617928,10.6,0.0,15.8,0.0,0.0,0.0,73.6
1747231619948,11.1,0.0,17.4,0.0,0.0,0.1,71.4
1747231621963,9.5,0.0,13.7,0.0,0.0,0.0,76.8
1747231623976,10.1,0.0,15.4,0.0,0.0,0.1,74.3
1747231625998,10.0,0.0,15.6,0.0,0.0,0.0,74.4
1747231628015,10.6,0.0,16.4,0.0,0.0,0.1,73.0
1747231630028,9.1,0.0,12.2,0.0,0.0,0.1,78.6
1747231632040,10.4,0.0,14.1,0.0,0.0,0.0,75.5
1747231634055,10.1,0.0,15.1,0.0,0.0,0.0,74.8
1747231636067,10.8,0.0,16.1,0.0,0.0,0.1,73.1
1747231638078,7.8,0.0,12.9,0.0,0.0,0.1,79.2
1747231640090,7.3,0.0,12.2,0.0,0.0,0.0,80.4
1747231642100,7.1,0.0,12.3,0.0,0.0,0.0,80.6
1747231644109,7.2,0.0,13.0,0.0,0.0,0.0,79.7
1747231646119,0.2,0.0,0.3,0.0,0.0,0.0,99.5
1747231648129,7.5,0.0,13.5,0.0,0.0,0.1,79.0
1747231650138,7.4,0.0,14.0,0.0,0.0,0.1,78.5
1747231652148,6.6,0.0,14.3,0.0,0.0,0.1,79.0
1747231654160,0.2,0.0,0.2,0.0,0.0,0.0,99.6
1747231656170,7.8,0.0,12.9,0.0,0.0,0.0,79.3
1747231658179,7.4,0.0,14.0,0.0,0.0,0.0,78.5
1747231660187,7.3,0.0,14.5,0.0,0.0,0.0,78.2
1747231662198,8.2,0.0,13.8,0.0,0.0,0.0,78.0
1747231664209,7.2,0.0,14.2,0.0,0.0,0.0,78.5
1747231666220,8.4,0.0,13.8,0.0,0.0,0.1,77.7
1747231668230,7.7,0.0,12.6,0.0,0.0,0.1,79.6
1747231670241,0.0,0.0,0.0,0.0,0.0,0.0,0.0
1747231672272,9.6,0.0,14.7,0.0,0.0,0.1,75.6
1747231674345,10.5,0.0,16.4,0.0,0.0,0.0,73.0
1747231676358,11.1,0.0,16.2,0.0,0.0,0.1,72.6
1747231678371,11.1,0.0,16.0,0.0,0.0,0.0,72.9
1747231680387,10.1,0.0,15.2,0.0,0.0,0.1,74.6
1747231682400,10.2,0.0,15.9,0.0,0.0,0.1,73.9
1747231684412,10.0,0.0,16.6,0.0,0.0,0.0,73.3
1747231686424,10.5,0.0,16.7,0.0,0.0,0.1,72.7
1747231688440,9.1,0.0,13.4,0.0,0.0,0.1,77.3
1747231690453,9.6,0.0,15.8,0.0,0.0,0.1,74.4
1747231692464,10.1,0.0,15.2,0.0,0.0,0.1,74.6
1747231694475,10.7,0.0,16.0,0.0,0.0,0.1,73.2
1747231696486,7.6,0.0,12.2,0.0,0.0,0.2,80.0
1747231698497,7.3,0.0,12.3,0.0,0.0,0.2,80.2
1747231700508,6.8,0.0,12.4,0.0,0.0,0.1,80.7
1747231702520,7.3,0.0,11.7,0.0,0.0,0.1,80.9
1747231704530,9.1,0.0,12.4,0.0,0.0,0.1,78.4
1747231706540,9.3,0.0,14.6,0.0,0.0,0.1,76.0
1747231708549,7.0,0.0,13.1,0.0,0.0,0.2,79.7
1747231710558,7.0,0.0,14.6,0.0,0.0,0.0,78.3
1747231712569,7.4,0.0,12.8,0.0,0.0,0.2,79.6
1747231714579,6.4,0.0,12.7,0.0,0.0,0.0,80.8
1747231716590,6.8,0.0,12.9,0.0,0.0,0.0,80.3
1747231718600,7.4,0.0,12.8,0.0,0.0,0.2,79.5
1747231720610,0.0,0.0,0.0,0.0,0.0,0.0,0.0
1747231722633,9.3,0.0,15.2,0.0,0.0,0.1,75.4
1747231724684,10.1,0.0,16.0,0.0,0.0,0.0,73.8
1747231726702,10.5,0.0,15.3,0.0,0.0,0.1,74.2
1747231728715,0.0,0.0,0.0,0.0,0.0,0.0,0.0
1747231730728,10.3,0.0,14.5,0.0,0.0,0.1,75.1
1747231732743,9.2,0.0,15.8,0.0,0.0,0.1,75.0
1747231734759,9.8,0.0,15.5,0.0,0.0,0.2,74.5
1747231736778,9.2,0.0,15.3,0.0,0.0,0.1,75.5
1747231738791,10.1,0.0,15.2,0.0,0.0,0.1,74.6
1747231740802,9.9,0.0,15.1,0.0,0.0,0.1,74.9
1747231742812,9.4,0.0,15.5,0.0,0.0,0.1,75.0
1747231744822,10.2,0.0,15.9,0.0,0.0,0.1,73.8
1747231746831,6.6,0.0,11.6,0.0,0.0,0.1,81.7
1747231748840,6.8,0.0,11.0,0.0,0.0,0.1,82.0
1747231750850,7.3,0.0,10.6,0.0,0.0,0.1,81.9
1747231752862,6.7,0.0,11.7,0.0,0.0,0.3,81.3
1747231754873,7.4,0.0,12.2,0.0,0.0,0.2,80.2
1747231756884,7.1,0.0,11.4,0.0,0.0,0.2,81.4
1747231758895,7.5,0.0,11.8,0.0,0.0,0.2,80.5
1747231760906,7.2,0.0,12.3,0.0,0.0,0.1,80.3
1747231762917,0.1,0.0,0.2,0.0,0.0,0.0,99.6
1747231764928,7.7,0.0,12.4,0.0,0.0,0.1,79.8
1747231766938,6.4,0.0,13.1,0.0,0.0,0.1,80.3
1747231768949,6.5,0.0,13.0,0.0,0.0,0.1,80.4
1747231770960,0.1,0.0,0.2,0.0,0.0,0.0,99.6
1747231772969,7.1,0.0,12.7,0.0,0.0,0.2,80.0
1747231774976,6.5,0.0,12.9,0.0,0.0,0.1,80.5
1747231776987,6.9,0.0,12.6,0.0,0.0,0.0,80.5
1747231779000,8.3,0.0,12.6,0.0,0.0,0.1,79.0
1747231781014,7.7,0.0,13.2,0.0,0.0,0.1,79.0
1747231783026,8.2,0.0,13.8,0.0,0.0,0.2,77.8
1747231785044,7.5,0.0,13.1,0.0,0.0,0.1,79.3
1747231787055,0.0,0.0,0.0,0.0,0.0,0.0,0.0
1747231789074,10.8,0.0,16.2,0.0,0.0,0.0,73.0
1747231791087,11.7,0.0,15.9,0.0,0.0,0.0,72.3
1747231793099,11.3,0.0,17.2,0.0,0.0,0.1,71.4
1747231795110,0.0,0.0,0.0,0.0,0.0,0.0,0.0
1747231797121,11.1,0.0,16.8,0.0,0.0,0.0,72.1
1747231799132,10.8,0.0,16.2,0.0,0.0,0.1,72.9
1747231801144,11.4,0.0,16.0,0.0,0.0,0.1,72.5
1747231803154,10.7,0.0,16.3,0.0,0.0,0.1,73.0
1747231805164,9.9,0.0,16.5,0.0,0.0,0.0,73.5
1747231807173,10.5,0.0,16.2,0.0,0.0,0.0,73.2
1747231809184,10.3,0.0,16.8,0.0,0.0,0.1,72.8
1747231811195,10.0,0.0,15.7,0.0,0.0,0.0,74.3
1747231813208,9.2,0.0,13.9,0.0,0.0,0.1,76.8
1747231815222,9.1,0.0,15.2,0.0,0.0,0.1,75.6
1747231817250,9.9,0.0,14.0,0.0,0.0,0.0,76.1
1747231819276,9.7,0.0,15.0,0.0,0.0,0.0,75.2
1747231821291,6.8,0.0,10.7,0.0,0.0,0.1,82.4
1747231823299,6.5,0.0,11.1,0.0,0.0,0.2,82.2
1747231825306,6.2,0.0,11.1,0.0,0.0,0.1,82.5
1747231827323,6.5,0.0,10.8,0.0,0.0,0.1,82.6
1747231829340,7.5,0.0,11.4,0.0,0.0,0.0,81.1
1747231831356,6.5,0.0,11.1,0.0,0.0,0.0,82.3
1747231833365,7.5,0.0,12.6,0.0,0.0,0.1,79.9
1747231835375,7.5,0.0,12.6,0.0,0.0,0.1,79.8
1747231837388,0.2,0.0,0.2,0.0,0.0,0.0,99.6
1747231839400,7.0,0.0,12.5,0.0,0.0,0.0,80.5
1747231841411,7.5,0.0,12.4,0.0,0.0,0.0,80.1
1747231843422,7.2,0.0,12.9,0.0,0.0,0.1,79.8
1747231845433,0.1,0.0,0.2,0.0,0.0,0.0,99.6
1747231847444,7.5,0.0,13.4,0.0,0.0,0.2,78.9
1747231849454,7.7,0.0,14.4,0.0,0.0,0.1,77.8
1747231851464,7.8,0.0,13.3,0.0,0.0,0.0,78.8
1747231853476,0.0,0.0,0.0,0.0,0.0,0.0,0.0
1747231855487,11.5,0.0,17.3,0.0,0.0,0.0,71.1
1747231857499,11.2,0.0,17.2,0.0,0.0,0.2,71.3
1747231859511,11.2,0.0,16.5,0.0,0.0,0.1,72.2
1747231861522,11.1,0.0,16.3,0.0,0.0,0.1,72.4
1747231863531,10.9,0.0,15.3,0.0,0.0,0.2,73.5
1747231865541,10.6,0.0,16.3,0.0,0.0,0.2,72.9
1747231867552,10.7,0.0,16.1,0.0,0.0,0.0,73.1
1747231869568,10.9,0.0,16.5,0.0,0.0,0.1,72.5
1747231871593,9.3,0.0,13.4,0.0,0.0,0.1,77.2
1747231873606,10.2,0.0,15.8,0.0,0.0,0.3,73.7
1747231875622,9.8,0.0,15.5,0.0,0.0,0.1,74.5
1747231877639,9.6,0.0,16.3,0.0,0.0,0.0,74.1
1747231879656,5.8,0.0,11.6,0.0,0.0,0.0,82.6
1747231881664,6.6,0.0,10.9,0.0,0.0,0.1,82.5
1747231883673,6.0,0.0,10.8,0.0,0.0,0.2,83.1
1747231885684,6.0,0.0,11.4,0.0,0.0,0.2,82.5
1747231887698,6.7,0.0,11.6,0.0,0.0,0.1,81.5
1747231889708,7.0,0.0,11.0,0.0,0.0,0.1,82.0
1747231891719,6.5,0.0,11.8,0.0,0.0,0.0,81.7
1747231893731,7.7,0.0,13.4,0.0,0.0,0.2,78.8
1747231895742,8.8,0.0,12.6,0.0,0.0,0.1,78.5
1747231897754,7.3,0.0,11.7,0.0,0.0,0.1,80.9
1747231899765,7.7,0.0,12.5,0.0,0.0,0.0,79.7
1747231901776,7.2,0.0,12.2,0.0,0.0,0.1,80.6
1747231903786,8.0,0.0,11.6,0.0,0.0,0.1,80.2
1747231905797,6.8,0.0,12.0,0.0,0.0,0.0,81.2
1747231907808,6.6,0.0,12.6,0.0,0.0,0.1,80.7
1747231909819,6.7,0.0,12.8,0.0,0.0,0.0,80.5
1747231911829,7.8,0.0,12.6,0.0,0.0,0.0,79.5
1747231913840,6.5,0.0,12.7,0.0,0.0,0.1,80.7
1747231915850,7.1,0.0,14.6,0.0,0.0,0.0,78.2
1747231917861,7.4,0.0,12.4,0.0,0.0,0.2,80.0
1747231919872,9.4,0.0,13.4,0.0,0.0,0.1,77.1
1747231921883,7.8,0.0,13.0,0.0,0.0,0.1,79.1
1747231923894,7.4,0.0,13.1,0.0,0.0,0.2,79.4
1747231925905,7.7,0.0,13.6,0.0,0.0,0.1,78.7
1747231927916,8.5,0.0,13.2,0.0,0.0,0.1,78.2
1747231929925,7.5,0.0,13.7,0.0,0.0,0.0,78.8
1747231931936,7.4,0.0,14.6,0.0,0.0,0.0,78.0
1747231933947,7.0,0.0,13.6,0.0,0.0,0.1,79.3
1747231935957,8.0,0.0,13.0,0.0,0.0,0.0,79.0
1747231937967,6.7,0.0,14.2,0.0,0.0,0.0,79.1
1747231939985,6.8,0.0,12.8,0.0,0.0,0.0,80.3
1747231942004,6.9,0.0,14.1,0.0,0.0,0.0,79.0
1747231944024,0.0,0.0,0.0,0.0,0.0,0.0,0.0
1747231946050,10.1,0.0,16.0,0.0,0.0,0.0,73.9
1747231948069,10.1,0.0,15.2,0.0,0.0,0.0,74.7
1747231950083,9.7,0.0,15.3,0.0,0.0,0.0,75.0
1747231952095,11.4,0.0,16.8,0.0,0.0,0.1,71.7
1747231954106,9.2,0.0,14.2,0.0,0.0,0.1,76.5
1747231956116,10.0,0.0,16.5,0.0,0.0,0.1,73.4
1747231958127,10.8,0.0,15.8,0.0,0.0,0.0,73.3
1747231960138,10.7,0.0,16.7,0.0,0.0,0.1,72.5
1747231962148,8.1,0.0,11.3,0.0,0.0,0.1,80.5
1747231964157,7.2,0.0,11.4,0.0,0.0,0.1,81.3
1747231966166,6.6,0.0,11.7,0.0,0.0,0.1,81.6
1747231968176,6.9,0.0,11.9,0.0,0.0,0.2,81.1
1747231970186,0.1,0.0,0.2,0.0,0.0,0.0,99.7
1747231972197,7.3,0.0,11.2,0.0,0.0,0.1,81.3
1747231974208,7.2,0.0,11.9,0.0,0.0,0.1,80.8
