timestamp_ms,usr%,nice%,sys%,iowait%,irq%,soft%,steal%,idle%
1747228457833,7.0,0.0,10.7,0.0,0.0,0.1,82.2
1747228459847,7.3,0.0,10.2,0.0,0.0,0.0,82.4
1747228461860,0.0,0.0,0.0,0.0,0.0,0.0,0.0
1747228463872,6.5,0.0,10.9,0.0,0.0,0.2,82.5
1747228465883,7.0,0.0,10.7,0.0,0.0,0.1,82.2
1747228467894,6.6,0.0,10.9,0.0,0.0,0.0,82.5
1747228469906,0.0,0.0,0.0,0.0,0.0,0.0,0.0
1747228471915,6.7,0.0,10.1,0.0,0.0,0.2,83.0
1747228473927,6.8,0.0,10.0,0.0,0.0,0.1,83.1
1747228475939,6.6,0.0,10.2,0.0,0.0,0.1,83.1
1747228477951,6.8,0.0,9.8,0.0,0.0,0.0,83.4
1747228479964,5.2,0.0,8.2,0.0,0.0,0.1,86.6
1747228481975,5.1,0.0,8.4,0.0,0.0,0.1,86.5
1747228483986,5.1,0.0,8.4,0.0,0.0,0.1,86.4
1747228485997,5.1,0.0,8.5,0.0,0.0,0.1,86.3
1747228488009,5.4,0.0,8.6,0.0,0.0,0.2,85.9
1747228490019,5.1,0.0,8.4,0.0,0.0,0.1,86.4
1747228492030,5.0,0.0,9.4,0.0,0.0,0.1,85.5
1747228494040,5.2,0.0,9.4,0.0,0.0,0.2,85.2
1747228496051,5.4,0.0,10.3,0.0,0.0,0.0,84.2
1747228498062,5.5,0.0,9.7,0.0,0.0,0.1,84.7
1747228500072,5.2,0.0,10.0,0.0,0.0,0.3,84.5
1747228502081,5.3,0.0,10.4,0.0,0.0,0.1,84.2
1747228504089,5.2,0.0,9.6,0.0,0.0,0.2,85.0
1747228506099,5.1,0.0,9.4,0.0,0.0,0.1,85.3
1747228508111,5.2,0.0,9.6,0.0,0.0,0.0,85.2
1747228510121,5.2,0.0,11.1,0.0,0.0,0.3,83.4
1747228512130,5.2,0.0,9.7,0.0,0.0,0.1,85.0
1747228514142,5.4,0.0,10.1,0.0,0.0,0.1,84.4
1747228516151,6.0,0.0,9.7,0.0,0.0,0.0,84.2
1747228518160,5.4,0.0,10.4,0.0,0.0,0.3,83.9
1747228520169,5.1,0.0,9.6,0.0,0.0,0.2,85.1
1747228522179,5.2,0.0,10.0,0.0,0.0,0.1,84.7
1747228524187,5.5,0.0,9.4,0.0,0.0,0.1,85.0
1747228526200,5.2,0.0,9.7,0.0,0.0,0.1,85.0
1747228528211,5.0,0.0,9.2,0.0,0.0,0.1,85.6
1747228530225,5.2,0.0,9.4,0.0,0.0,0.2,85.1
1747228532235,4.9,0.0,10.1,0.0,0.0,0.2,84.8
1747228534244,5.9,0.0,9.4,0.0,0.0,0.0,84.7
1747228536253,5.6,0.0,9.8,0.0,0.0,0.1,84.4
1747228538266,5.8,0.0,9.7,0.0,0.0,0.0,84.5
1747228540276,6.0,0.0,10.2,0.0,0.0,0.3,83.5
1747228542288,6.7,0.0,10.9,0.0,0.0,0.2,82.2
1747228544299,5.9,0.0,9.6,0.0,0.0,0.2,84.3
1747228546310,5.3,0.0,9.6,0.0,0.0,0.1,85.0
1747228548320,5.6,0.0,9.9,0.0,0.0,0.1,84.5
1747228550330,5.9,0.0,10.4,0.0,0.0,0.3,83.5
1747228552341,6.0,0.0,10.8,0.0,0.0,0.3,82.8
1747228554351,5.4,0.0,9.5,0.0,0.0,0.0,85.0
1747228556362,5.3,0.0,9.7,0.0,0.0,0.1,84.9
1747228558372,5.6,0.0,9.7,0.0,0.0,0.2,84.5
1747228560383,6.0,0.0,10.2,0.0,0.0,0.2,83.5
1747228562394,5.4,0.0,9.4,0.0,0.0,0.1,85.1
1747228564405,5.7,0.0,9.9,0.0,0.0,0.3,84.1
1747228566416,5.6,0.0,10.2,0.0,0.0,0.2,84.0
1747228568427,7.3,0.0,10.1,0.0,0.0,0.2,82.5
1747228570438,5.5,0.0,9.2,0.0,0.0,0.3,85.0
1747228572449,5.4,0.0,9.7,0.0,0.0,0.2,84.7
1747228574460,4.9,0.0,10.1,0.0,0.0,0.1,84.9
1747228576470,6.0,0.0,9.5,0.0,0.0,0.2,84.3
1747228578480,4.7,0.0,9.6,0.0,0.0,0.1,85.5
1747228580491,5.2,0.0,9.9,0.0,0.0,0.2,84.7
1747228582501,5.8,0.0,10.2,0.0,0.0,0.2,83.8
1747228584512,6.8,0.0,9.7,0.0,0.0,0.2,83.3
1747228586523,5.6,0.0,9.1,0.0,0.0,0.1,85.1
1747228588534,5.6,0.0,9.5,0.0,0.0,0.1,84.8
1747228590545,6.6,0.0,10.3,0.0,0.0,0.1,83.0
1747228592555,8.1,0.0,11.0,0.0,0.0,0.4,80.5
1747228594564,5.1,0.0,9.1,0.0,0.0,0.1,85.7
1747228596572,4.8,0.0,9.3,0.0,0.0,0.0,85.9
1747228598584,5.2,0.0,8.5,0.0,0.0,0.0,86.2
1747228600601,5.9,0.0,8.7,0.0,0.0,0.1,85.3
1747228602611,5.0,0.0,8.7,0.0,0.0,0.0,86.2
1747228604622,4.6,0.0,10.1,0.0,0.0,0.2,85.1
1747228606633,5.1,0.0,9.5,0.0,0.0,0.1,85.3
1747228608643,6.4,0.0,9.6,0.0,0.0,0.1,83.9
1747228610655,5.5,0.0,9.3,0.0,0.0,0.1,85.1
1747228612667,5.2,0.0,9.3,0.0,0.0,0.0,85.5
1747228614679,5.3,0.0,9.2,0.0,0.0,0.1,85.4
1747228616691,7.6,0.0,10.9,0.0,0.0,0.2,81.3
1747228618702,5.1,0.0,9.6,0.0,0.0,0.0,85.3
1747228620712,5.5,0.0,9.5,0.0,0.0,0.1,84.9
1747228622723,5.2,0.0,9.4,0.0,0.0,0.1,85.2
1747228624734,5.7,0.0,10.1,0.0,0.0,0.2,84.0
1747228626745,5.2,0.0,8.9,0.0,0.0,0.1,85.8
1747228628757,5.2,0.0,9.3,0.0,0.0,0.1,85.4
1747228630768,5.6,0.0,8.8,0.0,0.0,0.1,85.6
1747228632779,5.9,0.0,9.3,0.0,0.0,0.2,84.7
1747228634790,4.8,0.0,10.1,0.0,0.0,0.1,85.0
1747228636802,5.1,0.0,9.7,0.0,0.0,0.1,85.1
1747228638814,5.2,0.0,9.3,0.0,0.0,0.0,85.5
1747228640825,6.1,0.0,10.2,0.0,0.0,0.1,83.7
1747228642837,5.7,0.0,10.0,0.0,0.0,0.1,84.3
1747228644849,6.0,0.0,9.9,0.0,0.0,0.1,83.9
1747228646860,5.9,0.0,10.0,0.0,0.0,0.0,84.0
1747228648873,6.0,0.0,9.7,0.0,0.0,0.1,84.2
1747228650885,5.8,0.0,10.3,0.0,0.0,0.1,83.8
1747228652896,5.6,0.0,8.8,0.0,0.0,0.1,85.5
1747228654907,5.5,0.0,9.1,0.0,0.0,0.0,85.3
1747228656918,6.7,0.0,8.9,0.0,0.0,0.0,84.4
1747228658928,4.9,0.0,9.5,0.0,0.0,0.0,85.5
1747228660939,5.5,0.0,9.0,0.0,0.0,0.1,85.4
1747228662951,5.2,0.0,9.2,0.0,0.0,0.2,85.4
1747228664961,6.3,0.0,9.2,0.0,0.0,0.5,84.0
1747228666973,5.9,0.0,9.4,0.0,0.0,0.1,84.5
1747228668984,5.4,0.0,9.6,0.0,0.0,0.1,84.9
1747228670994,5.4,0.0,10.6,0.0,0.0,0.1,83.9
1747228673017,7.1,0.0,10.7,0.0,0.0,0.1,82.1
1747228675041,5.2,0.0,9.2,0.0,0.0,0.3,85.3
1747228677048,5.8,0.0,8.8,0.0,0.0,0.1,85.3
1747228679057,5.2,0.0,9.2,0.0,0.0,0.0,85.5
1747228681069,5.7,0.0,9.6,0.0,0.0,0.2,84.5
1747228683078,4.9,0.0,10.1,0.0,0.0,0.0,85.0
1747228685089,5.0,0.0,10.0,0.0,0.0,0.2,84.8
1747228687100,4.8,0.0,10.0,0.0,0.0,0.1,85.1
1747228689112,6.5,0.0,9.8,0.0,0.0,0.1,83.7
1747228691123,5.4,0.0,10.1,0.0,0.0,0.1,84.4
1747228693133,5.3,0.0,10.6,0.0,0.0,0.1,84.0
1747228695143,6.1,0.0,9.7,0.0,0.0,0.2,84.0
1747228697153,8.0,0.0,11.3,0.0,0.0,0.1,80.7
1747228699165,5.7,0.0,10.1,0.0,0.0,0.1,84.0
1747228701177,6.0,0.0,9.1,0.0,0.0,0.1,84.9
1747228703186,5.5,0.0,9.7,0.0,0.0,0.1,84.7
1747228705198,6.3,0.0,10.1,0.0,0.0,0.2,83.4
1747228707208,5.7,0.0,9.7,0.0,0.0,0.1,84.5
1747228709218,5.7,0.0,10.2,0.0,0.0,0.0,84.1
1747228711227,5.5,0.0,9.7,0.0,0.0,0.1,84.7
1747228713238,6.4,0.0,9.4,0.0,0.0,0.1,84.1
1747228715250,5.2,0.0,10.2,0.0,0.0,0.3,84.4
1747228717261,5.2,0.0,10.4,0.0,0.0,0.2,84.3
1747228719272,5.4,0.0,9.8,0.0,0.0,0.0,84.8
1747228721282,6.1,0.0,10.1,0.0,0.0,0.1,83.7
1747228723293,5.2,0.0,10.4,0.0,0.0,0.1,84.3
1747228725303,6.0,0.0,10.2,0.0,0.0,0.2,83.6
1747228727312,5.4,0.0,10.9,0.0,0.0,0.3,83.4
1747228729323,6.0,0.0,9.9,0.0,0.0,0.1,84.0
1747228731334,5.7,0.0,9.7,0.0,0.0,0.1,84.5
1747228733345,5.1,0.0,10.0,0.0,0.0,0.1,84.8
1747228735356,4.8,0.0,10.3,0.0,0.0,0.3,84.5
1747228737366,6.8,0.0,9.6,0.0,0.0,0.2,83.5
1747228739377,5.4,0.0,10.3,0.0,0.0,0.1,84.2
1747228741387,4.6,0.0,10.8,0.0,0.0,0.1,84.4
1747228743397,5.1,0.0,11.0,0.0,0.0,0.1,83.8
1747228745405,6.4,0.0,10.4,0.0,0.0,0.2,83.0
1747228747413,5.3,0.0,10.0,0.0,0.0,0.0,84.6
1747228749421,4.9,0.0,10.6,0.0,0.0,0.2,84.3
1747228751442,5.9,0.0,9.4,0.0,0.0,0.1,84.6
1747228753481,6.4,0.0,10.2,0.0,0.0,0.3,83.1
1747228755492,5.7,0.0,10.2,0.0,0.0,0.1,84.0
1747228757502,5.5,0.0,8.9,0.0,0.0,0.0,85.5
1747228759516,5.3,0.0,9.1,0.0,0.0,0.1,85.5
1747228761527,6.0,0.0,9.3,0.0,0.0,0.2,84.5
1747228763537,5.2,0.0,9.3,0.0,0.0,0.2,85.3
1747228765548,5.0,0.0,10.0,0.0,0.0,0.1,84.9
1747228767559,5.4,0.0,9.9,0.0,0.0,0.0,84.6
1747228769571,5.9,0.0,11.0,0.0,0.0,0.1,83.0
1747228771583,5.5,0.0,9.5,0.0,0.0,0.1,84.9
1747228773594,4.9,0.0,9.9,0.0,0.0,0.3,84.8
1747228775605,5.2,0.0,10.4,0.0,0.0,0.2,84.3
1747228777616,6.3,0.0,9.9,0.0,0.0,0.3,83.5
1747228779627,6.1,0.0,9.8,0.0,0.0,0.2,83.9
1747228781639,6.5,0.0,10.7,0.0,0.0,0.0,82.7
1747228783650,5.5,0.0,10.3,0.0,0.0,0.2,84.0
1747228785660,7.0,0.0,9.0,0.0,0.0,0.2,83.8
1747228787671,5.7,0.0,9.7,0.0,0.0,0.0,84.5
1747228789683,5.3,0.0,9.7,0.0,0.0,0.2,84.8
1747228791693,5.5,0.0,9.9,0.0,0.0,0.2,84.4
1747228793705,7.3,0.0,9.9,0.0,0.0,0.3,82.4
1747228795716,5.5,0.0,10.2,0.0,0.0,0.3,84.0
1747228797727,4.9,0.0,10.3,0.0,0.0,0.4,84.4
1747228799738,5.3,0.0,10.0,0.0,0.0,0.0,84.7
1747228801750,6.6,0.0,9.8,0.0,0.0,0.2,83.4
1747228803760,5.4,0.0,10.9,0.0,0.0,0.1,83.6
1747228805772,6.2,0.0,10.3,0.0,0.0,0.1,83.3
1747228807782,6.4,0.0,11.5,0.0,0.0,0.1,82.0
1747228809793,0.0,0.0,0.0,0.0,0.0,0.0,0.0
1747228811804,7.6,0.0,12.9,0.0,0.0,0.0,79.5
1747228813814,7.8,0.0,11.6,0.0,0.0,0.2,80.3
1747228815825,8.4,0.0,11.2,0.0,0.0,0.2,80.2
1747228817837,8.0,0.0,12.4,0.0,0.0,0.1,79.5
1747228819848,7.0,0.0,9.7,0.0,0.0,0.2,83.2
1747228821866,7.0,0.0,10.9,0.0,0.0,0.1,82.0
1747228823884,7.0,0.0,11.3,0.0,0.0,0.1,81.5
1747228825898,8.3,0.0,11.9,0.0,0.0,0.2,79.6
1747228827909,6.9,0.0,10.2,0.0,0.0,0.2,82.7
1747228829919,7.0,0.0,10.9,0.0,0.0,0.1,82.0
1747228831935,7.1,0.0,11.1,0.0,0.0,0.1,81.7
1747228833948,8.1,0.0,11.5,0.0,0.0,0.2,80.1
1747228835960,0.1,0.0,0.2,0.0,0.0,0.0,99.7
1747228837972,6.5,0.0,8.9,0.0,0.0,0.2,84.4
1747228839984,5.3,0.0,10.1,0.0,0.0,0.2,84.4
1747228841995,5.3,0.0,10.5,0.0,0.0,0.1,84.1
1747228844006,0.2,0.0,0.3,0.0,0.0,0.0,99.5
1747228846018,5.8,0.0,9.7,0.0,0.0,0.2,84.2
1747228848029,5.3,0.0,9.8,0.0,0.0,0.1,84.8
1747228850040,5.9,0.0,9.6,0.0,0.0,0.4,84.1
1747228852051,0.1,0.0,0.2,0.0,0.0,0.0,99.6
1747228854061,5.7,0.0,10.3,0.0,0.0,0.1,83.9
1747228856073,5.8,0.0,10.2,0.0,0.0,0.1,83.9
1747228858084,5.4,0.0,10.8,0.0,0.0,0.0,83.8
1747228860095,0.0,0.0,0.0,0.0,0.0,0.0,0.0
1747228862106,8.1,0.0,12.2,0.0,0.0,0.1,79.5
1747228864118,8.0,0.0,12.1,0.0,0.0,0.2,79.6
1747228866130,7.9,0.0,12.2,0.0,0.0,0.0,79.8
1747228868141,8.5,0.0,13.2,0.0,0.0,0.0,78.2
1747228870151,6.1,0.0,10.2,0.0,0.0,0.2,83.5
1747228872159,7.8,0.0,11.6,0.0,0.0,0.1,80.5
1747228874171,8.0,0.0,11.5,0.0,0.0,0.1,80.3
1747228876182,8.4,0.0,12.2,0.0,0.0,0.1,79.3
1747228878193,0.0,0.0,0.0,0.0,0.0,0.0,0.0
1747228880204,7.1,0.0,11.3,0.0,0.0,0.2,81.4
1747228882222,7.3,0.0,10.9,0.0,0.0,0.3,81.4
1747228884234,7.2,0.0,11.4,0.0,0.0,0.1,81.2
1747228886250,0.1,0.0,0.1,0.0,0.0,0.0,99.8
1747228888263,5.6,0.0,8.8,0.0,0.0,0.1,85.5
1747228890273,5.2,0.0,8.8,0.0,0.0,0.3,85.7
1747228892281,5.4,0.0,9.1,0.0,0.0,0.1,85.4
1747228894291,0.1,0.0,0.2,0.0,0.0,0.0,99.7
1747228896300,5.5,0.0,10.0,0.0,0.0,0.1,84.4
1747228898311,5.1,0.0,10.0,0.0,0.0,0.0,84.9
1747228900321,5.3,0.0,9.3,0.0,0.0,0.0,85.3
1747228902340,0.0,0.0,0.0,0.0,0.0,0.0,0.0
1747228904351,7.0,0.0,10.6,0.0,0.0,0.0,82.3
1747228906381,7.2,0.0,11.8,0.0,0.0,0.1,80.9
1747228908393,7.6,0.0,12.1,0.0,0.0,0.0,80.3
1747228910404,8.4,0.0,12.2,0.0,0.0,0.1,79.2
1747228912415,6.0,0.0,9.4,0.0,0.0,0.1,84.5
1747228914424,7.9,0.0,11.2,0.0,0.0,0.1,80.8
1747228916436,7.1,0.0,11.7,0.0,0.0,0.1,81.1
1747228918447,7.1,0.0,12.8,0.0,0.0,0.1,80.0
1747228920458,6.3,0.0,9.6,0.0,0.0,0.2,83.9
1747228922467,5.6,0.0,9.9,0.0,0.0,0.0,84.5
1747228924477,5.8,0.0,9.9,0.0,0.0,0.1,84.2
1747228926486,5.7,0.0,10.7,0.0,0.0,0.1,83.5
1747228928496,0.1,0.0,0.2,0.0,0.0,0.0,99.6
1747228930508,6.2,0.0,10.5,0.0,0.0,0.2,83.1
1747228932517,5.6,0.0,10.2,0.0,0.0,0.1,84.2
1747228934528,6.0,0.0,10.1,0.0,0.0,0.1,83.9
1747228936539,6.2,0.0,10.2,0.0,0.0,0.2,83.3
1747228938550,5.4,0.0,10.3,0.0,0.0,0.1,84.1
1747228940560,5.7,0.0,9.8,4.1,0.0,0.2,80.2
1747228942571,5.8,0.0,9.7,0.0,0.0,0.0,84.5
1747228944582,7.3,0.0,9.6,0.0,0.0,0.1,82.9
1747228946593,5.5,0.0,10.2,4.1,0.0,0.1,80.0
1747228948604,5.8,0.0,9.8,0.0,0.0,0.1,84.2
1747228950615,5.4,0.0,10.4,0.0,0.0,0.2,83.9
1747228952626,6.6,0.0,9.7,0.0,0.0,0.1,83.5
1747228954636,5.5,0.0,10.6,0.0,0.0,0.0,84.0
1747228956647,6.0,0.0,10.9,0.0,0.0,0.2,82.9
1747228958657,6.8,0.0,10.4,0.0,0.0,0.2,82.7
1747228960668,6.8,0.0,9.9,0.0,0.0,0.3,83.0
1747228962679,5.7,0.0,9.6,0.0,0.0,0.2,84.5
1747228964689,5.5,0.0,10.0,0.0,0.0,0.2,84.4
1747228966697,5.4,0.0,10.1,0.0,0.0,0.0,84.4
1747228968705,6.2,0.0,10.1,0.0,0.0,0.2,83.4
1747228970716,5.7,0.0,8.4,0.0,0.0,0.2,85.7
1747228972730,5.2,0.0,9.4,0.0,0.0,0.1,85.3
1747228974740,5.4,0.0,9.5,0.0,0.0,0.1,85.1
1747228976756,6.2,0.0,9.1,0.0,0.0,0.3,84.4
1747228978766,5.2,0.0,9.2,0.0,0.0,0.1,85.5
1747228980775,4.9,0.0,10.3,0.0,0.0,0.2,84.6
1747228982787,5.6,0.0,10.1,0.0,0.0,0.2,84.1
1747228984796,6.9,0.0,10.0,0.0,0.0,0.2,82.9
1747228986807,5.8,0.0,10.1,0.0,0.0,0.1,84.0
1747228988818,5.8,0.0,10.4,0.0,0.0,0.0,83.7
1747228990829,5.8,0.0,9.5,0.0,0.0,0.2,84.5
1747228992840,6.2,0.0,10.2,0.0,0.0,0.1,83.5
1747228994849,5.7,0.0,10.3,0.0,0.0,0.2,83.8
1747228996860,4.9,0.0,10.9,0.0,0.0,0.2,84.0
1747228998871,5.6,0.0,10.2,0.0,0.0,0.1,84.0
1747229000882,6.6,0.0,9.8,0.0,0.0,0.1,83.4
1747229002892,5.4,0.0,9.9,0.0,0.0,0.1,84.6
1747229004903,5.6,0.0,10.2,0.0,0.0,0.1,84.1
1747229006911,5.1,0.0,10.4,0.0,0.0,0.2,84.3
1747229008921,6.9,0.0,10.9,0.0,0.0,0.2,82.0
1747229010932,6.1,0.0,11.1,0.0,0.0,0.2,82.6
1747229012944,6.8,0.0,11.6,0.0,0.0,0.1,81.4
1747229014954,5.0,0.0,12.1,0.0,0.0,0.1,82.8
1747229016964,7.1,0.0,9.8,0.0,0.0,0.1,83.0
1747229018975,5.9,0.0,9.9,0.0,0.0,0.1,84.1
1747229020984,5.7,0.0,9.8,0.0,0.0,0.3,84.2
1747229022993,5.8,0.0,10.0,0.0,0.0,0.1,84.2
1747229025000,6.1,0.0,10.2,0.0,0.0,0.1,83.6
1747229027009,5.3,0.0,9.9,0.0,0.0,0.2,84.6
1747229029021,5.5,0.0,9.7,0.0,0.0,0.2,84.7
1747229031032,5.5,0.0,9.8,0.0,0.0,0.2,84.4
1747229033044,6.7,0.0,9.7,0.0,0.0,0.1,83.5
1747229035055,5.8,0.0,10.0,0.0,0.0,0.1,84.2
1747229037066,6.1,0.0,9.9,0.0,0.0,0.2,83.8
1747229039077,6.4,0.0,10.3,0.0,0.0,0.2,83.2
1747229041087,6.7,0.0,10.3,0.0,0.0,0.2,82.7
1747229043097,5.9,0.0,10.4,0.0,0.0,0.0,83.6
1747229045105,5.3,0.0,9.6,0.0,0.0,0.1,85.1
1747229047113,5.5,0.0,10.0,0.0,0.0,0.2,84.3
1747229049122,5.9,0.0,10.0,0.0,0.0,0.2,83.9
1747229051132,5.1,0.0,10.1,0.0,0.0,0.3,84.4
1747229053149,5.4,0.0,10.2,0.0,0.0,0.2,84.2
1747229055158,5.4,0.0,9.4,0.0,0.0,0.1,85.1
1747229057169,6.3,0.0,9.6,0.0,0.0,0.1,83.9
1747229059179,5.9,0.0,10.3,0.0,0.0,0.2,83.7
1747229061190,5.6,0.0,10.4,0.0,0.0,0.3,83.7
1747229063201,6.2,0.0,9.8,0.0,0.0,0.1,83.9
1747229065212,6.0,0.0,10.9,0.0,0.0,0.2,82.9
1747229067223,6.7,0.0,10.6,0.0,0.0,0.0,82.7
1747229069234,6.1,0.0,10.9,0.0,0.0,0.2,82.8
1747229071245,5.8,0.0,10.1,0.0,0.0,0.5,83.7
1747229073256,6.1,0.0,10.0,0.0,0.0,0.2,83.6
1747229075267,5.6,0.0,10.7,0.0,0.0,0.0,83.7
1747229077278,5.7,0.0,10.8,0.0,0.0,0.1,83.5
1747229079290,6.0,0.0,10.4,0.0,0.0,0.0,83.6
1747229081300,5.6,0.0,10.7,0.0,0.0,0.2,83.5
1747229083310,5.2,0.0,10.5,0.0,0.0,0.1,84.2
1747229085319,5.7,0.0,10.2,0.0,0.0,0.0,84.1
1747229087328,5.9,0.0,9.9,0.0,0.0,0.1,84.1
1747229089339,6.3,0.0,10.6,0.0,0.0,0.1,83.0
1747229091351,5.8,0.0,10.1,0.0,0.0,0.3,83.8
1747229093362,6.2,0.0,10.1,0.0,0.0,0.1,83.6
1747229095373,5.6,0.0,10.4,0.0,0.0,0.1,83.9
1747229097384,5.8,0.0,10.1,0.0,0.0,0.1,84.0
1747229099395,5.9,0.0,10.0,0.0,0.0,0.2,83.9
1747229101406,5.2,0.0,10.6,0.0,0.0,0.0,84.2
1747229103417,5.8,0.0,10.0,0.0,0.0,0.0,84.1
1747229105427,5.7,0.0,10.5,0.0,0.0,0.1,83.7
1747229107439,5.9,0.0,10.6,0.0,0.0,0.0,83.5
1747229109449,5.8,0.0,10.4,0.0,0.0,0.1,83.8
1747229111458,5.7,0.0,10.1,0.0,0.0,0.1,84.1
1747229113469,5.9,0.0,10.1,0.0,0.0,0.1,84.0
1747229115483,5.9,0.0,10.3,0.0,0.0,0.2,83.6
1747229117503,6.3,0.0,10.5,0.0,0.0,0.1,83.1
1747229119515,5.5,0.0,10.1,0.0,0.0,0.1,84.3
1747229121523,6.0,0.0,10.2,0.0,0.0,0.1,83.7
1747229123533,5.8,0.0,9.2,0.0,0.0,0.1,84.8
1747229125543,5.3,0.0,9.9,0.0,0.0,0.3,84.3
1747229127553,5.4,0.0,10.2,0.0,0.0,0.0,84.3
1747229129564,5.6,0.0,10.7,0.0,0.0,0.0,83.7
1747229131576,5.8,0.0,10.1,0.0,0.0,0.2,83.9
1747229133588,5.9,0.0,9.9,0.0,0.0,0.1,84.1
1747229135599,6.0,0.0,10.8,0.0,0.0,0.1,83.1
1747229137610,5.8,0.0,10.6,0.0,0.0,0.1,83.5
1747229139621,6.4,0.0,11.8,0.0,0.0,0.1,81.8
1747229141632,7.0,0.0,11.6,0.0,0.0,0.0,81.3
1747229143643,6.1,0.0,10.7,0.0,0.0,0.2,83.1
1747229145654,5.6,0.0,10.5,0.0,0.0,0.2,83.7
1747229147665,5.4,0.0,10.7,0.0,0.0,0.0,83.9
1747229149676,5.8,0.0,10.0,0.0,0.0,0.1,84.0
1747229151687,5.5,0.0,10.0,0.0,0.0,0.1,84.5
1747229153697,5.9,0.0,10.4,0.0,0.0,0.3,83.3
1747229155708,7.6,0.0,12.0,0.0,0.0,0.4,80.0
1747229157716,8.3,0.0,13.1,0.0,0.0,0.1,78.5
1747229159727,8.6,0.0,12.5,0.0,0.0,0.1,78.9
1747229161738,8.8,0.0,14.1,0.0,0.0,0.1,77.0
1747229163749,0.0,0.0,0.0,0.0,0.0,0.0,0.0
1747229165760,8.1,0.0,12.1,0.0,0.0,0.2,79.6
1747229167772,8.5,0.0,11.8,0.0,0.0,0.1,79.6
1747229169784,8.6,0.0,11.6,0.0,0.0,0.0,79.8
1747229171796,0.0,0.0,0.0,0.0,0.0,0.0,0.0
1747229173809,7.2,0.0,11.6,0.0,0.0,0.1,81.0
1747229175822,7.1,0.0,11.6,0.0,0.0,0.2,81.2
1747229177836,7.7,0.0,11.4,0.0,0.0,0.1,80.8
1747229179848,7.3,0.0,11.6,0.0,0.0,0.0,81.1
1747229181858,6.0,0.0,8.5,0.0,0.0,0.1,85.4
1747229183865,5.3,0.0,9.4,0.0,0.0,0.1,85.2
1747229185874,6.1,0.0,8.5,0.0,0.0,0.1,85.2
1747229187882,5.7,0.0,9.7,0.0,0.0,0.1,84.4
1747229189892,5.9,0.0,9.7,0.0,0.0,0.1,84.3
1747229191902,5.7,0.0,9.7,0.0,0.0,0.2,84.4
1747229193913,5.9,0.0,10.8,0.0,0.0,0.3,83.1
1747229195923,5.8,0.0,10.6,0.0,0.0,0.2,83.3
1747229197933,5.9,0.0,10.9,0.0,0.0,0.1,83.0
1747229199944,6.5,0.0,10.7,0.0,0.0,0.3,82.5
1747229201954,6.4,0.0,11.1,0.0,0.0,0.1,82.5
1747229203963,6.2,0.0,12.0,0.0,0.0,0.2,81.7
1747229205973,7.1,0.0,11.2,0.0,0.0,0.1,81.6
1747229207983,6.4,0.0,12.5,0.0,0.0,0.1,81.0
1747229209992,6.1,0.0,11.8,0.0,0.0,0.1,82.0
1747229212000,6.5,0.0,11.9,0.0,0.0,0.1,81.5
1747229214010,6.8,0.0,11.4,0.0,0.0,0.2,81.7
1747229216021,6.6,0.0,11.1,0.0,0.0,0.0,82.2
1747229218032,6.5,0.0,11.6,0.0,0.0,0.2,81.7
1747229220043,6.5,0.0,12.3,0.0,0.0,0.1,81.1
1747229222054,7.1,0.0,10.8,0.0,0.0,0.1,82.0
1747229224067,6.1,0.0,11.5,0.0,0.0,0.2,82.3
1747229226080,6.2,0.0,11.2,0.0,0.0,0.2,82.4
1747229228090,6.8,0.0,11.4,0.0,0.0,0.3,81.6
1747229230101,6.7,0.0,11.6,0.0,0.0,0.1,81.7
1747229232110,5.8,0.0,13.4,0.0,0.0,0.0,80.8
1747229234120,6.7,0.0,11.2,0.0,0.0,0.1,81.9
1747229236131,6.8,0.0,11.4,0.0,0.0,0.2,81.6
1747229238143,5.9,0.0,11.5,0.0,0.0,0.3,82.2
1747229240153,6.2,0.0,11.5,0.0,0.0,0.2,82.1
1747229242164,6.5,0.0,12.5,0.0,0.0,0.1,80.9
1747229244175,6.4,0.0,12.1,0.0,0.0,0.2,81.3
1747229246186,8.5,0.0,12.1,0.0,0.0,0.2,79.2
1747229248196,6.8,0.0,10.9,0.0,0.0,0.1,82.2
1747229250206,6.4,0.0,10.6,0.0,0.0,0.1,82.9
1747229252217,5.8,0.0,11.7,0.0,0.0,0.1,82.4
1747229254228,6.5,0.0,11.6,0.0,0.0,0.2,81.7
1747229256238,6.2,0.0,11.1,0.0,0.0,0.2,82.5
1747229258246,5.5,0.0,11.2,0.0,0.0,0.1,83.2
1747229260255,5.9,0.0,11.2,0.0,0.0,0.1,82.8
1747229262267,6.3,0.0,10.5,0.0,0.0,0.2,83.0
1747229264286,5.5,0.0,11.3,0.0,0.0,0.2,83.0
1747229266308,6.1,0.0,10.5,0.0,0.0,0.3,83.2
1747229268353,6.2,0.0,11.5,0.0,0.0,0.2,82.2
1747229270364,7.4,0.0,10.4,0.0,0.0,0.2,82.0
1747229272373,9.3,0.0,13.4,0.0,0.0,0.1,77.2
1747229274384,9.3,0.0,13.1,0.0,0.0,0.1,77.5
1747229276395,8.5,0.0,13.8,0.0,0.0,0.2,77.5
1747229278405,0.0,0.0,0.0,0.0,0.0,0.0,0.0
1747229280415,8.7,0.0,12.9,0.0,0.0,0.2,78.2
1747229282424,8.7,0.0,13.0,0.0,0.0,0.0,78.3
1747229284435,8.5,0.0,13.2,0.0,0.0,0.2,78.1
1747229286447,0.0,0.0,0.0,0.0,0.0,0.0,0.0
1747229288458,8.3,0.0,12.4,0.0,0.0,0.1,79.2
1747229290470,8.3,0.0,12.3,0.0,0.0,0.0,79.3
1747229292481,7.8,0.0,12.5,0.0,0.0,0.0,79.7
1747229294493,8.9,0.0,12.5,0.0,0.0,0.2,78.3
1747229296504,5.7,0.0,9.6,0.0,0.0,0.1,84.6
1747229298515,5.9,0.0,9.6,0.0,0.0,0.1,84.3
1747229300525,6.1,0.0,9.9,0.0,0.0,0.1,83.9
1747229302535,6.7,0.0,9.5,0.0,0.0,0.1,83.6
1747229304546,6.1,0.0,11.5,0.0,0.0,0.2,82.2
1747229306557,6.8,0.0,10.9,0.0,0.0,0.1,82.2
1747229308569,6.9,0.0,11.0,0.0,0.0,0.1,82.0
1747229310580,6.0,0.0,11.7,0.0,0.0,0.1,82.1
1747229312591,6.3,0.0,11.6,0.0,0.0,0.1,82.0
1747229314601,6.2,0.0,11.5,0.0,0.0,0.1,82.1
1747229316611,6.8,0.0,11.1,0.0,0.0,0.1,81.9
1747229318617,5.8,0.0,11.9,0.0,0.0,0.1,82.1
1747229320627,6.8,0.0,11.0,0.0,0.0,0.2,82.0
1747229322638,6.3,0.0,10.7,0.0,0.0,0.0,83.0
1747229324650,6.0,0.0,10.3,0.0,0.0,0.2,83.5
1747229326667,6.0,0.0,11.3,0.0,0.0,0.1,82.6
1747229328676,6.6,0.0,10.4,0.0,0.0,0.1,82.9
1747229330688,5.7,0.0,10.7,0.0,0.0,0.2,83.3
1747229332700,5.9,0.0,10.4,0.0,0.0,0.2,83.5
1747229334711,6.0,0.0,11.3,0.0,0.0,0.2,82.6
1747229336720,6.8,0.0,11.5,0.0,0.0,0.1,81.6
1747229338731,6.0,0.0,11.2,0.0,0.0,0.1,82.7
1747229340742,6.3,0.0,11.9,0.0,0.0,0.1,81.7
1747229342754,6.1,0.0,12.9,0.0,0.0,0.1,80.9
1747229344765,8.2,0.0,11.9,0.0,0.0,0.0,79.8
1747229346778,6.5,0.0,11.1,0.0,0.0,0.1,82.4
1747229348790,6.3,0.0,11.1,0.0,0.0,0.1,82.5
1747229350802,5.5,0.0,12.7,0.0,0.0,0.3,81.5
1747229352814,0.0,0.0,0.0,0.0,0.0,0.0,0.0
1747229354825,9.2,0.0,13.5,0.0,0.0,0.1,77.3
1747229356835,8.8,0.0,13.7,0.0,0.0,0.1,77.5
1747229358847,9.8,0.0,12.7,0.0,0.0,0.2,77.4
1747229360860,9.4,0.0,14.2,0.0,0.0,0.2,76.1
1747229362873,8.3,0.0,12.9,0.0,0.0,0.2,78.6
1747229364885,8.3,0.0,13.3,0.0,0.0,0.1,78.3
1747229366897,8.6,0.0,12.4,0.0,0.0,0.2,78.8
1747229368909,8.9,0.0,13.8,0.0,0.0,0.0,77.2
1747229370921,0.2,0.0,0.2,0.0,0.0,0.0,99.6
1747229372932,6.3,0.0,10.0,0.0,0.0,0.1,83.6
1747229374943,6.4,0.0,9.9,0.0,0.0,0.1,83.7
1747229376951,6.7,0.0,9.7,0.0,0.0,0.0,83.6
1747229378960,0.1,0.0,0.2,0.0,0.0,0.0,99.6
1747229380971,6.4,0.0,10.1,0.0,0.0,0.2,83.3
1747229382978,6.4,0.0,10.6,0.0,0.0,0.1,82.9
1747229384988,6.1,0.0,11.0,0.0,0.0,0.1,82.8
1747229386997,7.6,0.0,11.1,0.0,0.0,0.0,81.2
1747229389005,6.1,0.0,11.7,0.0,0.0,0.1,82.2
1747229391014,6.9,0.0,10.9,0.0,0.0,0.3,81.9
1747229393025,6.1,0.0,10.5,0.0,0.0,0.0,83.3
1747229395034,6.4,0.0,11.8,0.0,0.0,0.1,81.7
1747229397043,6.8,0.0,10.4,0.0,0.0,0.1,82.6
1747229399054,6.4,0.0,10.4,0.0,0.0,0.1,83.1
1747229401063,6.0,0.0,11.4,0.0,0.0,0.2,82.4
1747229403073,6.9,0.0,11.1,0.0,0.0,0.1,81.9
1747229405081,6.0,0.0,11.6,0.0,0.0,0.1,82.4
1747229407093,5.9,0.0,11.1,0.0,0.0,0.0,82.9
1747229409111,5.9,0.0,12.3,0.0,0.0,0.1,81.7
1747229411122,7.5,0.0,11.2,0.0,0.0,0.4,80.9
1747229413133,6.7,0.0,11.6,0.0,0.0,0.2,81.5
1747229415145,6.5,0.0,11.3,0.0,0.0,0.1,82.1
1747229417156,6.2,0.0,11.5,0.0,0.0,0.2,82.1
1747229419167,7.1,0.0,12.1,0.0,0.0,0.1,80.8
1747229421178,6.8,0.0,12.0,0.0,0.0,0.2,80.9
1747229423189,6.4,0.0,12.2,0.0,0.0,0.1,81.3
1747229425199,5.7,0.0,12.7,0.0,0.0,0.2,81.4
1747229427208,6.8,0.0,11.8,0.0,0.0,0.4,81.0
1747229429217,5.9,0.0,12.4,0.0,0.0,0.2,81.5
1747229431229,5.9,0.0,12.1,0.0,0.0,0.2,81.7
1747229433240,6.1,0.0,10.8,0.0,0.0,0.0,83.0
1747229435250,7.0,0.0,10.8,0.0,0.0,0.1,82.1
1747229437261,6.5,0.0,10.8,0.0,0.0,0.0,82.7
1747229439270,5.6,0.0,11.4,0.0,0.0,0.0,83.1
1747229441279,6.2,0.0,11.2,0.0,0.0,0.1,82.6
1747229443289,0.0,0.0,0.0,0.0,0.0,0.0,0.0
1747229445299,8.5,0.0,14.4,0.0,0.0,0.1,77.0
1747229447310,9.2,0.0,13.3,0.0,0.0,0.0,77.5
1747229449323,8.6,0.0,12.6,0.0,0.0,0.1,78.7
1747229451338,8.8,0.0,14.1,0.0,0.0,0.2,76.9
1747229453356,8.1,0.0,12.5,0.0,0.0,0.1,79.3
1747229455376,8.2,0.0,13.7,0.0,0.0,0.3,77.8
1747229457390,8.8,0.0,13.4,0.0,0.0,0.1,77.8
1747229459405,9.6,0.0,13.6,0.0,0.0,0.2,76.6
1747229461425,0.0,0.0,0.0,0.0,0.0,0.0,0.0
1747229463440,8.2,0.0,12.6,0.0,0.0,0.1,79.1
1747229465465,8.9,0.0,11.6,0.0,0.0,0.2,79.3
1747229467484,8.2,0.0,12.8,0.0,0.0,0.1,78.9
1747229469498,0.0,0.0,0.0,0.0,0.0,0.0,99.9
1747229471509,6.0,0.0,9.9,0.0,0.0,0.2,83.8
1747229473519,6.2,0.0,10.0,0.0,0.0,0.1,83.6
1747229475530,5.8,0.0,10.4,0.0,0.0,0.1,83.7
1747229477541,0.2,0.0,0.2,0.0,0.0,0.0,99.6
1747229479550,6.1,0.0,10.6,0.0,0.0,0.1,83.2
1747229481561,5.8,0.0,10.7,0.0,0.0,0.1,83.3
1747229483572,6.0,0.0,11.0,0.0,0.0,0.2,82.8
1747229485582,0.2,0.0,0.3,0.0,0.0,0.0,99.5
1747229487593,6.7,0.0,11.1,0.0,0.0,0.0,82.1
1747229489603,6.9,0.0,11.7,0.0,0.0,0.0,81.4
1747229491615,6.2,0.0,11.1,0.0,0.0,0.2,82.5
1747229493626,0.1,0.0,0.2,0.0,0.0,0.0,99.6
1747229495637,6.7,0.0,11.3,0.0,0.0,0.1,81.9
1747229497648,6.4,0.0,11.6,0.0,0.0,0.1,81.9
1747229499660,6.6,0.0,11.9,0.0,0.0,0.0,81.5
1747229501670,6.6,0.0,12.4,0.0,0.0,0.2,80.8
1747229503681,6.7,0.0,11.5,0.0,0.0,0.1,81.7
1747229505692,6.9,0.0,11.6,0.0,0.0,0.2,81.3
1747229507704,6.4,0.0,12.1,0.0,0.0,0.1,81.4
1747229509714,7.4,0.0,11.4,0.0,0.0,0.1,81.1
1747229511724,6.7,0.0,12.3,0.0,0.0,0.1,80.9
1747229513734,7.3,0.0,12.1,0.0,0.0,0.2,80.4
1747229515743,7.5,0.0,12.1,0.0,0.0,0.2,80.3
1747229517752,8.3,0.0,11.8,0.0,0.0,0.0,79.9
1747229519762,6.9,0.0,11.4,0.0,0.0,0.1,81.6
1747229521771,6.2,0.0,11.5,0.0,0.0,0.2,82.1
1747229523781,6.5,0.0,11.4,0.0,0.0,0.1,82.0
1747229525792,7.6,0.0,12.0,0.0,0.0,0.3,80.1
1747229527801,6.9,0.0,12.4,0.0,0.0,0.0,80.7
1747229529812,6.2,0.0,13.7,0.0,0.0,0.0,80.0
1747229531822,6.9,0.0,12.1,0.0,0.0,0.0,80.9
1747229533832,7.2,0.0,12.0,0.0,0.0,0.1,80.8
1747229535848,6.3,0.0,11.4,0.0,0.0,0.3,82.0
1747229537864,6.8,0.0,11.6,0.0,0.0,0.0,81.6
1747229539879,6.9,0.0,11.8,0.0,0.0,0.1,81.1
1747229541892,8.6,0.0,12.2,0.0,0.0,0.0,79.2
1747229543901,7.1,0.0,11.4,0.0,0.0,0.1,81.3
1747229545912,7.7,0.0,11.2,0.0,0.0,0.2,80.9
1747229547923,6.7,0.0,12.1,0.0,0.0,0.1,81.1
1747229549934,7.3,0.0,12.2,0.0,0.0,0.0,80.5
1747229551946,6.4,0.0,12.0,0.0,0.0,0.0,81.6
1747229553957,5.8,0.0,12.4,0.0,0.0,0.1,81.7
1747229555969,6.2,0.0,12.4,0.0,0.0,0.2,81.2
1747229557980,7.6,0.0,11.6,0.0,0.0,0.1,80.7
1747229559991,7.0,0.0,11.3,0.0,0.0,0.1,81.6
1747229562003,6.2,0.0,13.2,0.0,0.0,0.1,80.5
1747229564014,7.6,0.0,12.2,0.0,0.0,0.0,80.1
1747229566026,8.9,0.0,12.2,0.0,0.0,0.2,78.6
1747229568036,7.2,0.0,12.1,0.0,0.0,0.1,80.6
1747229570047,6.5,0.0,11.1,0.0,0.0,0.1,82.2
1747229572057,6.7,0.0,11.1,0.0,0.0,0.1,82.0
1747229574067,7.7,0.0,11.5,0.0,0.0,0.1,80.7
1747229576076,6.5,0.0,11.8,0.0,0.0,0.2,81.5
1747229578085,6.2,0.0,10.2,0.0,0.0,0.1,83.5
1747229580094,6.0,0.0,11.7,0.0,0.0,0.1,82.3
1747229582103,7.4,0.0,12.0,0.0,0.0,0.1,80.6
1747229584114,6.1,0.0,11.7,0.0,0.0,0.1,82.1
1747229586125,7.1,0.0,12.1,0.0,0.0,0.2,80.7
1747229588136,6.8,0.0,12.4,0.0,0.0,0.0,80.8
1747229590146,8.1,0.0,12.8,0.0,0.0,0.1,79.1
1747229592158,7.2,0.0,11.7,0.0,0.0,0.1,81.0
1747229594169,6.6,0.0,11.3,0.0,0.0,0.1,81.9
1747229596180,6.7,0.0,12.1,0.0,0.0,0.2,81.1
1747229598190,0.0,0.0,0.0,0.0,0.0,0.0,0.0
1747229600208,8.3,0.0,13.8,0.0,0.0,0.1,77.7
1747229602227,9.1,0.0,14.7,0.0,0.0,0.1,76.2
1747229604241,9.2,0.0,13.7,0.0,0.0,0.1,76.9
1747229606260,9.5,0.0,14.4,0.0,0.0,0.2,75.8
1747229608273,7.9,0.0,12.8,0.0,0.0,0.1,79.2
1747229610285,8.5,0.0,14.1,0.0,0.0,0.1,77.2
1747229612300,9.2,0.0,13.6,0.0,0.0,0.1,77.1
1747229614314,9.2,0.0,15.7,0.0,0.0,0.1,75.0
1747229616324,7.2,0.0,11.1,0.0,0.0,0.1,81.7
1747229618332,8.6,0.0,13.8,0.0,0.0,0.1,77.5
1747229620343,9.3,0.0,12.8,0.0,0.0,0.1,77.8
1747229622354,9.8,0.0,13.4,0.0,0.0,0.1,76.5
1747229624365,7.7,0.0,10.6,0.0,0.0,0.1,81.6
1747229626376,6.5,0.0,10.9,0.0,0.0,0.0,82.5
1747229628388,7.0,0.0,10.5,0.0,0.0,0.1,82.4
1747229630399,7.0,0.0,11.1,0.0,0.0,0.1,81.8
1747229632410,0.1,0.0,0.2,0.0,0.0,0.0,99.7
1747229634420,6.5,0.0,11.0,0.0,0.0,0.2,82.3
1747229636431,7.3,0.0,11.9,0.0,0.0,0.1,80.7
1747229638443,6.8,0.0,11.9,0.0,0.0,0.1,81.1
1747229640454,0.2,0.0,0.3,0.0,0.0,0.0,99.5
1747229642464,7.4,0.0,11.4,0.0,0.0,0.1,81.1
1747229644474,6.8,0.0,12.1,0.0,0.0,0.1,81.0
1747229646485,6.4,0.0,11.9,0.0,0.0,0.1,81.6
1747229648495,8.0,0.0,11.3,0.0,0.0,0.1,80.5
1747229650505,7.0,0.0,11.3,0.0,0.0,0.0,81.6
1747229652516,6.6,0.0,11.7,0.0,0.0,0.2,81.5
1747229654526,6.5,0.0,12.2,0.0,0.0,0.1,81.2
1747229656536,8.3,0.0,11.8,0.0,0.0,0.1,79.8
1747229658546,6.6,0.0,11.7,0.0,0.0,0.0,81.7
1747229660556,6.0,0.0,11.8,0.0,0.0,0.0,82.1
1747229662565,6.7,0.0,11.5,0.0,0.0,0.1,81.8
1747229664576,7.9,0.0,10.9,0.0,0.0,0.1,81.2
1747229666585,7.3,0.0,12.5,0.0,0.0,0.0,80.1
1747229668594,7.1,0.0,11.6,0.0,0.0,0.1,81.2
1747229670602,6.9,0.0,11.9,0.0,0.0,0.0,81.2
1747229672612,7.3,0.0,10.8,0.0,0.0,0.0,81.8
1747229674621,6.4,0.0,11.8,0.0,0.0,0.2,81.6
1747229676631,6.4,0.0,10.9,0.0,0.0,0.0,82.7
1747229678650,5.8,0.0,11.9,0.0,0.0,0.0,82.2
1747229680669,6.8,0.0,11.9,0.0,0.0,0.0,81.3
1747229682679,6.9,0.0,11.9,0.0,0.0,0.0,81.2
1747229684688,6.4,0.0,11.2,0.0,0.0,0.1,82.2
1747229686699,7.0,0.0,11.0,0.0,0.0,0.0,82.0
1747229688711,7.9,0.0,11.9,0.0,0.0,0.1,80.2
1747229690722,7.0,0.0,12.1,0.0,0.0,0.1,80.8
1747229692734,7.3,0.0,11.5,0.0,0.0,0.1,81.1
1747229694745,7.3,0.0,12.5,0.0,0.0,0.2,80.0
1747229696757,7.7,0.0,12.6,0.0,0.0,0.1,79.6
1747229698769,7.4,0.0,11.7,0.0,0.0,0.1,80.8
1747229700781,7.0,0.0,12.5,0.0,0.0,0.0,80.5
1747229702792,6.9,0.0,12.3,0.0,0.0,0.0,80.8
1747229704802,8.0,0.0,11.9,0.0,0.0,0.1,80.0
1747229706812,6.5,0.0,11.8,0.0,0.0,0.0,81.7
1747229708823,7.0,0.0,12.0,0.0,0.0,0.1,80.8
1747229710834,7.0,0.0,12.8,0.0,0.0,0.1,80.1
1747229712845,7.6,0.0,12.4,0.0,0.0,0.0,80.0
1747229714856,6.0,0.0,13.4,0.0,0.0,0.1,80.4
1747229716866,7.1,0.0,13.5,0.0,0.0,0.0,79.4
1747229718877,8.4,0.0,13.2,0.0,0.0,0.0,78.3
1747229720887,8.1,0.0,11.8,0.0,0.0,0.2,79.9
1747229722898,6.8,0.0,12.4,0.0,0.0,0.0,80.8
1747229724909,6.6,0.0,12.9,0.0,0.0,0.1,80.3
1747229726920,6.4,0.0,12.4,0.0,0.0,0.0,81.2
1747229728929,8.5,0.0,12.0,0.0,0.0,0.0,79.4
1747229730939,6.8,0.0,12.0,0.0,0.0,0.1,81.1
1747229732949,6.7,0.0,11.5,0.0,0.0,0.0,81.8
1747229734960,7.0,0.0,11.6,0.0,0.0,0.0,81.3
1747229736970,7.2,0.0,11.7,0.0,0.0,0.1,81.0
1747229738983,7.0,0.0,11.3,0.0,0.0,0.0,81.7
1747229740993,7.2,0.0,11.7,0.0,0.0,0.0,81.0
1747229743002,7.5,0.0,12.3,0.0,0.0,0.1,80.2
1747229745011,7.6,0.0,11.7,0.0,0.0,0.0,80.6
1747229747022,7.2,0.0,12.7,0.0,0.0,0.0,80.0
1747229749033,6.4,0.0,11.3,0.0,0.0,0.0,82.2
1747229751045,6.7,0.0,11.4,0.0,0.0,0.3,81.7
1747229753053,7.6,0.0,12.4,0.0,0.0,0.0,79.9
1747229755065,6.7,0.0,12.9,0.0,0.0,0.0,80.4
1747229757075,7.0,0.0,12.1,0.0,0.0,0.1,80.8
1747229759084,7.2,0.0,12.4,0.0,0.0,0.0,80.3
1747229761093,7.4,0.0,12.5,0.0,0.0,0.1,79.9
1747229763103,7.2,0.0,11.9,0.0,0.0,0.1,80.8
1747229765114,6.8,0.0,12.5,0.0,0.0,0.1,80.6
1747229767124,7.4,0.0,13.3,0.0,0.0,0.0,79.3
1747229769133,7.4,0.0,12.4,0.0,0.0,0.1,80.2
1747229771145,6.7,0.0,12.3,0.0,0.0,0.2,80.8
1747229773155,6.8,0.0,12.0,0.0,0.0,0.1,81.1
1747229775166,6.5,0.0,12.9,0.0,0.0,0.0,80.5
1747229777174,7.2,0.0,11.8,0.0,0.0,0.0,81.0
1747229779183,10.1,0.0,14.2,0.0,0.0,0.1,75.5
1747229781194,10.1,0.0,15.6,0.0,0.0,0.4,74.0
1747229783205,11.0,0.0,15.8,0.0,0.0,0.1,73.1
1747229785216,11.2,0.0,16.7,0.0,0.0,0.0,72.1
1747229787227,0.0,0.0,0.0,0.0,0.0,0.0,0.0
1747229789238,10.1,0.0,14.9,0.0,0.0,0.0,75.0
1747229791250,9.9,0.0,15.5,0.0,0.0,0.1,74.5
1747229793262,9.2,0.0,14.5,0.0,0.0,0.0,76.2
1747229795273,0.0,0.0,0.0,0.0,0.0,0.0,0.0
1747229797285,9.1,0.0,13.2,0.0,0.0,0.0,77.7
1747229799299,8.5,0.0,13.8,0.0,0.0,0.1,77.7
1747229801315,9.1,0.0,13.3,0.0,0.0,0.2,77.3
1747229803327,0.2,0.0,0.3,0.0,0.0,0.0,99.5
1747229805338,6.7,0.0,10.8,0.0,0.0,0.1,82.4
1747229807347,6.7,0.0,11.1,0.0,0.0,0.1,82.1
1747229809355,6.5,0.0,11.3,0.0,0.0,0.1,82.0
1747229811364,6.8,0.0,11.4,0.0,0.0,0.2,81.6
1747229813372,6.5,0.0,11.7,0.0,0.0,0.1,81.7
1747229815384,6.7,0.0,12.4,0.0,0.0,0.1,80.8
1747229817394,6.9,0.0,12.0,0.0,0.0,0.1,80.9
1747229819405,6.8,0.0,11.8,0.0,0.0,0.0,81.4
1747229821416,7.1,0.0,11.6,0.0,0.0,0.2,81.0
1747229823424,7.0,0.0,11.6,0.0,0.0,0.0,81.3
1747229825436,6.9,0.0,12.4,0.0,0.0,0.1,80.6
1747229827447,7.2,0.0,12.1,0.0,0.0,0.0,80.6
1747229829459,7.1,0.0,12.2,0.0,0.0,0.1,80.7
1747229831470,6.9,0.0,12.8,0.0,0.0,0.1,80.2
1747229833480,6.8,0.0,12.0,0.0,0.0,0.1,81.1
1747229835491,6.6,0.0,12.8,0.0,0.0,0.1,80.5
1747229837502,7.1,0.0,12.2,0.0,0.0,0.1,80.6
1747229839514,6.6,0.0,12.1,0.0,0.0,0.0,81.3
1747229841525,7.1,0.0,12.2,0.0,0.0,0.2,80.6
1747229843534,7.3,0.0,11.7,0.0,0.0,0.1,81.0
1747229845545,10.6,0.0,15.5,0.0,0.0,0.1,73.8
1747229847558,10.3,0.0,14.4,0.0,0.0,0.1,75.2
1747229849569,9.8,0.0,14.8,0.0,0.0,0.1,75.4
1747229851580,10.3,0.0,14.4,0.0,0.0,0.2,75.1
1747229853592,0.0,0.0,0.0,0.0,0.0,0.0,0.0
1747229855609,9.6,0.0,13.8,0.0,0.0,0.1,76.4
1747229857623,9.4,0.0,14.5,0.0,0.0,0.1,76.0
1747229859640,9.4,0.0,14.1,0.0,0.0,0.1,76.4
1747229861655,0.0,0.0,0.0,0.0,0.0,0.0,0.0
1747229863665,8.7,0.0,13.9,0.0,0.0,0.1,77.2
1747229865684,8.6,0.0,14.1,0.0,0.0,0.1,77.2
1747229867696,9.7,0.0,13.9,0.0,0.0,0.1,76.2
1747229869707,8.8,0.0,14.1,0.0,0.0,0.1,77.0
1747229871719,6.8,0.0,10.2,0.0,0.0,0.2,82.8
1747229873729,6.8,0.0,11.2,0.0,0.0,0.1,81.9
1747229875739,6.5,0.0,12.0,0.0,0.0,0.0,81.4
1747229877749,6.4,0.0,11.1,0.0,0.0,0.0,82.5
1747229879757,6.8,0.0,11.2,0.0,0.0,0.1,81.8
1747229881768,7.0,0.0,12.3,0.0,0.0,0.1,80.6
1747229883779,6.8,0.0,12.7,0.0,0.0,0.0,80.5
1747229885789,7.3,0.0,12.1,0.0,0.0,0.1,80.5
1747229887803,7.0,0.0,11.9,0.0,0.0,0.0,81.1
1747229889812,7.0,0.0,11.5,0.0,0.0,0.1,81.3
1747229891822,6.9,0.0,12.1,0.0,0.0,0.2,80.8
1747229893832,7.5,0.0,13.3,0.0,0.0,0.0,79.1
1747229895843,8.5,0.0,12.5,0.0,0.0,0.1,78.8
1747229897854,7.9,0.0,13.5,0.0,0.0,0.1,78.5
1747229899865,7.7,0.0,13.2,0.0,0.0,0.0,79.0
1747229901876,7.4,0.0,13.6,0.0,0.0,0.1,78.9
1747229903886,8.0,0.0,13.1,0.0,0.0,0.1,78.7
1747229905895,7.7,0.0,13.1,0.0,0.0,0.1,79.1
1747229907905,7.4,0.0,13.6,0.0,0.0,0.1,78.9
1747229909915,7.5,0.0,13.3,0.0,0.0,0.0,79.1
1747229911923,10.1,0.0,13.8,0.0,0.0,0.2,75.9
1747229913936,10.2,0.0,14.9,0.0,0.0,0.1,74.8
1747229915961,10.2,0.0,15.8,0.0,0.0,0.2,73.8
1747229917974,10.4,0.0,15.2,0.0,0.0,0.1,74.2
1747229919986,0.0,0.0,0.0,0.0,0.0,0.0,0.0
1747229922000,9.2,0.0,14.5,0.0,0.0,0.2,76.1
1747229924015,9.5,0.0,14.5,0.0,0.0,0.1,75.9
1747229926027,9.7,0.0,13.9,0.0,0.0,0.2,76.1
1747229928039,0.0,0.0,0.0,0.0,0.0,0.0,0.0
1747229930049,9.5,0.0,13.8,0.0,0.0,0.1,76.6
1747229932060,9.4,0.0,14.9,0.0,0.0,0.1,75.5
1747229934071,9.8,0.0,14.1,0.0,0.0,0.1,75.9
1747229936083,9.8,0.0,14.6,0.0,0.0,0.2,75.4
1747229938094,6.8,0.0,12.0,0.0,0.0,0.2,81.1
1747229940103,7.3,0.0,12.0,0.0,0.0,0.1,80.6
1747229942112,6.9,0.0,11.2,0.0,0.0,0.2,81.7
1747229944121,7.2,0.0,12.3,0.0,0.0,0.1,80.4
1747229946131,7.2,0.0,12.4,0.0,0.0,0.2,80.3
1747229948142,7.2,0.0,13.9,0.0,0.0,0.0,78.9
1747229950151,7.3,0.0,12.5,0.0,0.0,0.1,80.0
1747229952168,7.0,0.0,12.9,0.0,0.0,0.2,79.9
1747229954177,7.9,0.0,12.8,0.0,0.0,0.2,79.1
1747229956188,7.2,0.0,13.5,0.0,0.0,0.3,79.0
1747229958199,8.0,0.0,12.8,0.0,0.0,0.1,79.2
1747229960209,8.2,0.0,14.1,0.0,0.0,0.1,77.6
1747229962221,7.7,0.0,13.6,0.0,0.0,0.1,78.6
1747229964232,7.5,0.0,12.7,0.0,0.0,0.0,79.7
1747229966243,7.7,0.0,14.0,0.0,0.0,0.2,78.1
1747229968254,7.6,0.0,13.7,0.0,0.0,0.1,78.5
1747229970264,0.0,0.0,0.0,0.0,0.0,0.0,0.0
1747229972276,10.9,0.0,16.7,0.0,0.0,0.1,72.2
1747229974288,10.8,0.0,17.0,0.0,0.0,0.2,72.0
1747229976299,10.2,0.0,16.7,0.0,0.0,0.1,73.0
1747229978311,0.0,0.0,0.0,0.0,0.0,0.0,0.0
1747229980321,9.6,0.0,15.8,0.0,0.0,0.1,74.5
1747229982333,9.9,0.0,15.3,0.0,0.0,0.2,74.6
1747229984347,10.6,0.0,14.4,0.0,0.0,0.2,74.8
1747229986360,9.6,0.0,14.5,0.0,0.0,0.0,75.8
1747229988378,9.5,0.0,12.8,0.0,0.0,0.0,77.7
1747229990389,9.7,0.0,15.0,0.0,0.0,0.0,75.3
1747229992401,10.1,0.0,14.4,0.0,0.0,0.0,75.4
1747229994412,9.9,0.0,15.4,0.0,0.0,0.1,74.6
1747229996423,6.7,0.0,11.3,0.0,0.0,0.2,81.8
1747229998434,7.0,0.0,11.6,0.0,0.0,0.1,81.2
1747230000445,7.2,0.0,12.1,0.0,0.0,0.1,80.7
1747230002456,6.7,0.0,13.2,0.0,0.0,0.2,79.9
1747230004465,7.3,0.0,13.7,0.0,0.0,0.0,79.0
1747230006474,7.3,0.0,14.4,0.0,0.0,0.1,78.2
1747230008482,8.3,0.0,14.2,0.0,0.0,0.1,77.4
1747230010491,7.2,0.0,13.3,0.0,0.0,0.1,79.4
1747230012499,6.9,0.0,13.1,0.0,0.0,0.3,79.7
1747230014514,7.0,0.0,12.2,0.0,0.0,0.1,80.7
1747230016528,6.7,0.0,12.9,0.0,0.0,0.2,80.2
1747230018539,7.5,0.0,13.3,0.0,0.0,0.0,79.2
1747230020548,7.3,0.0,12.3,0.0,0.0,0.1,80.4
1747230022558,7.0,0.0,14.3,0.0,0.0,0.1,78.6
1747230024568,7.2,0.0,13.0,0.0,0.0,0.1,79.6
1747230026578,7.8,0.0,13.0,0.0,0.0,0.2,78.9
1747230028587,7.6,0.0,13.9,0.0,0.0,0.1,78.3
1747230030597,6.9,0.0,13.6,0.0,0.0,0.1,79.5
1747230032606,7.3,0.0,13.7,0.0,0.0,0.1,78.9
1747230034613,7.3,0.0,12.2,0.0,0.0,0.1,80.4
1747230036621,6.6,0.0,12.4,0.0,0.0,0.1,80.9
1747230038635,6.4,0.0,12.2,0.0,0.0,0.0,81.3
1747230040652,6.4,0.0,12.1,0.0,0.0,0.1,81.4
1747230042666,6.5,0.0,13.0,0.0,0.0,0.1,80.4
1747230044676,8.3,0.0,12.4,0.0,0.0,0.1,79.1
1747230046688,10.8,0.0,15.5,0.0,0.0,0.2,73.6
1747230048700,10.4,0.0,15.7,0.0,0.0,0.0,73.9
1747230050712,10.3,0.0,15.7,0.0,0.0,0.1,73.8
1747230052724,0.0,0.0,0.0,0.0,0.0,0.0,0.0
1747230054734,10.2,0.0,15.1,0.0,0.0,0.1,74.7
1747230056745,9.8,0.0,14.9,0.1,0.0,0.2,75.0
1747230058757,10.2,0.0,14.6,0.0,0.0,0.1,75.2
1747230060770,9.1,0.0,15.2,0.0,0.0,0.2,75.6
1747230062783,8.8,0.0,14.2,0.0,0.0,0.1,76.9
1747230064796,9.1,0.0,13.9,0.0,0.0,0.1,76.9
1747230066808,9.4,0.0,14.0,0.0,0.0,0.1,76.5
1747230068824,9.6,0.0,14.9,0.0,0.0,0.0,75.5
1747230070850,8.4,0.0,12.5,0.0,0.0,0.1,79.0
1747230072869,9.0,0.0,14.4,0.0,0.0,0.0,76.6
1747230074881,9.1,0.0,14.3,0.0,0.0,0.1,76.5
1747230076892,9.8,0.0,14.6,0.0,0.0,0.1,75.5
1747230078904,0.0,0.0,0.0,0.0,0.0,0.0,100.0
1747230080914,6.7,0.0,11.9,0.0,0.0,0.1,81.3
1747230082924,6.6,0.0,12.2,0.0,0.0,0.1,81.1
1747230084934,6.7,0.0,12.3,0.0,0.0,0.1,81.0
1747230086943,0.0,0.0,0.0,0.0,0.0,0.0,100.0
1747230088953,6.5,0.0,11.9,0.0,0.0,0.1,81.6
1747230090964,6.5,0.0,12.1,0.0,0.0,0.1,81.3
1747230092973,6.5,0.0,11.9,0.0,0.0,0.0,81.5
1747230094983,0.2,0.0,0.3,0.0,0.0,0.0,99.5
1747230096991,6.8,0.0,11.7,0.0,0.0,0.2,81.4
1747230099005,6.2,0.0,11.4,0.0,0.0,0.0,82.3
1747230101022,6.3,0.0,12.9,0.0,0.0,0.1,80.6
1747230103031,0.2,0.0,0.3,0.0,0.0,0.0,99.6
1747230105041,7.2,0.0,12.4,0.0,0.0,0.0,80.4
1747230107051,6.8,0.0,12.4,0.0,0.0,0.1,80.7
1747230109061,7.2,0.0,12.1,0.0,0.0,0.1,80.6
1747230111071,0.2,0.0,0.3,0.0,0.0,0.0,99.5
1747230113082,7.1,0.0,12.5,0.0,0.0,0.2,80.1
1747230115093,7.4,0.0,13.3,0.0,0.0,0.1,79.1
1747230117104,7.5,0.0,13.7,0.0,0.0,0.1,78.7
1747230119114,8.0,0.0,13.5,0.0,0.0,0.1,78.4
1747230121125,8.2,0.0,14.2,0.0,0.0,0.1,77.5
1747230123135,8.2,0.0,13.2,0.0,0.0,0.2,78.4
1747230125144,7.8,0.0,13.9,0.0,0.0,0.1,78.2
1747230127152,7.9,0.0,13.8,0.0,0.0,0.1,78.1
1747230129160,7.2,0.0,12.8,0.1,0.0,0.2,79.8
1747230131167,7.3,0.0,12.9,0.0,0.0,0.1,79.7
1747230133178,7.3,0.0,12.8,0.0,0.0,0.1,79.8
1747230135188,7.8,0.0,13.9,0.0,0.0,0.1,78.2
1747230137202,7.7,0.0,14.0,0.0,0.0,0.1,78.2
1747230139212,8.2,0.0,13.7,0.0,0.0,0.1,78.1
1747230141223,8.2,0.0,13.5,0.0,0.0,0.1,78.2
1747230143234,8.3,0.0,13.3,0.0,0.0,0.1,78.4
1747230145245,7.5,0.0,14.4,0.0,0.0,0.1,78.0
1747230147255,8.1,0.0,13.9,0.0,0.0,0.1,78.0
1747230149264,7.3,0.0,14.1,0.0,0.0,0.1,78.5
1747230151274,8.0,0.0,13.0,0.0,0.0,0.1,78.9
1747230153282,7.4,0.0,13.3,0.0,0.0,0.1,79.1
1747230155291,7.1,0.0,13.2,0.1,0.0,0.1,79.5
1747230157301,7.4,0.0,12.3,0.0,0.0,0.1,80.3
1747230159310,7.9,0.0,13.3,0.0,0.0,0.1,78.7
1747230161323,7.6,0.0,13.1,0.0,0.0,0.1,79.2
1747230163333,7.1,0.0,14.2,0.0,0.0,0.1,78.7
1747230165342,8.2,0.0,14.1,0.1,0.0,0.1,77.5
1747230167353,8.2,0.0,15.0,0.0,0.0,0.1,76.7
1747230169364,8.3,0.0,13.4,0.0,0.0,0.1,78.1
1747230171375,7.8,0.0,14.1,0.0,0.0,0.1,78.0
1747230173386,8.1,0.0,14.4,0.0,0.0,0.1,77.4
1747230175397,8.3,0.0,13.9,0.0,0.0,0.1,77.7
1747230177408,8.2,0.0,13.5,0.0,0.0,0.1,78.2
1747230179418,7.6,0.0,14.6,0.0,0.0,0.1,77.8
1747230181428,7.8,0.0,15.3,0.1,0.0,0.1,76.7
1747230183439,8.2,0.0,14.0,0.0,0.0,0.1,77.7
1747230185450,8.1,0.0,13.7,0.0,0.0,0.2,78.0
1747230187460,7.2,0.0,15.4,0.0,0.0,0.1,77.4
1747230189470,8.5,0.0,13.8,0.0,0.0,0.1,77.6
1747230191479,8.3,0.0,14.8,0.0,0.0,0.1,76.7
1747230193488,8.2,0.0,14.1,0.0,0.0,0.1,77.5
1747230195499,7.8,0.0,14.3,0.0,0.0,0.1,77.7
1747230197509,7.9,0.0,14.6,0.0,0.0,0.1,77.4
1747230199517,8.4,0.0,14.2,0.0,0.0,0.1,77.3
1747230201527,7.3,0.0,14.6,0.0,0.0,0.1,78.0
1747230203539,7.3,0.0,14.3,0.0,0.0,0.1,78.2
1747230205552,8.0,0.0,13.1,0.0,0.0,0.1,78.8
1747230207560,7.6,0.0,14.2,0.0,0.0,0.1,78.1
1747230209570,8.0,0.0,13.7,0.0,0.0,0.1,78.2
1747230211581,7.3,0.0,14.9,0.0,0.0,0.1,77.8
1747230213592,7.7,0.0,14.3,0.0,0.0,0.1,77.9
1747230215603,7.6,0.0,15.1,0.0,0.0,0.0,77.3
1747230217614,12.2,0.0,17.7,0.0,0.0,0.1,70.0
1747230219625,11.3,0.0,17.9,0.0,0.0,0.0,70.8
1747230221640,11.5,0.0,16.6,0.0,0.0,0.2,71.7
1747230223656,12.2,0.0,17.6,0.0,0.0,0.0,70.1
1747230225670,9.9,0.0,12.7,0.0,0.0,0.0,77.4
1747230227679,10.6,0.0,16.6,0.0,0.0,0.1,72.8
1747230229691,11.5,0.0,16.2,0.0,0.0,0.0,72.2
1747230231704,11.7,0.0,18.2,0.0,0.0,0.0,70.0
1747230233715,0.0,0.0,0.0,0.0,0.0,0.0,0.0
1747230235726,10.5,0.0,16.6,0.0,0.0,0.1,72.9
1747230237737,10.8,0.0,16.1,0.0,0.0,0.1,73.0
1747230239748,11.6,0.0,15.8,0.0,0.0,0.0,72.6
1747230241760,0.2,0.0,0.2,0.0,0.0,0.0,99.6
1747230243771,7.4,0.0,13.4,0.0,0.0,0.1,79.2
1747230245782,7.7,0.0,13.1,0.0,0.0,0.0,79.2
1747230247793,7.3,0.0,13.3,0.0,0.0,0.2,79.2
1747230249804,9.2,0.0,12.6,0.0,0.0,0.1,78.1
1747230251814,7.0,0.0,13.2,0.0,0.0,0.2,79.5
1747230253826,7.3,0.0,13.8,0.0,0.0,0.0,78.8
1747230255837,7.3,0.0,13.6,0.0,0.0,0.1,79.0
1747230257849,7.6,0.0,13.1,0.0,0.0,0.1,79.2
1747230259865,7.0,0.0,12.8,0.0,0.0,0.0,80.2
1747230261881,6.6,0.0,13.3,0.0,0.0,0.2,79.9
1747230263891,7.2,0.0,12.5,0.0,0.0,0.1,80.2
1747230265902,8.1,0.0,12.8,0.0,0.0,0.2,78.9
1747230267913,7.4,0.0,12.6,0.0,0.0,0.2,79.9
1747230269924,6.8,0.0,14.4,0.0,0.0,0.0,78.8
1747230271934,7.1,0.0,13.9,0.0,0.0,0.0,79.0
1747230273944,7.1,0.0,14.7,0.0,0.0,0.1,78.1
1747230275955,7.4,0.0,13.9,0.0,0.0,0.0,78.7
1747230277964,6.6,0.0,13.2,0.0,0.0,0.1,80.1
1747230279974,7.2,0.0,12.6,0.0,0.0,0.1,80.1
1747230281983,7.9,0.0,12.8,0.0,0.0,0.1,79.1
1747230283993,7.9,0.0,13.5,0.0,0.0,0.1,78.5
1747230286001,7.4,0.0,12.8,0.0,0.0,0.1,79.8
1747230288011,7.2,0.0,13.1,0.0,0.0,0.1,79.5
1747230290023,6.7,0.0,13.1,0.0,0.0,0.1,80.2
