timestamp_ms,usr%,nice%,sys%,iowait%,irq%,soft%,steal%,idle%
1747228789595,5.3,0.0,9.6,0.0,0.0,0.1,85.0
1747228791607,5.4,0.0,9.9,0.0,0.0,0.2,84.5
1747228793620,7.3,0.0,9.8,0.0,0.0,0.3,82.5
1747228795632,5.7,0.0,10.1,0.0,0.0,0.2,83.9
1747228797643,4.8,0.0,10.3,0.0,0.0,0.4,84.4
1747228799655,5.3,0.0,10.1,0.0,0.0,0.0,84.5
1747228801666,6.6,0.0,9.9,0.0,0.0,0.1,83.4
1747228803678,5.3,0.0,11.0,0.0,0.0,0.1,83.5
1747228805689,6.2,0.0,10.3,0.0,0.0,0.1,83.4
1747228807701,6.3,0.0,11.4,0.0,0.0,0.1,82.2
1747228809711,0.0,0.0,0.0,0.0,0.0,0.0,0.0
1747228811723,7.7,0.0,12.9,0.0,0.0,0.0,79.4
1747228813736,7.6,0.0,11.3,0.0,0.0,0.2,80.9
1747228815754,7.8,0.0,11.2,0.0,0.0,0.2,80.8
1747228817775,8.1,0.0,12.3,0.0,0.0,0.0,79.6
1747228819790,6.2,0.0,8.9,0.0,0.0,0.2,84.8
1747228821800,7.2,0.0,11.4,0.0,0.0,0.1,81.3
1747228823813,7.4,0.0,11.5,0.0,0.0,0.1,81.0
1747228825825,8.1,0.0,12.4,0.0,0.0,0.2,79.3
1747228827836,6.5,0.0,9.3,0.0,0.0,0.3,83.9
1747228829845,7.5,0.0,10.7,0.0,0.0,0.1,81.7
1747228831857,7.8,0.0,10.8,0.0,0.0,0.1,81.3
1747228833869,8.3,0.0,11.9,0.0,0.0,0.2,79.6
1747228835881,0.1,0.0,0.2,0.0,0.0,0.0,99.7
1747228837892,6.4,0.0,9.1,0.0,0.0,0.2,84.4
1747228839904,5.5,0.0,10.2,0.0,0.0,0.2,84.1
1747228841914,5.2,0.0,10.5,0.0,0.0,0.1,84.2
1747228843925,0.2,0.0,0.3,0.0,0.0,0.0,99.5
1747228845937,5.8,0.0,9.5,0.0,0.0,0.2,84.4
1747228847946,5.3,0.0,9.6,0.0,0.0,0.1,85.0
1747228849957,5.9,0.0,9.5,0.0,0.0,0.3,84.3
1747228851969,0.1,0.0,0.2,0.0,0.0,0.0,99.6
1747228853980,5.8,0.0,10.1,0.0,0.0,0.1,83.9
1747228855992,5.7,0.0,10.0,0.0,0.0,0.1,84.2
1747228858004,5.3,0.0,10.7,0.0,0.0,0.0,83.9
1747228860017,0.0,0.0,0.0,0.0,0.0,0.0,0.0
1747228862028,8.0,0.0,12.2,0.0,0.0,0.2,79.6
1747228864040,8.2,0.0,12.0,0.0,0.0,0.2,79.6
1747228866052,8.0,0.0,12.3,0.0,0.0,0.1,79.6
1747228868063,8.5,0.0,13.2,0.0,0.0,0.1,78.2
1747228870074,6.1,0.0,9.9,0.0,0.0,0.2,83.8
1747228872083,7.7,0.0,11.5,0.0,0.0,0.1,80.7
1747228874096,7.8,0.0,11.4,0.0,0.0,0.1,80.7
1747228876108,8.5,0.0,11.9,0.0,0.0,0.2,79.5
1747228878121,0.0,0.0,0.0,0.0,0.0,0.0,0.0
1747228880133,7.3,0.0,11.6,0.0,0.0,0.2,80.9
1747228882147,7.2,0.0,11.2,0.0,0.0,0.3,81.3
1747228884165,7.0,0.0,11.5,0.0,0.0,0.1,81.4
1747228886178,0.1,0.0,0.1,0.0,0.0,0.0,99.8
1747228888189,5.3,0.0,8.9,0.0,0.0,0.1,85.7
1747228890196,5.3,0.0,8.9,0.0,0.0,0.2,85.6
1747228892205,5.4,0.0,8.8,0.0,0.0,0.1,85.7
1747228894213,0.1,0.0,0.2,0.0,0.0,0.0,99.7
1747228896221,5.1,0.0,9.7,0.0,0.0,0.1,85.1
1747228898239,5.0,0.0,9.4,0.0,0.0,0.0,85.6
1747228900249,5.5,0.0,10.1,0.0,0.0,0.0,84.4
1747228902261,0.0,0.0,0.0,0.0,0.0,0.0,0.0
1747228904274,7.6,0.0,11.2,0.0,0.0,0.1,81.1
1747228906286,7.6,0.0,11.9,0.0,0.0,0.1,80.4
1747228908298,7.5,0.0,12.0,0.0,0.0,0.0,80.5
1747228910310,8.3,0.0,12.5,0.0,0.0,0.1,79.1
1747228912320,5.8,0.0,9.2,0.0,0.0,0.1,84.9
1747228914329,7.8,0.0,11.0,0.0,0.0,0.1,81.1
1747228916341,7.1,0.0,11.8,0.0,0.0,0.1,81.0
1747228918354,7.3,0.0,12.6,0.0,0.0,0.1,80.0
1747228920367,6.6,0.0,9.5,0.0,0.0,0.2,83.7
1747228922379,5.6,0.0,9.8,0.0,0.0,0.0,84.6
1747228924389,6.0,0.0,9.6,0.0,0.0,0.1,84.3
1747228926400,5.5,0.0,10.4,0.0,0.0,0.1,83.9
1747228928412,0.1,0.0,0.2,0.0,0.0,0.0,99.6
1747228930423,6.1,0.0,10.6,0.0,0.0,0.2,83.2
1747228932435,5.5,0.0,10.0,0.0,0.0,0.1,84.4
1747228934447,6.0,0.0,9.8,0.0,0.0,0.1,84.0
1747228936458,6.2,0.0,10.2,0.0,0.0,0.2,83.3
1747228938470,5.2,0.0,10.3,0.0,0.0,0.1,84.4
1747228940481,5.7,0.0,9.9,4.1,0.0,0.1,80.2
1747228942492,5.7,0.0,9.7,0.0,0.0,0.0,84.6
1747228944502,7.2,0.0,9.5,0.0,0.0,0.1,83.2
1747228946511,5.5,0.0,10.0,3.8,0.0,0.1,80.7
1747228948521,5.6,0.0,10.0,0.0,0.0,0.1,84.3
1747228950532,5.5,0.0,10.2,0.0,0.0,0.2,84.0
1747228952542,6.6,0.0,9.7,0.0,0.0,0.1,83.6
1747228954551,5.4,0.0,10.7,0.0,0.0,0.0,83.9
1747228956560,5.9,0.0,11.0,0.0,0.0,0.2,82.8
1747228958569,6.5,0.0,10.2,0.0,0.0,0.1,83.1
1747228960588,6.4,0.0,9.2,0.0,0.0,0.3,84.1
1747228962598,5.5,0.0,9.2,0.0,0.0,0.2,85.1
1747228964609,5.0,0.0,9.6,0.0,0.0,0.1,85.3
1747228966620,5.2,0.0,9.2,0.0,0.0,0.0,85.6
1747228968630,5.9,0.0,10.0,0.0,0.0,0.2,83.9
1747228970641,5.6,0.0,8.8,0.0,0.0,0.2,85.4
1747228972652,5.2,0.0,9.6,0.0,0.0,0.1,85.1
1747228974669,5.7,0.0,9.5,0.0,0.0,0.1,84.7
1747228976679,6.8,0.0,9.3,0.0,0.0,0.2,83.7
1747228978692,5.4,0.0,9.5,0.0,0.0,0.1,85.0
1747228980703,5.1,0.0,10.3,0.0,0.0,0.2,84.4
1747228982715,5.6,0.0,10.0,0.0,0.0,0.2,84.1
1747228984725,6.8,0.0,10.1,0.0,0.0,0.3,82.8
1747228986737,5.7,0.0,10.0,0.0,0.0,0.1,84.2
1747228988747,5.8,0.0,10.5,0.0,0.0,0.1,83.6
1747228990759,5.8,0.0,9.6,0.0,0.0,0.2,84.4
1747228992770,6.2,0.0,10.1,0.0,0.0,0.1,83.5
1747228994781,5.7,0.0,10.2,0.0,0.0,0.2,83.9
1747228996793,4.9,0.0,10.8,0.0,0.0,0.2,84.1
1747228998804,5.5,0.0,10.1,0.0,0.0,0.1,84.3
1747229000816,6.7,0.0,9.6,0.0,0.0,0.2,83.5
1747229002828,5.5,0.0,9.7,0.0,0.0,0.1,84.7
1747229004840,5.5,0.0,10.0,0.0,0.0,0.1,84.3
1747229006851,5.4,0.0,10.6,0.0,0.0,0.2,83.9
1747229008861,6.9,0.0,10.8,0.0,0.0,0.2,82.1
1747229010872,6.0,0.0,10.9,0.0,0.0,0.2,83.0
1747229012884,6.8,0.0,11.5,0.0,0.0,0.1,81.6
1747229014897,5.0,0.0,12.0,0.0,0.0,0.1,82.9
1747229016909,7.0,0.0,9.8,0.0,0.0,0.2,83.0
1747229018921,5.9,0.0,9.8,0.0,0.0,0.1,84.1
1747229020933,5.8,0.0,9.8,0.0,0.0,0.3,84.1
1747229022945,5.7,0.0,10.1,0.0,0.0,0.1,84.2
1747229024957,6.2,0.0,10.2,0.0,0.0,0.1,83.5
1747229026969,5.4,0.0,10.1,0.0,0.0,0.2,84.3
1747229028980,5.6,0.0,9.8,0.0,0.0,0.2,84.4
1747229030991,5.5,0.0,9.9,0.0,0.0,0.2,84.2
1747229033000,6.8,0.0,9.7,0.0,0.0,0.1,83.4
1747229035009,5.7,0.0,10.0,0.0,0.0,0.1,84.2
1747229037017,6.0,0.0,9.8,0.0,0.0,0.2,84.0
1747229039027,6.4,0.0,10.2,0.0,0.0,0.2,83.1
1747229041037,6.2,0.0,10.1,0.0,0.0,0.2,83.4
1747229043047,6.0,0.0,10.2,0.0,0.0,0.1,83.7
1747229045059,5.2,0.0,9.5,0.0,0.0,0.1,85.2
1747229047067,5.5,0.0,10.0,0.0,0.0,0.2,84.3
1747229049078,5.9,0.0,10.2,0.0,0.0,0.2,83.8
1747229051088,5.3,0.0,9.6,0.0,0.0,0.3,84.8
1747229053103,5.5,0.0,10.4,0.0,0.0,0.2,83.8
1747229055114,5.6,0.0,9.4,0.0,0.0,0.1,84.9
1747229057126,6.3,0.0,10.1,0.0,0.0,0.1,83.5
1747229059137,5.8,0.0,10.3,0.0,0.0,0.2,83.7
1747229061149,5.6,0.0,10.5,0.0,0.0,0.3,83.7
1747229063160,6.2,0.0,9.7,0.0,0.0,0.1,84.0
1747229065170,6.0,0.0,11.0,0.0,0.0,0.2,82.9
1747229067181,6.6,0.0,10.7,0.0,0.0,0.0,82.7
1747229069191,6.2,0.0,10.9,0.0,0.0,0.2,82.8
1747229071202,5.8,0.0,10.1,0.0,0.0,0.5,83.6
1747229073212,5.9,0.0,10.1,0.0,0.0,0.2,83.8
1747229075224,5.7,0.0,10.5,0.0,0.0,0.0,83.8
1747229077236,5.6,0.0,10.8,0.0,0.0,0.1,83.5
1747229079247,5.8,0.0,10.3,0.0,0.0,0.0,83.9
1747229081258,5.5,0.0,10.8,0.0,0.0,0.2,83.5
1747229083270,5.4,0.0,10.7,0.0,0.0,0.1,83.8
1747229085281,5.8,0.0,10.2,0.0,0.0,0.0,84.0
1747229087292,5.9,0.0,10.1,0.0,0.0,0.1,84.0
1747229089302,6.3,0.0,10.7,0.0,0.0,0.1,82.9
1747229091313,5.8,0.0,10.3,0.0,0.0,0.3,83.7
1747229093325,6.2,0.0,10.2,0.0,0.0,0.1,83.5
1747229095336,5.6,0.0,10.2,0.0,0.0,0.1,84.0
1747229097346,5.8,0.0,10.2,0.0,0.0,0.1,84.0
1747229099358,5.9,0.0,9.9,0.0,0.0,0.2,84.0
1747229101370,5.2,0.0,10.7,0.0,0.0,0.1,83.9
1747229103380,5.9,0.0,10.2,0.0,0.0,0.0,83.9
1747229105390,5.7,0.0,10.7,0.0,0.0,0.1,83.5
1747229107400,5.9,0.0,10.7,0.0,0.0,0.0,83.4
1747229109411,5.8,0.0,10.5,0.0,0.0,0.1,83.7
1747229111420,5.3,0.0,9.7,0.0,0.0,0.1,84.9
1747229113435,5.9,0.0,9.8,0.0,0.0,0.1,84.2
1747229115462,6.1,0.0,10.5,0.0,0.0,0.1,83.3
1747229117489,6.3,0.0,10.6,0.0,0.0,0.1,83.0
1747229119503,5.7,0.0,10.0,0.0,0.0,0.1,84.2
1747229121514,5.9,0.0,10.3,0.0,0.0,0.1,83.7
1747229123522,5.8,0.0,9.3,0.0,0.0,0.1,84.8
1747229125532,5.5,0.0,10.2,0.0,0.0,0.3,84.0
1747229127542,5.3,0.0,10.3,0.0,0.0,0.0,84.4
1747229129553,5.7,0.0,10.8,0.0,0.0,0.0,83.5
1747229131564,5.9,0.0,10.2,0.0,0.0,0.2,83.7
1747229133575,5.9,0.0,10.0,0.0,0.0,0.1,84.0
1747229135585,6.0,0.0,10.9,0.0,0.0,0.1,83.0
1747229137596,5.7,0.0,10.6,0.0,0.0,0.1,83.6
1747229139606,6.4,0.0,11.8,0.0,0.0,0.1,81.8
1747229141618,7.0,0.0,11.6,0.0,0.0,0.0,81.4
1747229143628,6.2,0.0,10.6,0.0,0.0,0.2,83.1
1747229145639,5.6,0.0,10.6,0.0,0.0,0.2,83.6
1747229147648,5.4,0.0,10.7,0.0,0.0,0.0,83.9
1747229149660,5.9,0.0,10.1,0.0,0.0,0.1,83.9
1747229151670,5.5,0.0,10.0,0.0,0.0,0.1,84.4
1747229153681,6.0,0.0,10.4,0.0,0.0,0.3,83.3
1747229155691,7.7,0.0,12.0,0.0,0.0,0.4,80.0
1747229157701,8.2,0.0,13.1,0.0,0.0,0.1,78.6
1747229159712,8.7,0.0,12.6,0.0,0.0,0.1,78.6
1747229161724,8.9,0.0,13.9,0.0,0.0,0.1,77.1
1747229163735,0.0,0.0,0.0,0.0,0.0,0.0,0.0
1747229165747,8.1,0.0,12.1,0.0,0.0,0.2,79.6
1747229167759,8.6,0.0,11.8,0.0,0.0,0.1,79.5
1747229169770,8.5,0.0,11.4,0.0,0.0,0.0,80.0
1747229171783,0.0,0.0,0.0,0.0,0.0,0.0,0.0
1747229173795,7.2,0.0,11.6,0.0,0.0,0.1,81.1
1747229175808,7.1,0.0,11.8,0.0,0.0,0.2,80.9
1747229177820,7.7,0.0,11.5,0.0,0.0,0.1,80.8
1747229179832,7.3,0.0,11.5,0.0,0.0,0.0,81.1
1747229181844,5.9,0.0,8.6,0.0,0.0,0.1,85.5
1747229183851,5.4,0.0,9.4,0.0,0.0,0.1,85.1
1747229185860,6.0,0.0,8.4,0.0,0.0,0.1,85.4
1747229187870,5.8,0.0,9.9,0.0,0.0,0.1,84.1
1747229189879,5.7,0.0,9.4,0.0,0.0,0.1,84.9
1747229191888,5.9,0.0,9.8,0.0,0.0,0.2,84.1
1747229193898,5.9,0.0,11.0,0.0,0.0,0.3,82.8
1747229195908,5.8,0.0,10.6,0.0,0.0,0.2,83.3
1747229197919,6.0,0.0,10.9,0.0,0.0,0.1,83.0
1747229199929,6.5,0.0,10.7,0.0,0.0,0.3,82.5
1747229201940,6.3,0.0,11.0,0.0,0.0,0.1,82.6
1747229203951,6.2,0.0,12.0,0.0,0.0,0.2,81.6
1747229205962,7.2,0.0,11.2,0.0,0.0,0.1,81.4
1747229207970,6.4,0.0,12.5,0.0,0.0,0.1,81.0
1747229209979,6.0,0.0,11.7,0.0,0.0,0.1,82.2
1747229211990,6.4,0.0,11.8,0.0,0.0,0.1,81.8
1747229214003,6.7,0.0,11.4,0.0,0.0,0.2,81.7
1747229216016,6.6,0.0,11.1,0.0,0.0,0.0,82.2
1747229218028,6.5,0.0,11.7,0.0,0.0,0.2,81.7
1747229220041,6.5,0.0,12.3,0.0,0.0,0.1,81.1
1747229222053,7.1,0.0,10.8,0.0,0.0,0.1,82.0
1747229224066,6.1,0.0,11.5,0.0,0.0,0.2,82.3
1747229226079,6.2,0.0,11.2,0.0,0.0,0.2,82.4
1747229228091,6.8,0.0,11.4,0.0,0.0,0.3,81.6
1747229230102,6.6,0.0,11.5,0.0,0.0,0.1,81.8
1747229232113,5.8,0.0,13.4,0.0,0.0,0.0,80.8
1747229234124,6.7,0.0,11.2,0.0,0.0,0.1,82.0
1747229236135,6.8,0.0,11.5,0.0,0.0,0.2,81.6
1747229238147,5.9,0.0,11.5,0.0,0.0,0.3,82.2
1747229240157,6.1,0.0,11.4,0.0,0.0,0.2,82.4
1747229242170,6.5,0.0,12.3,0.0,0.0,0.1,81.1
1747229244183,6.4,0.0,11.9,0.0,0.0,0.2,81.5
1747229246195,8.4,0.0,12.0,0.0,0.0,0.2,79.4
1747229248205,6.7,0.0,10.8,0.0,0.0,0.1,82.3
1747229250216,6.4,0.0,10.6,0.0,0.0,0.1,82.8
1747229252225,5.8,0.0,11.6,0.0,0.0,0.1,82.5
1747229254236,6.4,0.0,11.5,0.0,0.0,0.2,81.8
1747229256247,6.1,0.0,11.0,0.0,0.0,0.2,82.7
1747229258256,5.7,0.0,11.3,0.0,0.0,0.1,82.9
1747229260269,5.8,0.0,11.2,0.0,0.0,0.1,83.0
1747229262280,6.3,0.0,10.5,0.0,0.0,0.2,83.0
1747229264290,5.5,0.0,11.3,0.0,0.0,0.2,83.0
1747229266300,6.2,0.0,10.5,0.0,0.0,0.3,83.0
1747229268311,6.8,0.0,12.7,0.0,0.0,0.2,80.4
1747229270322,7.5,0.0,10.5,0.0,0.0,0.2,81.8
1747229272333,9.2,0.0,13.4,0.0,0.0,0.1,77.3
1747229274344,9.3,0.0,13.1,0.0,0.0,0.0,77.5
1747229276355,8.4,0.0,13.8,0.0,0.0,0.2,77.6
1747229278366,0.0,0.0,0.0,0.0,0.0,0.0,0.0
1747229280375,8.6,0.0,12.8,0.0,0.0,0.2,78.3
1747229282386,8.7,0.0,13.0,0.0,0.0,0.0,78.2
1747229284397,8.4,0.0,13.2,0.0,0.0,0.2,78.2
1747229286409,0.0,0.0,0.0,0.0,0.0,0.0,0.0
1747229288420,8.4,0.0,12.4,0.0,0.0,0.1,79.0
1747229290432,8.3,0.0,12.3,0.0,0.0,0.0,79.4
1747229292444,7.7,0.0,12.4,0.0,0.0,0.0,79.8
1747229294456,8.9,0.0,12.7,0.0,0.0,0.2,78.2
1747229296466,5.8,0.0,9.6,0.0,0.0,0.2,84.4
1747229298476,5.8,0.0,9.5,0.0,0.0,0.1,84.6
1747229300487,6.2,0.0,10.1,0.0,0.0,0.1,83.6
1747229302498,6.7,0.0,9.6,0.0,0.0,0.1,83.6
1747229304509,6.3,0.0,11.6,0.0,0.0,0.2,82.0
1747229306519,6.8,0.0,11.0,0.0,0.0,0.2,82.0
1747229308530,7.0,0.0,11.1,0.0,0.0,0.1,81.8
1747229310541,6.1,0.0,11.8,0.0,0.0,0.2,81.9
1747229312550,6.5,0.0,11.7,0.0,0.0,0.1,81.7
1747229314559,6.0,0.0,11.1,0.0,0.0,0.2,82.7
1747229316570,6.7,0.0,10.8,0.0,0.0,0.1,82.3
1747229318579,6.0,0.0,12.1,0.0,0.0,0.1,81.8
1747229320588,7.0,0.0,11.1,0.0,0.0,0.1,81.8
1747229322599,6.1,0.0,10.1,0.0,0.0,0.0,83.8
1747229324607,6.1,0.0,10.4,0.0,0.0,0.2,83.2
1747229326627,5.7,0.0,11.0,0.0,0.0,0.1,83.2
1747229328636,6.7,0.0,10.5,0.0,0.0,0.1,82.7
1747229330646,6.1,0.0,10.8,0.0,0.0,0.2,82.9
1747229332656,6.0,0.0,10.9,0.0,0.0,0.2,83.0
1747229334668,6.2,0.0,11.3,0.0,0.0,0.2,82.4
1747229336679,6.7,0.0,11.6,0.0,0.0,0.1,81.6
1747229338690,6.2,0.0,11.3,0.0,0.0,0.1,82.5
1747229340700,6.3,0.0,11.9,0.0,0.0,0.1,81.7
1747229342711,6.2,0.0,12.8,0.0,0.0,0.1,80.8
1747229344722,8.4,0.0,12.0,0.0,0.0,0.0,79.6
1747229346733,6.5,0.0,11.0,0.0,0.0,0.1,82.5
1747229348744,6.5,0.0,11.2,0.0,0.0,0.1,82.2
1747229350755,5.5,0.0,12.7,0.0,0.0,0.3,81.5
1747229352766,0.0,0.0,0.0,0.0,0.0,0.0,0.0
1747229354778,9.2,0.0,13.3,0.0,0.0,0.1,77.3
1747229356788,8.8,0.0,13.8,0.0,0.0,0.1,77.4
1747229358799,9.7,0.0,12.8,0.0,0.0,0.2,77.2
1747229360811,9.4,0.0,14.2,0.0,0.0,0.2,76.3
1747229362822,8.4,0.0,13.0,0.0,0.0,0.2,78.4
1747229364834,8.4,0.0,13.4,0.0,0.0,0.0,78.1
1747229366845,8.3,0.0,12.3,0.0,0.0,0.2,79.2
1747229368862,8.9,0.0,14.1,0.0,0.0,0.0,77.0
1747229370874,0.2,0.0,0.2,0.0,0.0,0.0,99.6
1747229372884,6.1,0.0,9.9,0.0,0.0,0.0,84.0
1747229374893,6.1,0.0,9.7,0.0,0.0,0.1,84.1
1747229376900,6.5,0.0,9.3,0.0,0.0,0.0,84.2
1747229378908,0.1,0.0,0.2,0.0,0.0,0.0,99.6
1747229380918,6.4,0.0,10.5,0.0,0.0,0.2,83.0
1747229382929,6.3,0.0,10.7,0.0,0.0,0.1,82.9
1747229384939,6.3,0.0,11.2,0.0,0.0,0.1,82.4
1747229386948,7.6,0.0,11.2,0.0,0.0,0.0,81.2
1747229388956,5.9,0.0,11.6,0.0,0.0,0.1,82.4
1747229390965,6.7,0.0,10.8,0.0,0.0,0.3,82.2
1747229392975,6.6,0.0,10.9,0.0,0.0,0.0,82.5
1747229394984,6.2,0.0,11.3,0.0,0.0,0.0,82.4
1747229396993,6.8,0.0,10.1,0.0,0.0,0.1,82.9
1747229399002,6.7,0.0,10.8,0.0,0.0,0.1,82.4
1747229401013,6.0,0.0,10.9,0.0,0.0,0.2,82.9
1747229403022,6.9,0.0,11.1,0.0,0.0,0.1,81.9
1747229405034,5.8,0.0,11.4,0.0,0.0,0.1,82.8
1747229407044,6.4,0.0,11.9,0.0,0.0,0.0,81.6
1747229409055,6.0,0.0,12.3,0.0,0.0,0.1,81.6
1747229411064,7.5,0.0,11.3,0.0,0.0,0.4,80.8
1747229413074,6.7,0.0,11.7,0.0,0.0,0.2,81.4
1747229415083,6.4,0.0,11.1,0.0,0.0,0.1,82.3
1747229417092,6.0,0.0,11.4,0.0,0.0,0.1,82.5
1747229419105,7.0,0.0,12.0,0.0,0.0,0.1,80.9
1747229421117,6.7,0.0,11.9,0.0,0.0,0.2,81.2
1747229423128,6.3,0.0,12.1,0.0,0.0,0.1,81.4
1747229425140,5.8,0.0,12.5,0.0,0.0,0.2,81.5
1747229427152,6.9,0.0,11.7,0.0,0.0,0.4,81.0
1747229429163,6.0,0.0,12.7,0.0,0.0,0.1,81.2
1747229431175,6.0,0.0,12.1,0.0,0.0,0.2,81.7
1747229433186,6.4,0.0,10.8,0.0,0.0,0.1,82.7
1747229435195,7.0,0.0,10.8,0.0,0.0,0.1,82.1
1747229437205,6.5,0.0,10.8,0.0,0.0,0.0,82.7
1747229439215,5.7,0.0,11.6,0.0,0.0,0.0,82.7
1747229441226,6.1,0.0,11.4,0.0,0.0,0.1,82.5
1747229443238,0.0,0.0,0.0,0.0,0.0,0.0,0.0
1747229445247,8.6,0.0,14.5,0.0,0.0,0.1,76.8
1747229447260,8.7,0.0,12.2,0.0,0.0,0.0,79.0
1747229449276,8.5,0.0,12.7,0.0,0.0,0.1,78.7
1747229451291,8.8,0.0,14.3,0.0,0.0,0.2,76.7
1747229453311,8.1,0.0,12.4,0.0,0.0,0.2,79.3
1747229455331,8.5,0.0,13.7,0.0,0.0,0.3,77.4
1747229457343,8.4,0.0,13.4,0.0,0.0,0.1,78.0
1747229459358,9.5,0.0,13.3,0.0,0.0,0.2,77.0
1747229461377,0.0,0.0,0.0,0.0,0.0,0.0,0.0
1747229463390,8.0,0.0,12.8,0.0,0.0,0.1,79.1
1747229465404,9.4,0.0,11.7,0.0,0.0,0.2,78.6
1747229467416,8.7,0.0,13.1,0.0,0.0,0.1,78.1
1747229469426,0.0,0.0,0.0,0.0,0.0,0.0,99.9
1747229471437,6.2,0.0,10.0,0.0,0.0,0.2,83.6
1747229473449,6.2,0.0,10.0,0.0,0.0,0.1,83.8
1747229475461,5.9,0.0,10.5,0.0,0.0,0.1,83.6
1747229477474,0.2,0.0,0.2,0.0,0.0,0.0,99.6
1747229479485,6.1,0.0,10.7,0.0,0.0,0.1,83.0
1747229481496,6.0,0.0,10.7,0.0,0.0,0.1,83.2
1747229483508,6.0,0.0,10.9,0.0,0.0,0.2,82.8
1747229485519,0.2,0.0,0.2,0.0,0.0,0.0,99.6
1747229487528,6.8,0.0,11.5,0.0,0.0,0.0,81.7
1747229489538,6.9,0.0,11.7,0.0,0.0,0.0,81.3
1747229491550,6.2,0.0,11.1,0.0,0.0,0.2,82.6
1747229493561,0.1,0.0,0.2,0.0,0.0,0.0,99.6
1747229495573,6.7,0.0,11.2,0.0,0.0,0.1,82.0
1747229497584,6.3,0.0,11.8,0.0,0.0,0.1,81.7
1747229499596,6.7,0.0,11.9,0.0,0.0,0.0,81.3
1747229501606,6.5,0.0,12.7,0.0,0.0,0.2,80.6
1747229503617,6.8,0.0,11.7,0.0,0.0,0.1,81.4
1747229505628,6.7,0.0,11.5,0.0,0.0,0.1,81.7
1747229507638,6.4,0.0,12.2,0.0,0.0,0.1,81.3
1747229509649,7.5,0.0,11.7,0.0,0.0,0.1,80.7
1747229511658,6.7,0.0,12.4,0.0,0.0,0.1,80.8
1747229513669,7.3,0.0,12.1,0.0,0.0,0.2,80.3
1747229515679,7.6,0.0,12.2,0.0,0.0,0.1,80.0
1747229517688,7.9,0.0,11.4,0.0,0.0,0.0,80.6
1747229519698,7.0,0.0,11.5,0.0,0.0,0.0,81.4
1747229521708,6.6,0.0,11.7,0.0,0.0,0.2,81.6
1747229523717,6.6,0.0,11.3,0.0,0.0,0.1,82.0
1747229525726,7.7,0.0,12.3,0.0,0.0,0.3,79.7
1747229527734,6.6,0.0,12.8,0.0,0.0,0.0,80.5
1747229529741,5.9,0.0,12.9,0.0,0.0,0.1,81.1
1747229531753,6.3,0.0,11.9,0.0,0.0,0.0,81.7
1747229533769,7.1,0.0,12.1,0.0,0.0,0.1,80.8
1747229535780,6.1,0.0,11.9,0.0,0.0,0.3,81.7
1747229537789,6.9,0.0,12.5,0.0,0.0,0.0,80.6
1747229539801,7.2,0.0,12.4,0.0,0.0,0.1,80.3
1747229541812,8.7,0.0,12.7,0.0,0.0,0.1,78.5
1747229543823,7.5,0.0,11.6,0.0,0.0,0.1,80.8
1747229545834,7.7,0.0,11.4,0.0,0.0,0.1,80.8
1747229547845,6.8,0.0,12.2,0.0,0.0,0.1,81.0
1747229549856,7.3,0.0,12.3,0.0,0.0,0.0,80.4
1747229551867,6.4,0.0,12.2,0.0,0.0,0.0,81.3
1747229553878,5.7,0.0,12.5,0.0,0.0,0.1,81.7
1747229555889,6.3,0.0,12.6,0.0,0.0,0.2,80.9
1747229557901,7.7,0.0,11.8,0.0,0.0,0.1,80.5
1747229559912,7.0,0.0,11.4,0.0,0.0,0.1,81.5
1747229561923,6.1,0.0,13.4,0.0,0.0,0.1,80.4
1747229563934,7.6,0.0,12.3,0.0,0.0,0.0,80.1
1747229565945,8.7,0.0,12.5,0.0,0.0,0.2,78.6
1747229567956,7.4,0.0,11.9,0.0,0.0,0.1,80.6
1747229569967,6.6,0.0,11.2,0.0,0.0,0.1,82.1
1747229571978,6.9,0.0,11.2,0.0,0.0,0.1,81.8
1747229573988,7.0,0.0,11.1,0.0,0.0,0.1,81.7
1747229575998,6.5,0.0,11.8,0.0,0.0,0.2,81.4
1747229578009,6.4,0.0,10.8,0.0,0.0,0.1,82.7
1747229580019,6.0,0.0,11.8,0.0,0.0,0.1,82.1
1747229582030,7.5,0.0,12.1,0.0,0.0,0.1,80.4
1747229584040,6.1,0.0,11.8,0.0,0.0,0.1,82.0
1747229586051,7.1,0.0,12.3,0.0,0.0,0.2,80.5
1747229588062,6.8,0.0,12.6,0.0,0.0,0.0,80.6
1747229590072,8.1,0.0,12.9,0.0,0.0,0.1,78.9
1747229592080,7.3,0.0,11.7,0.0,0.0,0.1,80.9
1747229594089,6.5,0.0,11.2,0.0,0.0,0.1,82.2
1747229596098,6.4,0.0,11.5,0.0,0.0,0.3,81.8
1747229598107,0.0,0.0,0.0,0.0,0.0,0.0,0.0
1747229600126,8.4,0.0,13.6,0.0,0.0,0.1,77.9
1747229602146,8.9,0.0,14.7,0.0,0.0,0.1,76.3
1747229604166,9.3,0.0,13.9,0.0,0.0,0.1,76.7
1747229606180,9.8,0.0,14.5,0.0,0.0,0.2,75.4
1747229608196,8.0,0.0,12.8,0.0,0.0,0.1,79.2
1747229610208,9.2,0.0,14.6,0.0,0.0,0.1,76.1
1747229612220,10.0,0.0,13.9,0.0,0.0,0.1,76.0
1747229614231,9.2,0.0,15.9,0.0,0.0,0.1,74.9
1747229616242,7.5,0.0,11.1,0.0,0.0,0.1,81.3
1747229618251,8.5,0.0,13.9,0.0,0.0,0.1,77.4
1747229620262,9.4,0.0,13.0,0.0,0.0,0.1,77.5
1747229622272,9.9,0.0,13.6,0.0,0.0,0.1,76.3
1747229624284,8.0,0.0,10.9,0.0,0.0,0.1,81.0
1747229626295,6.5,0.0,11.1,0.0,0.0,0.0,82.3
1747229628305,6.7,0.0,10.3,0.0,0.0,0.1,82.9
1747229630314,7.0,0.0,10.9,0.0,0.0,0.1,82.0
1747229632326,0.1,0.0,0.2,0.0,0.0,0.0,99.7
1747229634337,6.8,0.0,11.6,0.0,0.0,0.2,81.5
1747229636349,7.4,0.0,12.1,0.0,0.0,0.1,80.4
1747229638359,6.7,0.0,11.8,0.0,0.0,0.1,81.5
1747229640370,0.2,0.0,0.3,0.0,0.0,0.0,99.5
1747229642381,7.3,0.0,11.7,0.0,0.0,0.1,81.0
1747229644393,7.0,0.0,12.4,0.0,0.0,0.1,80.4
1747229646404,6.3,0.0,12.2,0.0,0.0,0.1,81.4
1747229648415,8.0,0.0,11.6,0.0,0.0,0.1,80.2
1747229650426,7.1,0.0,11.5,0.0,0.0,0.0,81.4
1747229652437,6.6,0.0,11.9,0.0,0.0,0.2,81.3
1747229654447,6.5,0.0,12.3,0.0,0.0,0.0,81.2
1747229656456,8.2,0.0,12.2,0.0,0.0,0.1,79.5
1747229658464,6.5,0.0,11.8,0.0,0.0,0.0,81.7
1747229660473,5.9,0.0,11.6,0.0,0.0,0.0,82.5
1747229662481,6.5,0.0,11.2,0.0,0.0,0.1,82.2
1747229664490,7.6,0.0,11.0,0.0,0.0,0.1,81.3
1747229666498,7.1,0.0,11.4,0.0,0.0,0.1,81.5
1747229668512,7.0,0.0,11.2,0.0,0.0,0.2,81.6
1747229670530,6.8,0.0,11.3,0.0,0.0,0.0,81.8
1747229672541,7.2,0.0,11.3,0.0,0.0,0.0,81.5
1747229674550,6.4,0.0,11.8,0.0,0.0,0.2,81.6
1747229676573,6.3,0.0,10.6,0.0,0.0,0.0,83.1
1747229678591,6.3,0.0,11.7,0.0,0.0,0.0,82.0
1747229680608,7.1,0.0,12.8,0.0,0.0,0.0,80.0
1747229682619,7.0,0.0,11.8,0.0,0.0,0.0,81.2
1747229684632,6.6,0.0,11.4,0.0,0.0,0.1,81.9
1747229686643,7.0,0.0,11.2,0.0,0.0,0.0,81.8
1747229688654,7.9,0.0,11.8,0.0,0.0,0.1,80.1
1747229690666,7.1,0.0,12.2,0.0,0.0,0.1,80.6
1747229692677,7.4,0.0,11.5,0.0,0.0,0.1,81.0
1747229694689,7.3,0.0,12.6,0.0,0.0,0.2,80.0
1747229696700,7.7,0.0,12.7,0.0,0.0,0.1,79.5
1747229698712,7.5,0.0,11.7,0.0,0.0,0.1,80.7
1747229700723,7.0,0.0,12.5,0.0,0.0,0.0,80.4
1747229702733,6.6,0.0,12.1,0.0,0.0,0.0,81.3
1747229704742,7.9,0.0,12.2,0.0,0.0,0.1,79.8
1747229706754,6.8,0.0,12.5,0.0,0.0,0.1,80.6
1747229708765,7.0,0.0,12.1,0.0,0.0,0.1,80.7
1747229710776,7.1,0.0,12.7,0.0,0.0,0.1,80.1
1747229712786,7.8,0.0,12.3,0.0,0.0,0.0,79.9
1747229714797,6.0,0.0,13.1,0.0,0.0,0.1,80.8
1747229716808,7.0,0.0,13.3,0.0,0.0,0.0,79.6
1747229718819,8.5,0.0,13.2,0.0,0.0,0.0,78.3
1747229720830,8.0,0.0,12.1,0.0,0.0,0.1,79.8
1747229722840,6.8,0.0,12.4,0.0,0.0,0.1,80.7
1747229724851,6.8,0.0,13.1,0.0,0.0,0.1,80.0
1747229726862,6.4,0.0,12.4,0.0,0.0,0.0,81.1
1747229728873,8.4,0.0,12.0,0.0,0.0,0.0,79.5
1747229730882,6.6,0.0,12.1,0.0,0.0,0.1,81.2
1747229732893,6.9,0.0,11.8,0.0,0.0,0.0,81.3
1747229734902,6.5,0.0,11.4,0.0,0.0,0.0,82.0
1747229736914,6.7,0.0,11.4,0.0,0.0,0.1,81.8
1747229738926,7.0,0.0,11.7,0.0,0.0,0.0,81.2
1747229740940,7.2,0.0,11.9,0.0,0.0,0.0,80.8
1747229742952,7.3,0.0,11.7,0.0,0.0,0.1,80.9
1747229744961,7.7,0.0,12.0,0.0,0.0,0.0,80.3
1747229746972,7.6,0.0,12.7,0.0,0.0,0.0,79.7
1747229748986,6.2,0.0,11.6,0.0,0.0,0.0,82.2
1747229751001,6.9,0.0,11.9,0.0,0.0,0.2,81.0
1747229753012,7.5,0.0,12.5,0.0,0.0,0.0,80.0
1747229755023,6.7,0.0,12.8,0.0,0.0,0.0,80.5
1747229757035,7.1,0.0,12.1,0.0,0.0,0.1,80.8
1747229759046,7.2,0.0,12.4,0.0,0.0,0.0,80.4
1747229761058,7.4,0.0,12.5,0.0,0.0,0.1,80.0
1747229763069,7.3,0.0,12.0,0.0,0.0,0.1,80.6
1747229765080,6.7,0.0,12.0,0.0,0.0,0.1,81.2
1747229767089,7.4,0.0,13.6,0.0,0.0,0.0,79.0
1747229769099,7.4,0.0,12.6,0.0,0.0,0.1,79.9
1747229771108,6.7,0.0,12.2,0.0,0.0,0.3,80.9
1747229773119,6.8,0.0,11.9,0.0,0.0,0.1,81.2
1747229775130,6.7,0.0,12.7,0.0,0.0,0.0,80.5
1747229777141,7.1,0.0,11.8,0.0,0.0,0.0,81.0
1747229779152,10.2,0.0,14.6,0.0,0.0,0.1,75.1
1747229781161,10.3,0.0,15.6,0.0,0.0,0.4,73.8
1747229783173,11.1,0.0,15.8,0.0,0.0,0.1,73.1
1747229785184,11.2,0.0,16.6,0.0,0.0,0.0,72.2
1747229787196,0.0,0.0,0.0,0.0,0.0,0.0,0.0
1747229789207,10.1,0.0,14.9,0.0,0.0,0.0,75.0
1747229791219,9.6,0.0,14.7,0.0,0.0,0.1,75.6
1747229793233,9.5,0.0,14.6,0.0,0.0,0.0,75.8
1747229795247,0.0,0.0,0.0,0.0,0.0,0.0,0.0
1747229797260,9.0,0.0,13.0,0.0,0.0,0.0,78.0
1747229799276,8.5,0.0,13.8,0.0,0.0,0.1,77.6
1747229801288,9.0,0.0,13.6,0.0,0.0,0.2,77.2
1747229803300,0.2,0.0,0.3,0.0,0.0,0.0,99.5
1747229805311,6.6,0.0,10.7,0.0,0.0,0.1,82.6
1747229807320,6.8,0.0,11.1,0.0,0.0,0.1,82.0
1747229809329,6.5,0.0,11.4,0.0,0.0,0.1,82.0
1747229811338,6.8,0.0,11.5,0.0,0.0,0.2,81.6
1747229813348,6.6,0.0,11.8,0.0,0.0,0.1,81.5
1747229815359,6.7,0.0,12.4,0.0,0.0,0.1,80.9
1747229817370,6.9,0.0,12.0,0.0,0.0,0.1,81.0
1747229819380,6.9,0.0,12.0,0.0,0.0,0.0,81.1
1747229821391,6.9,0.0,11.4,0.0,0.0,0.3,81.4
1747229823401,7.3,0.0,11.9,0.0,0.0,0.0,80.8
1747229825413,6.9,0.0,12.4,0.0,0.0,0.1,80.6
1747229827426,7.2,0.0,12.1,0.0,0.0,0.0,80.6
1747229829437,7.0,0.0,12.1,0.0,0.0,0.1,80.8
1747229831451,6.9,0.0,12.8,0.0,0.0,0.1,80.2
1747229833463,6.7,0.0,12.0,0.0,0.0,0.1,81.2
1747229835475,6.5,0.0,12.8,0.0,0.0,0.1,80.5
1747229837487,7.1,0.0,12.1,0.0,0.0,0.1,80.7
1747229839500,6.6,0.0,12.1,0.0,0.0,0.0,81.3
1747229841513,7.0,0.0,12.2,0.0,0.0,0.2,80.6
1747229843526,7.3,0.0,11.6,0.0,0.0,0.1,81.0
1747229845539,10.6,0.0,15.4,0.0,0.0,0.1,73.9
1747229847551,10.3,0.0,14.3,0.0,0.0,0.1,75.3
1747229849562,9.8,0.0,14.8,0.0,0.0,0.1,75.3
1747229851574,10.3,0.0,14.4,0.0,0.0,0.2,75.1
1747229853587,0.0,0.0,0.0,0.0,0.0,0.0,0.0
1747229855600,9.7,0.0,13.7,0.0,0.0,0.1,76.5
1747229857616,9.4,0.0,14.4,0.0,0.0,0.1,76.2
1747229859633,9.4,0.0,14.1,0.0,0.0,0.1,76.3
1747229861653,0.0,0.0,0.0,0.0,0.0,0.0,0.0
1747229863666,8.7,0.0,13.9,0.0,0.0,0.1,77.3
1747229865683,8.6,0.0,14.1,0.0,0.0,0.1,77.3
1747229867698,9.8,0.0,13.9,0.0,0.0,0.1,76.3
1747229869710,8.7,0.0,13.9,0.0,0.0,0.2,77.2
1747229871723,6.8,0.0,10.1,0.0,0.0,0.2,82.9
1747229873734,6.8,0.0,11.1,0.0,0.0,0.1,82.0
1747229875745,6.5,0.0,11.9,0.0,0.0,0.0,81.5
1747229877755,6.6,0.0,11.3,0.0,0.0,0.0,82.1
1747229879767,6.7,0.0,11.3,0.0,0.0,0.1,81.9
1747229881778,7.0,0.0,12.3,0.0,0.0,0.1,80.7
1747229883789,6.8,0.0,12.7,0.0,0.0,0.0,80.5
1747229885800,7.3,0.0,11.9,0.0,0.0,0.1,80.6
1747229887808,7.2,0.0,12.0,0.0,0.0,0.0,80.7
1747229889815,7.0,0.0,11.5,0.0,0.0,0.1,81.3
1747229891824,6.9,0.0,12.1,0.0,0.0,0.2,80.8
1747229893836,7.5,0.0,13.3,0.0,0.0,0.0,79.2
1747229895847,8.4,0.0,12.5,0.0,0.0,0.1,78.9
1747229897857,7.9,0.0,13.5,0.0,0.0,0.1,78.5
1747229899869,7.8,0.0,13.2,0.0,0.0,0.0,79.0
1747229901880,7.4,0.0,13.6,0.0,0.0,0.1,78.9
1747229903891,8.0,0.0,13.0,0.0,0.0,0.1,78.9
1747229905902,7.7,0.0,13.0,0.0,0.0,0.1,79.2
1747229907914,7.3,0.0,13.5,0.0,0.0,0.1,79.0
1747229909924,7.5,0.0,13.3,0.0,0.0,0.0,79.2
1747229911933,10.2,0.0,13.8,0.0,0.0,0.2,75.8
1747229913943,10.2,0.0,14.9,0.0,0.0,0.1,74.7
1747229915966,10.2,0.0,15.7,0.0,0.0,0.2,73.9
1747229917978,10.4,0.0,15.2,0.0,0.0,0.1,74.3
1747229919991,0.0,0.0,0.0,0.0,0.0,0.0,0.0
1747229922008,9.3,0.0,14.5,0.0,0.0,0.2,76.0
1747229924021,9.5,0.0,14.4,0.0,0.0,0.1,76.0
1747229926034,9.6,0.0,14.0,0.0,0.0,0.2,76.2
1747229928046,0.0,0.0,0.0,0.0,0.0,0.0,0.0
1747229930057,9.4,0.0,13.6,0.0,0.0,0.1,76.8
1747229932069,9.4,0.0,14.9,0.0,0.0,0.1,75.5
1747229934081,9.8,0.0,14.1,0.0,0.0,0.1,76.0
1747229936093,9.8,0.0,14.5,0.0,0.0,0.2,75.5
1747229938104,6.7,0.0,12.0,0.0,0.0,0.2,81.2
1747229940113,7.3,0.0,12.2,0.0,0.0,0.1,80.4
1747229942121,6.8,0.0,11.1,0.0,0.0,0.2,81.9
1747229944129,7.3,0.0,12.5,0.0,0.0,0.1,80.2
1747229946137,7.0,0.0,12.3,0.0,0.0,0.2,80.4
1747229948148,7.1,0.0,13.8,0.0,0.0,0.0,79.0
1747229950157,7.5,0.0,12.8,0.0,0.0,0.1,79.6
1747229952178,6.9,0.0,12.7,0.0,0.0,0.2,80.2
1747229954189,7.8,0.0,12.6,0.0,0.0,0.2,79.3
1747229956198,7.2,0.0,13.3,0.0,0.0,0.3,79.2
1747229958209,7.9,0.0,12.6,0.0,0.0,0.1,79.3
1747229960219,8.0,0.0,14.0,0.0,0.0,0.1,77.8
1747229962231,7.6,0.0,13.5,0.0,0.0,0.1,78.8
1747229964242,7.6,0.0,12.6,0.0,0.0,0.0,79.8
1747229966253,7.7,0.0,14.0,0.0,0.0,0.2,78.1
1747229968264,7.6,0.0,13.5,0.0,0.0,0.1,78.8
1747229970277,9.6,0.0,14.4,0.0,0.0,0.1,75.9
1747229972287,10.9,0.0,16.7,0.0,0.0,0.1,72.2
1747229974299,10.8,0.0,17.0,0.0,0.0,0.2,72.0
1747229976311,10.0,0.0,16.6,0.0,0.0,0.1,73.4
1747229978324,0.0,0.0,0.0,0.0,0.0,0.0,0.0
1747229980333,9.9,0.0,16.0,0.0,0.0,0.1,74.0
1747229982345,10.1,0.0,15.3,0.0,0.0,0.2,74.4
1747229984359,10.4,0.0,14.6,0.0,0.0,0.2,74.9
1747229986376,9.8,0.0,14.4,0.0,0.0,0.0,75.8
1747229988392,9.4,0.0,13.0,0.0,0.0,0.0,77.6
1747229990403,9.7,0.0,15.0,0.0,0.0,0.0,75.3
1747229992415,10.0,0.0,14.4,0.0,0.0,0.0,75.6
1747229994427,9.8,0.0,15.4,0.0,0.0,0.1,74.8
1747229996439,6.6,0.0,11.3,0.0,0.0,0.2,81.9
1747229998450,7.0,0.0,11.6,0.0,0.0,0.1,81.3
1747230000461,7.1,0.0,12.0,0.0,0.0,0.1,80.8
1747230002472,6.7,0.0,13.1,0.0,0.0,0.2,80.1
1747230004483,7.4,0.0,13.8,0.0,0.0,0.0,78.7
1747230006492,7.2,0.0,14.4,0.0,0.0,0.1,78.2
1747230008500,8.3,0.0,14.6,0.0,0.0,0.1,76.9
1747230010513,7.2,0.0,12.9,0.0,0.0,0.1,79.7
1747230012524,7.0,0.0,13.3,0.0,0.0,0.3,79.4
1747230014534,6.8,0.0,12.1,0.0,0.0,0.1,81.0
1747230016545,6.7,0.0,12.8,0.0,0.0,0.2,80.4
1747230018555,7.5,0.0,13.3,0.0,0.0,0.0,79.2
1747230020567,7.1,0.0,12.3,0.0,0.0,0.1,80.4
1747230022577,6.9,0.0,14.3,0.0,0.0,0.1,78.7
1747230024589,7.2,0.0,13.0,0.0,0.0,0.1,79.6
1747230026600,7.7,0.0,13.1,0.0,0.0,0.2,79.0
1747230028610,7.6,0.0,14.1,0.0,0.0,0.1,78.1
1747230030618,7.0,0.0,13.6,0.0,0.0,0.1,79.3
1747230032626,7.6,0.0,13.8,0.0,0.0,0.1,78.5
1747230034636,7.5,0.0,12.2,0.0,0.0,0.1,80.2
1747230036644,6.5,0.0,12.2,0.0,0.0,0.1,81.2
1747230038652,6.3,0.0,12.6,0.0,0.0,0.0,81.0
1747230040663,6.3,0.0,12.1,0.0,0.0,0.1,81.4
1747230042674,6.3,0.0,12.7,0.0,0.0,0.1,80.8
1747230044686,8.3,0.0,12.2,0.0,0.0,0.1,79.3
1747230046698,10.8,0.0,15.4,0.0,0.0,0.2,73.6
1747230048709,10.3,0.0,15.7,0.0,0.0,0.0,74.0
1747230050720,10.2,0.0,15.7,0.0,0.0,0.1,73.9
1747230052733,0.0,0.0,0.0,0.0,0.0,0.0,0.0
1747230054743,10.1,0.0,15.0,0.0,0.0,0.1,74.8
1747230056755,9.7,0.0,14.8,0.1,0.0,0.2,75.2
1747230058768,10.1,0.0,14.6,0.0,0.0,0.1,75.2
1747230060781,9.3,0.0,15.3,0.0,0.0,0.2,75.3
1747230062797,8.8,0.0,14.3,0.0,0.0,0.1,76.8
1747230064812,8.9,0.0,14.2,0.0,0.0,0.1,76.8
1747230066826,9.4,0.0,14.1,0.0,0.0,0.1,76.5
1747230068838,9.7,0.0,14.8,0.0,0.0,0.0,75.5
1747230070863,8.4,0.0,12.5,0.0,0.0,0.1,79.0
1747230072878,8.9,0.0,14.1,0.0,0.0,0.0,77.0
1747230074890,9.1,0.0,14.2,0.0,0.0,0.1,76.6
1747230076901,9.8,0.0,14.7,0.0,0.0,0.1,75.4
1747230078913,0.0,0.0,0.0,0.0,0.0,0.0,100.0
1747230080925,6.7,0.0,11.8,0.0,0.0,0.1,81.4
1747230082935,6.6,0.0,12.2,0.0,0.0,0.1,81.0
1747230084944,6.7,0.0,12.3,0.0,0.0,0.1,80.9
1747230086956,0.0,0.0,0.0,0.0,0.0,0.0,100.0
1747230088967,6.6,0.0,12.1,0.0,0.0,0.1,81.2
1747230090978,6.5,0.0,12.2,0.0,0.0,0.1,81.2
1747230092987,6.6,0.0,11.8,0.0,0.0,0.0,81.6
1747230095001,0.2,0.0,0.3,0.0,0.0,0.0,99.5
1747230097012,6.6,0.0,11.4,0.0,0.0,0.2,81.8
1747230099025,6.2,0.0,11.3,0.0,0.0,0.0,82.5
1747230101038,6.3,0.0,12.9,0.0,0.0,0.1,80.7
1747230103049,0.2,0.0,0.3,0.0,0.0,0.0,99.6
1747230105061,7.2,0.0,12.3,0.0,0.0,0.0,80.5
1747230107072,6.8,0.0,12.3,0.0,0.0,0.1,80.8
1747230109083,7.1,0.0,12.1,0.0,0.0,0.1,80.7
1747230111094,0.2,0.0,0.3,0.0,0.0,0.0,99.5
1747230113104,7.1,0.0,12.7,0.0,0.0,0.2,80.0
1747230115114,7.4,0.0,13.3,0.0,0.0,0.1,79.2
1747230117123,7.4,0.0,13.5,0.0,0.0,0.1,79.0
1747230119132,8.0,0.0,13.2,0.0,0.0,0.1,78.8
1747230121144,8.0,0.0,14.1,0.0,0.0,0.1,77.8
1747230123153,8.1,0.0,13.2,0.0,0.0,0.2,78.4
1747230125164,7.7,0.0,13.8,0.0,0.0,0.1,78.4
1747230127174,7.9,0.0,13.7,0.0,0.0,0.1,78.3
1747230129184,7.5,0.0,13.1,0.1,0.0,0.2,79.1
1747230131194,7.2,0.0,13.1,0.0,0.0,0.1,79.6
1747230133204,7.2,0.0,12.9,0.0,0.0,0.1,79.8
1747230135218,7.8,0.0,13.7,0.0,0.0,0.1,78.5
1747230137228,7.5,0.0,13.6,0.0,0.0,0.1,78.8
1747230139237,8.2,0.0,13.7,0.0,0.0,0.1,78.0
1747230141245,8.3,0.0,13.5,0.0,0.0,0.2,78.0
1747230143254,8.2,0.0,13.0,0.0,0.0,0.1,78.7
1747230145264,7.4,0.0,14.1,0.0,0.0,0.1,78.5
1747230147276,8.1,0.0,13.6,0.0,0.0,0.1,78.3
1747230149287,7.3,0.0,14.0,0.0,0.0,0.1,78.6
1747230151297,7.9,0.0,13.1,0.0,0.0,0.1,79.0
1747230153307,7.4,0.0,13.2,0.0,0.0,0.1,79.2
1747230155317,7.4,0.0,13.5,0.1,0.0,0.1,79.0
1747230157325,7.3,0.0,12.6,0.0,0.0,0.1,80.0
1747230159340,7.6,0.0,13.2,0.0,0.0,0.1,79.0
1747230161353,7.4,0.0,13.5,0.0,0.0,0.1,79.0
1747230163365,7.1,0.0,13.7,0.0,0.0,0.1,79.1
1747230165375,8.0,0.0,13.9,0.1,0.0,0.1,77.9
1747230167385,8.1,0.0,15.0,0.0,0.0,0.1,76.8
1747230169397,8.2,0.0,13.2,0.0,0.0,0.1,78.5
1747230171409,7.9,0.0,14.0,0.0,0.0,0.1,78.1
1747230173420,7.9,0.0,14.4,0.0,0.0,0.1,77.6
1747230175428,8.2,0.0,13.7,0.0,0.0,0.1,78.0
1747230177438,8.2,0.0,13.1,0.0,0.0,0.2,78.5
1747230179450,7.6,0.0,14.4,0.0,0.0,0.1,77.9
1747230181460,7.8,0.0,15.4,0.1,0.0,0.1,76.7
1747230183472,7.9,0.0,13.6,0.0,0.0,0.1,78.3
1747230185481,8.0,0.0,13.4,0.0,0.0,0.2,78.4
1747230187492,7.0,0.0,15.1,0.0,0.0,0.1,77.8
1747230189504,8.6,0.0,13.6,0.0,0.0,0.1,77.7
1747230191514,8.3,0.0,14.9,0.0,0.0,0.1,76.6
1747230193523,8.1,0.0,14.2,0.0,0.0,0.1,77.5
1747230195533,7.8,0.0,14.0,0.0,0.0,0.1,78.0
1747230197540,7.8,0.0,14.4,0.0,0.0,0.1,77.6
1747230199550,8.5,0.0,14.0,0.0,0.0,0.1,77.4
1747230201559,7.3,0.0,14.9,0.0,0.0,0.1,77.8
1747230203568,7.5,0.0,14.0,0.0,0.0,0.1,78.3
1747230205575,7.9,0.0,13.4,0.0,0.0,0.1,78.7
1747230207592,7.7,0.0,13.8,0.0,0.0,0.1,78.4
1747230209604,7.6,0.0,13.3,0.0,0.0,0.1,79.0
1747230211617,7.2,0.0,14.7,0.0,0.0,0.1,78.0
1747230213629,7.7,0.0,14.1,0.0,0.0,0.1,78.1
1747230215641,0.0,0.0,0.0,0.0,0.0,0.0,0.0
1747230217652,12.2,0.0,17.6,0.0,0.0,0.0,70.2
1747230219664,11.6,0.0,18.4,0.0,0.0,0.0,69.9
1747230221676,11.8,0.0,16.8,0.0,0.0,0.2,71.2
1747230223690,12.0,0.0,17.4,0.0,0.0,0.0,70.5
1747230225705,10.2,0.0,13.0,0.0,0.0,0.0,76.7
1747230227716,10.3,0.0,17.1,0.0,0.0,0.1,72.5
1747230229733,11.3,0.0,16.1,0.0,0.0,0.0,72.5
1747230231751,11.5,0.0,17.6,0.0,0.0,0.0,70.8
1747230233763,0.0,0.0,0.0,0.0,0.0,0.0,0.0
1747230235775,10.3,0.0,16.6,0.0,0.0,0.1,73.0
1747230237787,10.8,0.0,16.1,0.0,0.0,0.1,73.0
1747230239799,11.6,0.0,16.0,0.0,0.0,0.0,72.3
1747230241810,0.2,0.0,0.2,0.0,0.0,0.0,99.6
1747230243820,7.5,0.0,13.4,0.0,0.0,0.1,79.0
1747230245830,7.7,0.0,13.3,0.0,0.0,0.0,79.0
1747230247841,7.3,0.0,13.2,0.0,0.0,0.2,79.3
1747230249852,9.1,0.0,12.8,0.0,0.0,0.1,78.0
1747230251862,7.0,0.0,13.3,0.0,0.0,0.2,79.4
1747230253873,7.2,0.0,13.8,0.0,0.0,0.0,79.0
1747230255884,7.4,0.0,13.6,0.0,0.0,0.1,78.9
1747230257894,8.5,0.0,13.5,0.0,0.0,0.1,77.9
1747230259904,6.8,0.0,13.1,0.0,0.0,0.0,80.1
1747230261915,6.7,0.0,13.5,0.0,0.0,0.2,79.7
1747230263924,6.8,0.0,13.0,0.0,0.0,0.1,80.1
1747230265934,7.9,0.0,12.7,0.0,0.0,0.2,79.3
1747230267943,7.3,0.0,12.3,0.0,0.0,0.2,80.2
1747230269956,6.8,0.0,14.4,0.0,0.0,0.0,78.8
1747230271967,7.2,0.0,14.0,0.0,0.0,0.0,78.7
1747230273979,7.2,0.0,14.8,0.0,0.0,0.1,78.0
1747230275989,7.5,0.0,13.9,0.0,0.0,0.0,78.5
1747230278001,6.6,0.0,13.2,0.0,0.0,0.1,80.0
1747230280013,7.2,0.0,13.1,0.0,0.0,0.1,79.6
1747230282024,8.0,0.0,12.5,0.0,0.0,0.1,79.4
1747230284035,7.8,0.0,13.5,0.0,0.0,0.0,78.6
1747230286046,7.7,0.0,13.2,0.0,0.0,0.1,79.0
1747230288055,7.6,0.0,13.8,0.0,0.0,0.1,78.4
1747230290065,6.7,0.0,12.7,0.0,0.0,0.1,80.5
1747230292073,7.0,0.0,12.7,0.0,0.0,0.2,80.1
1747230294083,7.3,0.0,11.4,0.0,0.0,0.1,81.2
1747230296094,7.4,0.0,12.1,0.0,0.0,0.1,80.4
1747230298103,6.9,0.0,12.2,0.0,0.0,0.0,80.8
1747230300115,7.3,0.0,12.3,0.0,0.0,0.1,80.3
1747230302124,7.6,0.0,12.4,0.0,0.0,0.1,79.9
1747230304133,7.5,0.0,12.4,0.0,0.0,0.1,80.0
1747230306142,7.4,0.0,13.3,0.0,0.0,0.0,79.3
1747230308153,7.9,0.0,12.4,0.0,0.0,0.0,79.7
1747230310163,7.6,0.0,13.7,0.0,0.0,0.0,78.6
1747230312172,8.0,0.0,14.1,0.0,0.0,0.1,77.8
1747230314181,7.9,0.0,13.1,0.0,0.0,0.1,79.0
1747230316190,7.4,0.0,13.0,0.0,0.0,0.1,79.5
1747230318198,7.4,0.0,12.5,0.0,0.0,0.0,80.1
1747230320206,7.5,0.0,12.0,0.0,0.0,0.1,80.3
1747230322220,7.4,0.0,11.9,0.0,0.0,0.2,80.6
1747230324234,6.8,0.0,13.9,0.0,0.0,0.0,79.2
1747230326248,6.3,0.0,13.1,0.0,0.0,0.1,80.5
1747230328261,6.7,0.0,12.6,0.0,0.0,0.1,80.6
1747230330273,6.8,0.0,13.2,0.0,0.0,0.1,79.8
1747230332285,7.4,0.0,13.3,0.0,0.0,0.2,79.1
1747230334296,7.9,0.0,13.9,0.0,0.0,0.1,78.0
1747230336308,8.2,0.0,13.4,0.0,0.0,0.0,78.3
1747230338319,7.9,0.0,13.1,0.0,0.0,0.0,79.0
1747230340330,8.3,0.0,13.4,0.0,0.0,0.0,78.2
1747230342342,7.2,0.0,13.7,0.0,0.0,0.2,79.0
1747230344352,7.7,0.0,14.3,0.0,0.0,0.0,77.9
1747230346364,7.5,0.0,14.6,0.0,0.0,0.1,77.8
1747230348375,7.4,0.0,13.5,0.0,0.0,0.1,78.9
1747230350387,7.0,0.0,13.7,0.0,0.0,0.2,79.1
1747230352399,7.5,0.0,13.5,0.0,0.0,0.2,78.8
1747230354410,7.9,0.0,13.9,0.0,0.0,0.1,78.1
1747230356422,8.5,0.0,12.8,0.0,0.0,0.1,78.5
1747230358432,8.0,0.0,12.5,0.0,0.0,0.0,79.6
1747230360443,7.2,0.0,12.3,0.0,0.0,0.1,80.5
1747230362453,7.3,0.0,12.8,0.0,0.0,0.2,79.7
1747230364464,7.2,0.0,12.2,0.0,0.0,0.0,80.4
1747230366474,6.6,0.0,13.5,0.0,0.0,0.0,79.9
1747230368483,6.5,0.0,13.6,0.0,0.0,0.0,79.9
1747230370491,7.5,0.0,13.2,0.0,0.0,0.0,79.3
1747230372500,7.4,0.0,12.2,0.0,0.0,0.1,80.3
1747230374509,7.4,0.0,12.7,0.0,0.0,0.0,79.8
1747230376521,7.4,0.0,13.9,0.0,0.0,0.1,78.6
1747230378532,8.6,0.0,13.5,0.0,0.0,0.0,77.9
1747230380542,8.1,0.0,13.1,0.0,0.0,0.1,78.7
1747230382555,7.2,0.0,12.6,0.0,0.0,0.1,80.1
1747230384564,6.9,0.0,12.7,0.0,0.0,0.1,80.3
1747230386576,7.1,0.0,12.0,0.0,0.0,0.2,80.7
1747230388584,7.3,0.0,11.9,0.0,0.0,0.1,80.7
1747230390595,7.2,0.0,12.7,0.0,0.0,0.1,80.0
1747230392605,7.6,0.0,12.9,0.0,0.0,0.1,79.4
1747230394616,8.1,0.0,13.8,0.0,0.0,0.0,78.0
1747230396628,8.4,0.0,12.1,0.0,0.0,0.2,79.2
1747230398639,7.8,0.0,12.9,0.0,0.0,0.1,79.1
1747230400650,7.4,0.0,13.5,0.0,0.0,0.1,79.0
1747230402662,7.8,0.0,13.3,0.0,0.0,0.0,78.8
1747230404672,7.5,0.0,13.2,0.0,0.0,0.1,79.1
1747230406683,7.8,0.0,13.3,0.0,0.0,0.2,78.7
1747230408694,7.7,0.0,14.0,0.0,0.0,0.0,78.3
1747230410705,8.7,0.0,14.5,0.0,0.0,0.0,76.7
1747230412716,7.3,0.0,13.5,0.0,0.0,0.2,79.0
1747230414727,6.8,0.0,14.2,0.0,0.0,0.0,79.0
1747230416738,7.2,0.0,13.7,0.0,0.0,0.2,78.8
1747230418749,8.5,0.0,14.1,0.0,0.0,0.1,77.3
1747230420759,7.5,0.0,13.4,0.0,0.0,0.1,79.0
1747230422770,7.9,0.0,12.9,0.0,0.0,0.1,79.1
1747230424781,7.6,0.0,13.5,0.0,0.0,0.2,78.7
1747230426790,7.8,0.0,13.0,0.0,0.0,0.2,79.0
1747230428798,7.3,0.0,12.8,0.0,0.0,0.2,79.8
1747230430808,7.5,0.0,13.1,0.0,0.0,0.1,79.3
1747230432819,7.8,0.0,13.2,0.0,0.0,0.1,79.0
1747230434829,7.5,0.0,13.6,0.0,0.0,0.1,78.8
1747230436839,7.4,0.0,12.3,0.0,0.0,0.2,80.1
1747230438849,7.2,0.0,12.7,0.0,0.0,0.1,80.0
1747230440857,6.9,0.0,12.7,0.0,0.0,0.1,80.3
1747230442874,7.6,0.0,13.0,0.0,0.0,0.0,79.3
1747230444884,7.5,0.0,12.9,0.0,0.0,0.1,79.5
1747230446892,7.5,0.0,13.0,0.0,0.0,0.1,79.3
1747230448903,7.7,0.0,13.2,0.0,0.0,0.1,79.0
1747230450915,7.6,0.0,13.8,0.0,0.0,0.0,78.6
1747230452926,8.0,0.0,14.2,0.0,0.0,0.0,77.8
1747230454935,7.5,0.0,13.4,0.0,0.0,0.1,79.0
1747230456946,7.2,0.0,13.0,0.0,0.0,0.1,79.6
1747230458966,8.2,0.0,13.0,0.0,0.0,0.1,78.8
1747230460978,9.1,0.0,13.0,0.0,0.0,0.0,77.9
1747230462987,7.4,0.0,12.5,0.0,0.0,0.1,80.1
1747230464996,7.8,0.0,13.1,0.0,0.0,0.1,79.0
1747230467007,8.2,0.0,14.0,0.0,0.0,0.2,77.5
1747230469017,8.3,0.0,13.4,0.0,0.0,0.1,78.2
1747230471028,7.9,0.0,13.4,0.0,0.0,0.1,78.6
1747230473039,7.4,0.0,13.4,0.0,0.0,0.1,79.2
1747230475049,8.4,0.0,13.2,0.0,0.0,0.2,78.2
1747230477060,8.8,0.0,13.0,0.0,0.0,0.1,78.1
1747230479070,8.1,0.0,12.7,0.0,0.0,0.1,79.1
1747230481081,7.8,0.0,14.4,0.0,0.0,0.2,77.6
1747230483091,8.2,0.0,13.4,0.0,0.0,0.1,78.2
1747230485102,9.0,0.0,13.1,0.0,0.0,0.1,77.8
1747230487113,7.5,0.0,13.5,0.0,0.0,0.1,78.9
1747230489124,7.3,0.0,13.8,0.0,0.0,0.0,78.9
1747230491134,7.5,0.0,13.7,0.0,0.0,0.1,78.7
1747230493144,9.9,0.0,13.4,0.0,0.0,0.2,76.6
1747230495153,7.2,0.0,14.3,0.0,0.0,0.1,78.4
1747230497162,7.1,0.0,13.9,0.0,0.0,0.1,78.8
1747230499172,7.9,0.0,13.9,0.0,0.0,0.0,78.1
1747230501183,9.1,0.0,13.4,0.0,0.0,0.1,77.4
1747230503193,7.1,0.0,14.3,0.0,0.0,0.0,78.6
1747230505201,7.8,0.0,13.3,0.0,0.0,0.0,78.8
1747230507209,8.1,0.0,14.1,0.0,0.0,0.1,77.6
1747230509217,8.7,0.0,14.3,0.0,0.0,0.1,77.0
1747230511226,7.5,0.0,14.1,0.0,0.0,0.0,78.3
1747230513234,7.2,0.0,14.5,0.0,0.0,0.1,78.2
1747230515242,7.6,0.0,13.5,0.0,0.0,0.1,78.8
1747230517257,8.6,0.0,12.4,0.0,0.0,0.1,78.9
1747230519271,7.5,0.0,12.8,0.0,0.0,0.1,79.6
1747230521294,7.3,0.0,13.0,0.0,0.0,0.0,79.6
1747230523302,7.4,0.0,13.5,0.0,0.0,0.0,79.0
1747230525310,8.8,0.0,12.7,0.0,0.0,0.0,78.5
1747230527323,7.7,0.0,13.1,0.0,0.0,0.1,79.1
1747230529334,7.3,0.0,13.5,0.0,0.0,0.1,79.2
1747230531348,8.0,0.0,13.7,0.0,0.0,0.1,78.2
1747230533358,9.4,0.0,15.4,0.0,0.0,0.1,75.1
1747230535370,8.6,0.0,13.8,0.0,0.0,0.1,77.5
1747230537380,8.4,0.0,12.6,0.0,0.0,0.1,78.9
1747230539390,8.2,0.0,13.5,0.0,0.0,0.1,78.2
1747230541401,8.6,0.0,13.4,0.0,0.0,0.1,78.0
1747230543411,7.8,0.0,13.8,0.0,0.0,0.1,78.4
1747230545421,7.2,0.0,13.3,0.0,0.0,0.1,79.3
1747230547431,7.0,0.0,14.3,0.0,0.0,0.1,78.6
1747230549443,8.6,0.0,13.2,0.0,0.0,0.1,78.1
1747230551455,7.6,0.0,13.4,0.0,0.0,0.1,79.0
1747230553467,7.9,0.0,13.1,0.0,0.0,0.0,79.0
1747230555478,7.9,0.0,12.7,0.0,0.0,0.1,79.3
1747230557486,9.6,0.0,13.9,0.0,0.0,0.1,76.4
1747230559495,10.4,0.0,14.6,0.0,0.0,0.1,74.9
1747230561503,8.4,0.0,14.9,0.0,0.0,0.0,76.6
1747230563512,8.6,0.0,13.3,0.0,0.0,0.1,78.0
1747230565522,0.0,0.0,0.0,0.0,0.0,0.0,0.0
1747230567531,11.2,0.0,16.9,0.0,0.0,0.2,71.7
1747230569541,10.6,0.0,17.1,0.0,0.0,0.1,72.2
1747230571576,10.8,0.0,16.5,0.0,0.0,0.0,72.6
1747230573592,11.7,0.0,18.1,0.0,0.0,0.2,70.0
1747230575607,9.2,0.0,13.1,0.0,0.0,0.1,77.5
1747230577622,10.9,0.0,15.5,0.0,0.0,0.0,73.6
1747230579648,10.4,0.0,15.8,0.0,0.0,0.1,73.7
1747230581666,10.9,0.0,15.8,0.0,0.0,0.1,73.1
1747230583687,0.0,0.0,0.0,0.0,0.0,0.0,0.0
1747230585706,9.8,0.0,15.0,0.0,0.0,0.1,75.1
1747230587722,9.7,0.0,15.7,0.0,0.0,0.1,74.5
1747230589736,10.1,0.0,15.6,0.0,0.0,0.1,74.1
1747230591752,0.0,0.0,0.0,0.0,0.0,0.0,99.9
1747230593765,7.7,0.0,11.3,0.0,0.0,0.1,80.9
1747230595773,7.8,0.0,11.3,0.0,0.0,0.1,80.7
1747230597781,7.1,0.0,12.3,0.0,0.0,0.2,80.5
1747230599790,0.1,0.0,0.1,0.0,0.0,0.0,99.8
1747230601799,7.6,0.0,12.8,0.0,0.0,0.2,79.5
1747230603809,7.2,0.0,13.2,0.0,0.0,0.2,79.4
1747230605820,7.5,0.0,13.6,0.0,0.0,0.1,78.9
1747230607832,0.2,0.0,0.3,0.0,0.0,0.0,99.5
1747230609841,7.7,0.0,13.8,0.0,0.0,0.1,78.4
1747230611851,8.3,0.0,13.9,0.0,0.0,0.1,77.6
1747230613862,8.5,0.0,14.0,0.0,0.0,0.1,77.4
1747230615873,8.0,0.0,14.3,0.0,0.0,0.1,77.6
