timestamp_ms,usr%,nice%,sys%,iowait%,irq%,soft%,steal%,idle%
1747230079856,6.4,0.0,10.8,0.0,0.0,0.1,82.7
1747230081866,6.7,0.0,11.6,0.0,0.0,0.3,81.5
1747230083874,5.8,0.0,12.5,0.0,0.0,0.1,81.5
1747230085885,6.5,0.0,11.0,0.0,0.0,0.1,82.4
1747230087895,6.9,0.0,11.5,0.0,0.0,0.1,81.4
1747230089903,6.9,0.0,12.2,0.0,0.0,0.1,80.8
1747230091911,6.8,0.0,12.3,0.0,0.0,0.2,80.6
1747230093922,7.4,0.0,12.2,0.0,0.0,0.0,80.4
1747230095930,6.7,0.0,12.0,0.0,0.0,0.2,81.1
1747230097944,7.1,0.0,12.3,0.0,0.0,0.1,80.4
1747230099956,6.8,0.0,12.9,0.0,0.0,0.1,80.2
1747230101965,6.5,0.0,13.3,0.0,0.0,0.1,80.0
1747230103976,7.3,0.0,12.9,0.0,0.0,0.1,79.5
1747230105984,6.3,0.0,13.6,0.0,0.0,0.1,80.0
1747230107993,7.5,0.0,12.7,0.0,0.0,0.1,79.7
1747230110005,7.5,0.0,12.4,0.0,0.0,0.0,80.0
1747230112015,8.7,0.0,14.0,0.0,0.0,0.4,76.9
1747230114024,7.6,0.0,12.9,0.0,0.0,0.2,79.3
1747230116033,8.3,0.0,13.3,0.0,0.0,0.2,78.2
1747230118043,8.2,0.0,14.4,0.0,0.0,0.1,77.3
1747230120054,0.2,0.0,0.3,0.0,0.0,0.0,99.6
1747230122064,7.8,0.0,13.9,0.0,0.0,0.5,77.8
1747230124072,7.2,0.0,13.6,0.0,0.0,0.3,78.9
1747230126087,7.7,0.0,13.8,0.0,0.0,0.1,78.3
1747230128100,8.5,0.0,13.3,0.0,0.0,0.2,78.0
1747230130110,7.9,0.0,13.5,0.0,0.0,0.1,78.5
1747230132130,7.2,0.0,14.2,0.0,0.0,0.2,78.4
1747230134141,7.7,0.0,14.0,0.1,0.0,0.1,78.2
1747230136151,9.0,0.0,13.9,0.0,0.0,0.1,77.0
1747230138161,8.2,0.0,14.9,0.0,0.0,0.2,76.7
1747230140173,7.9,0.0,14.4,0.0,0.0,0.1,77.7
1747230142183,8.1,0.0,14.5,0.0,0.0,0.3,77.2
1747230144193,8.3,0.0,15.0,0.0,0.0,0.0,76.7
1747230146202,7.8,0.0,14.6,0.0,0.0,0.1,77.6
1747230148213,8.0,0.0,14.3,0.0,0.0,0.1,77.6
1747230150224,7.5,0.0,13.9,0.1,0.0,0.1,78.4
1747230152234,8.8,0.0,13.0,0.0,0.0,0.1,78.0
1747230154243,7.6,0.0,12.5,0.0,0.0,0.1,79.8
1747230156256,7.7,0.0,12.4,0.0,0.0,0.1,79.8
1747230158271,7.8,0.0,12.8,0.0,0.0,0.1,79.2
1747230160283,8.0,0.0,12.6,0.0,0.0,0.1,79.3
1747230162295,7.4,0.0,14.1,0.0,0.0,0.2,78.3
1747230164305,7.3,0.0,14.4,0.0,0.0,0.1,78.2
1747230166315,8.1,0.0,14.3,0.0,0.0,0.2,77.5
1747230168325,8.4,0.0,14.2,0.0,0.0,0.1,77.3
1747230170335,8.7,0.0,12.7,0.1,0.0,0.1,78.5
1747230172345,7.7,0.0,13.9,0.0,0.0,0.1,78.2
1747230174354,8.7,0.0,13.9,0.0,0.0,0.1,77.3
1747230176364,8.8,0.0,13.1,0.0,0.0,0.1,78.0
1747230178375,7.7,0.0,14.1,0.0,0.0,0.2,78.1
1747230180386,7.3,0.0,14.0,0.0,0.0,0.0,78.7
1747230182396,7.7,0.0,14.5,0.0,0.0,0.2,77.6
1747230184407,8.4,0.0,13.7,0.0,0.0,0.1,77.9
1747230186417,7.5,0.0,13.9,0.0,0.0,0.1,78.5
1747230188428,7.4,0.0,14.3,0.0,0.0,0.2,78.2
1747230190439,8.1,0.0,14.8,0.1,0.0,0.2,76.8
1747230192448,8.5,0.0,14.8,0.0,0.0,0.1,76.5
1747230194458,7.2,0.0,14.5,0.0,0.0,0.0,78.2
1747230196467,8.1,0.0,13.5,0.0,0.0,0.3,78.2
1747230198478,7.6,0.0,14.0,0.0,0.0,0.1,78.2
1747230200489,8.8,0.0,13.4,0.0,0.0,0.2,77.7
1747230202499,7.2,0.0,13.9,0.0,0.0,0.1,78.9
1747230204511,7.8,0.0,12.5,0.0,0.0,0.1,79.6
1747230206523,7.8,0.0,14.1,0.1,0.0,0.2,77.9
1747230208534,9.1,0.0,12.7,0.0,0.0,0.1,78.1
1747230210545,8.1,0.0,13.4,0.0,0.0,0.1,78.4
1747230212554,7.7,0.0,13.5,0.0,0.0,0.1,78.7
1747230214564,7.6,0.0,14.9,0.0,0.0,0.1,77.4
1747230216574,0.0,0.0,0.0,0.0,0.0,0.0,0.0
1747230218584,11.0,0.0,17.4,0.0,0.0,0.0,71.6
1747230220598,11.3,0.0,16.5,0.0,0.0,0.1,72.1
1747230222621,11.8,0.0,16.9,0.0,0.0,0.1,71.2
1747230224643,0.0,0.0,0.0,0.0,0.0,0.0,0.0
1747230226656,10.7,0.0,15.5,0.0,0.0,0.2,73.6
1747230228672,11.0,0.0,16.5,0.0,0.0,0.0,72.5
1747230230688,11.9,0.0,16.9,0.0,0.0,0.0,71.2
1747230232701,11.3,0.0,16.4,0.0,0.0,0.1,72.2
1747230234714,11.0,0.0,16.0,0.0,0.0,0.0,73.0
1747230236726,10.9,0.0,16.0,0.0,0.0,0.1,73.0
1747230238738,10.3,0.0,16.9,0.0,0.0,0.1,72.7
1747230240750,11.4,0.0,16.8,0.0,0.0,0.0,71.7
1747230242762,7.9,0.0,12.8,0.0,0.0,0.2,79.1
1747230244774,8.0,0.0,12.7,0.0,0.0,0.0,79.3
1747230246785,7.2,0.0,12.8,0.0,0.0,0.1,79.8
1747230248794,7.3,0.0,13.1,0.0,0.0,0.1,79.4
1747230250805,7.0,0.0,13.2,0.0,0.0,0.1,79.7
1747230252815,7.0,0.0,13.3,0.0,0.0,0.1,79.5
1747230254825,7.0,0.0,13.8,0.0,0.0,0.1,79.1
1747230256839,7.5,0.0,13.8,0.0,0.0,0.1,78.6
1747230258852,6.7,0.0,13.2,0.0,0.0,0.1,80.0
1747230260862,7.0,0.0,13.4,0.0,0.0,0.1,79.6
1747230262872,7.6,0.0,13.3,0.0,0.0,0.1,78.9
1747230264881,8.6,0.0,14.4,0.0,0.0,0.2,76.7
1747230266892,8.1,0.0,12.8,0.0,0.0,0.1,79.0
1747230268904,7.6,0.0,12.8,0.0,0.0,0.1,79.4
1747230270914,7.2,0.0,14.1,0.0,0.0,0.1,78.6
1747230272924,7.7,0.0,13.8,0.0,0.0,0.0,78.5
1747230274935,8.0,0.0,13.3,0.0,0.0,0.1,78.7
1747230276945,7.6,0.0,13.2,0.0,0.0,0.2,79.0
1747230278957,7.5,0.0,13.3,0.0,0.0,0.0,79.2
1747230280967,7.5,0.0,13.5,0.0,0.0,0.0,78.9
1747230282976,8.6,0.0,14.2,0.0,0.0,0.0,77.2
1747230284986,8.1,0.0,12.8,0.0,0.0,0.0,79.1
1747230286993,8.5,0.0,13.0,0.0,0.0,0.1,78.4
1747230289005,7.7,0.0,13.3,0.0,0.0,0.0,78.9
1747230291017,7.9,0.0,12.9,0.0,0.0,0.1,79.1
1747230293028,7.3,0.0,13.3,0.0,0.0,0.0,79.5
1747230295036,7.1,0.0,12.8,0.0,0.0,0.0,80.0
1747230297046,7.8,0.0,13.5,0.0,0.0,0.2,78.5
1747230299055,8.5,0.0,12.9,0.0,0.0,0.1,78.5
1747230301063,7.5,0.0,12.7,0.0,0.0,0.1,79.7
1747230303072,7.6,0.0,12.8,0.0,0.0,0.0,79.5
1747230305081,7.2,0.0,13.6,0.0,0.0,0.1,79.2
1747230307092,8.1,0.0,13.6,0.0,0.0,0.0,78.3
1747230309102,8.2,0.0,13.1,0.0,0.0,0.0,78.7
1747230311112,7.4,0.0,13.8,0.0,0.0,0.0,78.7
1747230313121,7.7,0.0,13.6,0.0,0.0,0.1,78.5
1747230315128,8.4,0.0,13.2,0.0,0.0,0.2,78.3
1747230317138,7.2,0.0,13.0,0.0,0.0,0.1,79.8
1747230319150,7.2,0.0,12.3,0.0,0.0,0.0,80.4
1747230321161,6.9,0.0,12.5,0.2,0.0,0.0,80.3
1747230323173,7.8,0.0,12.4,0.0,0.0,0.1,79.6
1747230325185,6.8,0.0,12.8,0.0,0.0,0.1,80.3
1747230327193,7.7,0.0,12.3,0.0,0.0,0.1,79.9
1747230329204,7.7,0.0,13.0,0.0,0.0,0.1,79.2
1747230331214,8.4,0.0,13.2,0.1,0.0,0.0,78.3
1747230333224,7.6,0.0,13.3,0.0,0.0,0.1,79.0
1747230335233,8.1,0.0,13.8,0.0,0.0,0.1,78.0
1747230337242,8.3,0.0,12.9,0.0,0.0,0.1,78.7
1747230339251,9.2,0.0,13.0,0.0,0.0,0.1,77.7
1747230341260,7.3,0.0,13.5,0.1,0.0,0.1,79.0
1747230343270,7.5,0.0,14.5,0.0,0.0,0.0,77.9
1747230345282,7.3,0.0,13.9,0.0,0.0,0.1,78.7
1747230347292,8.2,0.0,13.6,0.0,0.0,0.2,78.0
1747230349301,7.3,0.0,13.9,0.0,0.0,0.1,78.7
1747230351310,8.0,0.0,12.4,0.0,0.0,0.0,79.6
1747230353319,7.0,0.0,14.8,0.0,0.0,0.0,78.1
1747230355327,8.8,0.0,12.9,0.0,0.0,0.1,78.1
1747230357336,7.2,0.0,12.1,0.0,0.0,0.2,80.5
1747230359346,6.8,0.0,12.3,0.0,0.0,0.1,80.8
1747230361354,7.1,0.0,11.5,0.0,0.0,0.1,81.4
1747230363370,8.0,0.0,11.5,0.0,0.0,0.1,80.4
1747230365378,7.0,0.0,12.7,0.0,0.0,0.0,80.3
1747230367386,6.8,0.0,14.5,0.0,0.0,0.1,78.7
1747230369395,7.2,0.0,13.3,0.0,0.0,0.0,79.5
1747230371406,8.3,0.0,13.1,0.0,0.0,0.1,78.4
1747230373416,7.8,0.0,12.2,0.0,0.0,0.1,79.9
1747230375427,7.4,0.0,14.0,0.0,0.0,0.1,78.5
1747230377437,7.2,0.0,12.5,0.0,0.0,0.1,80.2
1747230379449,8.6,0.0,13.7,0.0,0.0,0.1,77.6
1747230381478,8.0,0.0,13.1,0.0,0.0,0.0,78.9
1747230383497,6.8,0.0,12.5,0.0,0.0,0.0,80.6
1747230385512,7.7,0.0,12.2,0.0,0.0,0.0,80.1
1747230387521,7.8,0.0,13.0,0.0,0.0,0.1,79.2
1747230389530,7.4,0.0,12.9,0.0,0.0,0.1,79.6
1747230391539,7.8,0.0,13.0,0.0,0.0,0.1,79.1
1747230393549,8.0,0.0,13.9,0.0,0.0,0.1,78.0
1747230395560,9.5,0.0,13.7,0.0,0.0,0.1,76.7
1747230397570,8.0,0.0,12.5,0.0,0.0,0.1,79.4
1747230399580,7.7,0.0,13.1,0.0,0.0,0.0,79.1
1747230401589,7.8,0.0,12.7,0.0,0.0,0.1,79.4
1747230403601,9.1,0.0,13.6,0.0,0.0,0.1,77.2
1747230405612,7.8,0.0,13.5,0.0,0.0,0.1,78.6
1747230407624,8.1,0.0,13.9,0.0,0.0,0.1,77.9
1747230409637,8.3,0.0,14.2,0.0,0.0,0.1,77.5
1747230411647,8.3,0.0,13.9,0.0,0.0,0.1,77.7
1747230413657,7.7,0.0,13.6,0.0,0.0,0.1,78.6
1747230415668,7.1,0.0,14.1,0.0,0.0,0.1,78.7
1747230417678,7.4,0.0,14.7,0.0,0.0,0.1,77.8
1747230419689,9.4,0.0,13.6,0.0,0.0,0.1,76.9
1747230421699,7.9,0.0,13.7,0.0,0.0,0.2,78.3
1747230423710,7.6,0.0,13.7,0.0,0.0,0.1,78.7
1747230425722,7.3,0.0,14.0,0.0,0.0,0.0,78.7
1747230427734,8.1,0.0,13.4,0.0,0.0,0.1,78.4
1747230429745,7.0,0.0,13.8,0.0,0.0,0.0,79.1
1747230431754,8.2,0.0,14.1,0.0,0.0,0.1,77.6
1747230433764,7.6,0.0,13.6,0.0,0.0,0.1,78.7
1747230435773,7.9,0.0,12.2,0.0,0.0,0.1,79.8
1747230437783,7.0,0.0,12.7,0.0,0.0,0.1,80.2
1747230439792,6.9,0.0,13.0,0.0,0.0,0.0,80.1
1747230441803,7.6,0.0,12.9,0.0,0.0,0.1,79.3
1747230443815,7.5,0.0,13.6,0.0,0.0,0.0,78.8
1747230445826,7.4,0.0,13.1,0.0,0.0,0.0,79.4
1747230447837,7.6,0.0,14.8,0.0,0.0,0.1,77.6
1747230449846,8.3,0.0,12.9,0.0,0.0,0.1,78.6
1747230451855,7.5,0.0,13.0,0.0,0.0,0.2,79.3
1747230453871,7.6,0.0,12.4,0.0,0.0,0.1,79.9
1747230455896,6.7,0.0,13.0,0.0,0.0,0.0,80.3
1747230457911,7.1,0.0,12.8,0.0,0.0,0.0,80.1
1747230459923,8.2,0.0,12.6,0.0,0.0,0.1,79.1
1747230461932,7.3,0.0,12.8,0.0,0.0,0.1,79.8
1747230463942,8.0,0.0,12.0,0.0,0.0,0.1,79.9
1747230465953,7.8,0.0,13.2,0.0,0.0,0.0,79.0
1747230467964,7.9,0.0,13.1,0.0,0.0,0.1,78.9
1747230469974,7.2,0.0,13.4,0.0,0.0,0.0,79.3
1747230471983,8.0,0.0,12.7,0.0,0.0,0.2,79.2
1747230473993,7.4,0.0,12.6,0.0,0.0,0.1,79.9
1747230476004,7.9,0.0,13.5,0.0,0.0,0.1,78.5
1747230478014,7.1,0.0,13.5,0.0,0.0,0.1,79.2
1747230480024,7.6,0.0,13.0,0.0,0.0,0.1,79.3
1747230482036,7.9,0.0,13.1,0.0,0.0,0.2,78.8
1747230484046,8.4,0.0,13.1,0.0,0.0,0.1,78.3
1747230486057,7.6,0.0,13.2,0.0,0.0,0.0,79.2
1747230488069,7.7,0.0,13.3,0.0,0.0,0.0,79.0
1747230490081,6.9,0.0,14.4,0.0,0.0,0.1,78.6
1747230492093,8.4,0.0,13.5,0.0,0.0,0.1,77.9
1747230494104,7.1,0.0,13.7,0.0,0.0,0.2,79.0
1747230496115,7.7,0.0,13.7,0.0,0.0,0.0,78.6
1747230498127,7.4,0.0,14.1,0.0,0.0,0.0,78.4
1747230500139,7.9,0.0,13.9,0.0,0.0,0.2,78.0
1747230502149,8.0,0.0,12.9,0.0,0.0,0.2,78.8
1747230504170,7.8,0.0,13.3,0.0,0.0,0.1,78.8
1747230506185,8.1,0.0,13.6,0.0,0.0,0.1,78.2
1747230508200,8.2,0.0,14.1,0.0,0.0,0.0,77.8
1747230510210,7.6,0.0,14.0,0.0,0.0,0.1,78.3
1747230512219,7.9,0.0,14.4,0.0,0.0,0.2,77.5
1747230514230,7.8,0.0,12.9,0.0,0.0,0.1,79.1
1747230516240,7.8,0.0,13.1,0.0,0.0,0.1,79.0
1747230518254,7.5,0.0,13.6,0.0,0.0,0.1,78.7
1747230520270,7.1,0.0,13.8,0.0,0.0,0.1,79.0
1747230522289,7.4,0.0,13.9,0.0,0.0,0.1,78.5
1747230524297,7.3,0.0,13.6,0.0,0.0,0.2,79.0
1747230526305,7.3,0.0,13.2,0.0,0.0,0.1,79.4
1747230528316,7.6,0.0,13.0,0.0,0.0,0.1,79.3
1747230530325,7.4,0.0,13.4,0.0,0.0,0.0,79.1
1747230532347,8.4,0.0,14.1,0.0,0.0,0.2,77.3
1747230534356,8.9,0.0,13.9,0.0,0.0,0.0,77.1
1747230536366,7.8,0.0,13.4,0.0,0.0,0.1,78.6
1747230538377,7.7,0.0,13.5,0.0,0.0,0.2,78.6
1747230540389,7.1,0.0,14.7,0.0,0.0,0.1,78.1
1747230542399,8.1,0.0,12.7,0.0,0.0,0.1,79.1
1747230544410,7.2,0.0,14.5,0.0,0.0,0.1,78.2
1747230546419,7.8,0.0,13.9,0.0,0.0,0.1,78.2
1747230548430,8.2,0.0,13.5,0.0,0.0,0.1,78.1
1747230550441,7.4,0.0,14.3,0.0,0.0,0.1,78.2
1747230552452,7.6,0.0,13.2,0.0,0.0,0.2,79.0
1747230554463,8.3,0.0,12.8,0.0,0.0,0.1,78.8
1747230556473,7.6,0.0,14.2,0.0,0.0,0.1,78.1
1747230558483,11.0,0.0,14.9,0.0,0.0,0.0,74.1
1747230560491,9.7,0.0,15.6,0.0,0.0,0.1,74.6
1747230562501,9.1,0.0,15.7,0.0,0.0,0.1,75.1
1747230564512,7.9,0.0,13.5,0.0,0.0,0.1,78.5
1747230566523,11.0,0.0,15.3,0.0,0.0,0.0,73.6
1747230568532,11.2,0.0,17.0,0.0,0.0,0.0,71.8
1747230570546,10.9,0.0,16.4,0.0,0.0,0.1,72.5
1747230572568,11.1,0.0,16.8,0.0,0.0,0.3,71.8
1747230574582,0.0,0.0,0.0,0.0,0.0,0.0,0.0
1747230576593,10.4,0.0,15.4,0.0,0.0,0.1,74.1
1747230578605,10.4,0.0,15.3,0.0,0.0,0.0,74.2
1747230580619,10.1,0.0,15.1,0.0,0.0,0.0,74.8
1747230582643,10.8,0.0,15.3,0.0,0.0,0.1,73.8
1747230584660,9.5,0.0,14.2,0.0,0.0,0.1,76.2
1747230586679,10.3,0.0,14.3,0.0,0.0,0.1,75.2
1747230588694,9.6,0.0,15.2,0.0,0.0,0.1,75.1
1747230590706,9.9,0.0,16.1,0.0,0.0,0.0,73.9
1747230592718,7.5,0.0,11.7,0.0,0.0,0.1,80.7
1747230594726,7.9,0.0,11.5,0.0,0.0,0.0,80.6
1747230596734,7.9,0.0,11.6,0.0,0.0,0.1,80.3
1747230598743,7.9,0.0,12.8,0.0,0.0,0.0,79.2
1747230600751,8.1,0.0,13.7,0.0,0.0,0.2,78.1
1747230602760,7.9,0.0,13.2,0.0,0.0,0.3,78.6
1747230604769,7.9,0.0,13.5,0.0,0.0,0.2,78.4
1747230606780,8.4,0.0,13.3,0.0,0.0,0.1,78.1
1747230608789,0.2,0.0,0.3,0.0,0.0,0.0,99.5
1747230610799,8.2,0.0,14.5,0.0,0.0,0.1,77.2
1747230612807,8.6,0.0,14.4,0.0,0.0,0.4,76.7
1747230614817,8.0,0.0,14.9,0.0,0.0,0.2,76.9
1747230616829,0.1,0.0,0.2,0.0,0.0,0.0,99.6
1747230618839,7.9,0.0,14.8,0.0,0.0,0.2,77.2
1747230620850,8.1,0.0,14.3,0.0,0.0,0.0,77.6
1747230622861,8.1,0.0,14.2,0.0,0.0,0.1,77.6
1747230624871,8.9,0.0,14.2,0.0,0.0,0.1,76.8
1747230626882,8.1,0.0,14.1,0.0,0.0,0.1,77.7
1747230628891,8.3,0.0,15.6,0.0,0.0,0.0,76.1
1747230630901,7.8,0.0,15.2,0.0,0.0,0.1,76.8
1747230632914,8.2,0.0,13.9,0.0,0.0,0.2,77.7
1747230634924,7.4,0.0,15.1,0.0,0.0,0.1,77.4
1747230636941,7.5,0.0,13.7,0.0,0.0,0.2,78.6
1747230638961,7.4,0.0,13.8,0.0,0.0,0.1,78.7
1747230640974,8.5,0.0,13.5,0.0,0.0,0.0,77.9
1747230642985,7.3,0.0,14.3,0.0,0.0,0.1,78.3
1747230644996,7.0,0.0,13.6,0.0,0.0,0.1,79.3
1747230647006,7.7,0.0,14.2,0.0,0.0,0.2,77.9
1747230649018,8.9,0.0,12.6,0.0,0.0,0.1,78.4
1747230651032,7.5,0.0,12.4,0.0,0.0,0.1,80.0
1747230653040,6.7,0.0,12.9,0.0,0.0,0.0,80.3
1747230655047,6.9,0.0,12.8,0.0,0.0,0.1,80.2
1747230657063,8.0,0.0,12.9,0.0,0.0,0.2,79.0
1747230659074,7.4,0.0,13.1,0.0,0.0,0.1,79.4
1747230661086,7.8,0.0,13.6,0.0,0.0,0.1,78.6
1747230663097,7.8,0.0,13.6,0.0,0.0,0.1,78.5
1747230665106,8.7,0.0,14.4,0.0,0.0,0.1,76.8
1747230667116,7.4,0.0,14.0,0.0,0.0,0.2,78.4
1747230669125,8.0,0.0,13.6,0.0,0.0,0.1,78.3
1747230671132,8.3,0.0,13.8,0.0,0.0,0.0,77.9
1747230673141,9.5,0.0,13.8,0.0,0.0,0.0,76.6
1747230675151,7.5,0.0,13.1,0.0,0.0,0.1,79.4
1747230677161,7.7,0.0,12.9,0.0,0.0,0.2,79.3
1747230679173,7.2,0.0,13.4,0.0,0.0,0.0,79.4
1747230681183,8.8,0.0,13.2,0.0,0.0,0.0,78.0
1747230683194,7.5,0.0,12.8,0.0,0.0,0.1,79.6
1747230685204,7.3,0.0,13.9,0.0,0.0,0.0,78.8
1747230687216,7.4,0.0,13.9,0.0,0.0,0.1,78.6
1747230689226,8.8,0.0,13.7,0.0,0.0,0.0,77.5
1747230691235,8.3,0.0,14.8,0.0,0.0,0.0,76.9
1747230693245,8.9,0.0,15.4,0.0,0.0,0.0,75.6
1747230695255,8.2,0.0,14.2,0.0,0.0,0.0,77.6
1747230697265,8.5,0.0,13.5,0.0,0.0,0.2,77.8
1747230699276,7.6,0.0,13.3,0.0,0.0,0.1,79.0
1747230701284,8.0,0.0,12.6,0.0,0.0,0.0,79.3
1747230703296,7.1,0.0,12.8,0.0,0.0,0.1,80.0
1747230705306,7.7,0.0,13.7,0.0,0.0,0.1,78.4
1747230707315,7.0,0.0,13.3,0.0,0.0,0.2,79.5
1747230709323,7.2,0.0,12.3,0.0,0.0,0.0,80.5
1747230711335,7.2,0.0,12.5,0.0,0.0,0.1,80.2
1747230713349,8.4,0.0,13.1,0.0,0.0,0.1,78.3
1747230715358,8.2,0.0,13.0,0.0,0.0,0.1,78.7
1747230717366,7.9,0.0,13.8,0.0,0.0,0.1,78.1
1747230719375,7.4,0.0,13.0,0.0,0.0,0.1,79.5
1747230721384,10.5,0.0,15.9,0.0,0.0,0.1,73.6
1747230723393,7.4,0.0,13.3,0.0,0.0,0.0,79.3
1747230725404,7.6,0.0,13.3,0.0,0.0,0.1,79.0
1747230727415,7.4,0.0,13.5,0.0,0.0,0.1,78.9
1747230729425,0.0,0.0,0.0,0.0,0.0,0.0,0.0
1747230731434,11.2,0.0,19.1,0.0,0.0,0.1,69.6
1747230733445,12.2,0.0,17.0,0.0,0.0,0.1,70.7
1747230735457,12.3,0.0,16.7,0.0,0.0,0.0,71.0
1747230737469,11.9,0.0,17.9,0.0,0.0,0.1,70.1
1747230739479,10.7,0.0,15.6,1.6,0.0,0.0,72.0
1747230741488,11.2,0.0,15.6,0.2,0.0,0.1,73.0
1747230743498,10.8,0.0,16.1,0.0,0.0,0.0,73.1
1747230745508,11.3,0.0,16.9,0.0,0.0,0.1,71.8
1747230747517,8.9,0.0,11.6,1.9,0.0,0.0,77.6
1747230749526,10.6,0.0,14.8,0.0,0.0,0.0,74.6
1747230751540,10.5,0.0,14.9,0.0,0.0,0.1,74.6
1747230753554,10.1,0.0,16.2,0.0,0.0,0.1,73.6
1747230755568,0.2,0.0,0.3,0.0,0.0,0.0,99.5
1747230757579,7.4,0.0,11.3,0.0,0.0,0.1,81.2
1747230759588,7.0,0.0,12.2,0.0,0.0,0.0,80.8
1747230761596,7.6,0.0,11.2,0.0,0.0,0.0,81.2
1747230763604,0.2,0.0,0.2,0.0,0.0,0.0,99.6
1747230765612,6.7,0.0,12.6,0.0,0.0,0.1,80.6
1747230767621,6.9,0.0,12.8,0.0,0.0,0.2,80.1
1747230769631,7.9,0.0,12.1,0.0,0.0,0.0,79.9
1747230771639,0.1,0.0,0.2,0.0,0.0,0.0,99.6
1747230773654,6.9,0.0,12.9,0.0,0.0,0.1,80.1
1747230775666,7.1,0.0,14.1,0.0,0.0,0.1,78.7
1747230777679,7.9,0.0,13.4,0.0,0.0,0.2,78.5
1747230779688,9.1,0.0,13.7,0.0,0.0,0.0,77.1
1747230781698,7.9,0.0,13.8,0.0,0.0,0.2,78.2
1747230783707,7.6,0.0,15.1,0.0,0.0,0.1,77.3
1747230785718,9.2,0.0,14.7,0.0,0.0,0.1,76.0
1747230787729,7.2,0.0,14.4,0.0,0.0,0.1,78.3
1747230789740,7.5,0.0,14.1,0.0,0.0,0.1,78.3
1747230791751,7.8,0.0,14.1,0.0,0.0,0.0,78.0
1747230793763,8.0,0.0,15.1,0.0,0.0,0.0,76.9
1747230795772,7.6,0.0,14.6,0.0,0.0,0.0,77.8
1747230797783,7.5,0.0,14.7,0.0,0.0,0.2,77.7
1747230799802,7.2,0.0,14.6,0.0,0.0,0.1,78.2
1747230801816,7.7,0.0,14.3,0.0,0.0,0.1,77.9
1747230803824,9.5,0.0,14.0,0.0,0.0,0.0,76.4
1747230805834,12.0,0.0,17.6,0.0,0.0,0.0,70.4
1747230807847,10.6,0.0,15.9,0.0,0.0,0.1,73.5
1747230809871,10.7,0.0,15.9,0.0,0.0,0.1,73.4
1747230811888,11.0,0.0,17.1,0.0,0.0,0.0,71.9
1747230813917,0.0,0.0,0.0,0.0,0.0,0.0,0.0
1747230815938,10.5,0.0,16.1,0.0,0.0,0.0,73.3
1747230817955,10.6,0.0,15.8,0.0,0.0,0.1,73.6
1747230819968,11.1,0.0,15.8,0.0,0.0,0.0,73.1
1747230821985,0.0,0.0,0.0,0.0,0.0,0.0,0.0
1747230824004,9.9,0.0,14.5,0.0,0.0,0.0,75.5
1747230826019,9.3,0.0,15.5,0.0,0.0,0.1,75.1
1747230828031,10.1,0.0,14.6,0.0,0.0,0.1,75.2
1747230830044,0.1,0.0,0.1,0.0,0.0,0.0,99.8
1747230832055,7.2,0.0,11.2,0.0,0.0,0.0,81.6
1747230834064,6.9,0.0,11.7,0.0,0.0,0.1,81.4
1747230836073,7.4,0.0,11.1,0.0,0.0,0.1,81.5
1747230838083,0.1,0.0,0.2,0.0,0.0,0.0,99.7
1747230840095,7.5,0.0,12.4,0.0,0.0,0.1,80.0
1747230842105,6.9,0.0,13.6,0.0,0.0,0.0,79.4
1747230844116,7.4,0.0,13.3,0.0,0.0,0.0,79.2
1747230846128,7.7,0.0,12.8,0.0,0.0,0.2,79.3
1747230848141,8.2,0.0,13.4,0.0,0.0,0.1,78.3
1747230850152,9.1,0.0,13.2,0.0,0.0,0.1,77.6
1747230852162,7.5,0.0,12.8,0.0,0.0,0.1,79.5
1747230854173,7.2,0.0,14.5,0.0,0.0,0.1,78.3
1747230856184,7.5,0.0,13.4,0.0,0.0,0.0,79.0
1747230858194,7.4,0.0,13.8,0.0,0.0,0.2,78.5
1747230860205,8.2,0.0,13.1,0.0,0.0,0.1,78.6
1747230862216,7.8,0.0,13.8,0.0,0.0,0.1,78.2
1747230864226,7.5,0.0,13.7,0.0,0.0,0.1,78.8
1747230866237,7.8,0.0,13.9,0.0,0.0,0.2,78.1
1747230868247,7.1,0.0,14.2,0.0,0.0,0.1,78.6
1747230870256,7.5,0.0,13.7,0.0,0.0,0.0,78.7
1747230872263,8.0,0.0,13.8,0.0,0.0,0.2,78.0
1747230874271,7.6,0.0,13.6,0.0,0.0,0.1,78.7
1747230876280,7.2,0.0,13.8,0.0,0.0,0.0,79.0
1747230878288,6.8,0.0,13.8,0.0,0.0,0.0,79.3
1747230880297,7.2,0.0,13.3,0.0,0.0,0.1,79.5
1747230882313,6.8,0.0,12.8,0.0,0.0,0.2,80.2
1747230884323,7.8,0.0,12.3,0.0,0.0,0.1,79.8
1747230886334,7.5,0.0,13.9,0.0,0.0,0.1,78.5
1747230888342,7.4,0.0,13.7,0.0,0.0,0.1,78.9
1747230890353,6.9,0.0,12.9,0.0,0.0,0.2,80.0
1747230892371,7.0,0.0,13.6,0.0,0.0,0.2,79.2
1747230894390,6.9,0.0,13.6,0.0,0.0,0.1,79.4
1747230896400,7.0,0.0,13.1,0.0,0.0,0.1,79.9
1747230898411,8.3,0.0,13.3,0.0,0.0,0.0,78.3
1747230900421,7.4,0.0,12.7,0.0,0.0,0.2,79.7
1747230902431,7.9,0.0,13.2,0.0,0.0,0.2,78.6
1747230904441,7.5,0.0,14.1,0.0,0.0,0.0,78.3
1747230906452,7.4,0.0,14.2,0.0,0.0,0.0,78.4
1747230908463,6.9,0.0,13.0,0.0,0.0,0.1,80.0
1747230910475,0.0,0.0,0.0,0.0,0.0,0.0,0.0
1747230912485,11.3,0.0,16.4,0.0,0.0,0.2,72.1
1747230914496,10.0,0.0,18.4,0.0,0.0,0.1,71.4
1747230916507,11.2,0.0,16.6,0.0,0.0,0.1,72.1
1747230918518,12.0,0.0,17.1,0.0,0.0,0.1,70.8
1747230920528,11.1,0.0,14.8,0.0,0.0,0.1,74.0
1747230922538,10.9,0.0,15.3,0.1,0.0,0.1,73.5
1747230924548,10.7,0.0,16.2,0.0,0.0,0.0,73.0
1747230926559,10.2,0.0,16.5,0.0,0.0,0.0,73.2
1747230928573,0.0,0.0,0.0,0.0,0.0,0.0,0.0
1747230930587,10.1,0.0,14.9,0.0,0.0,0.1,74.9
1747230932601,9.6,0.0,15.7,0.0,0.0,0.1,74.6
1747230934615,10.0,0.0,15.0,0.0,0.0,0.0,75.0
1747230936628,0.2,0.0,0.3,0.0,0.0,0.0,99.5
1747230938641,6.5,0.0,11.4,0.0,0.0,0.2,81.8
1747230940649,7.3,0.0,11.4,0.0,0.0,0.1,81.2
1747230942657,6.7,0.0,12.2,0.0,0.0,0.2,81.0
1747230944675,0.1,0.0,0.2,0.0,0.0,0.0,99.7
1747230946688,6.4,0.0,12.0,0.0,0.0,0.1,81.5
1747230948699,6.6,0.0,12.4,0.0,0.0,0.1,80.8
1747230950709,7.4,0.0,12.2,0.0,0.0,0.1,80.3
1747230952718,8.0,0.0,12.7,0.0,0.0,0.2,79.1
1747230954728,7.0,0.0,13.8,0.0,0.0,0.1,79.1
1747230956739,7.9,0.0,13.4,0.0,0.0,0.1,78.6
1747230958750,7.4,0.0,13.5,0.0,0.0,0.2,78.8
1747230960760,8.8,0.0,15.0,0.0,0.0,0.1,76.1
1747230962770,6.8,0.0,13.4,0.0,0.0,0.2,79.5
1747230964782,7.0,0.0,13.0,0.0,0.0,0.0,80.0
1747230966793,7.4,0.0,12.9,0.0,0.0,0.1,79.6
1747230968805,8.2,0.0,12.1,0.0,0.0,0.1,79.6
1747230970817,7.1,0.0,12.8,0.0,0.0,0.0,80.1
1747230972828,6.6,0.0,12.6,0.0,0.0,0.1,80.6
1747230974839,7.1,0.0,12.5,0.0,0.0,0.0,80.3
1747230976849,8.0,0.0,12.7,0.0,0.0,0.1,79.2
1747230978860,7.2,0.0,12.6,0.0,0.0,0.1,80.1
1747230980871,7.9,0.0,13.5,0.0,0.0,0.1,78.6
1747230982882,7.7,0.0,12.8,0.0,0.0,0.3,79.2
1747230984892,8.0,0.0,13.2,0.0,0.0,0.2,78.7
1747230986902,7.2,0.0,12.8,0.0,0.0,0.1,79.9
1747230988912,6.6,0.0,13.9,0.0,0.0,0.1,79.4
1747230990921,7.0,0.0,12.5,0.0,0.0,0.0,80.6
1747230992932,7.7,0.0,12.3,0.0,0.0,0.2,79.8
1747230994942,7.0,0.0,11.8,0.0,0.0,0.1,81.1
1747230996953,6.6,0.0,12.0,0.0,0.0,0.0,81.3
1747230998965,7.2,0.0,11.8,0.0,0.0,0.1,81.0
1747231000975,7.3,0.0,11.9,0.0,0.0,0.0,80.8
1747231002986,7.6,0.0,11.7,0.0,0.0,0.1,80.6
1747231004997,7.1,0.0,12.5,0.0,0.0,0.1,80.3
1747231007011,7.6,0.0,12.6,0.0,0.0,0.1,79.6
1747231009036,6.9,0.0,11.9,0.0,0.0,0.1,81.1
1747231011045,6.8,0.0,11.0,0.0,0.0,0.1,82.2
1747231013054,6.3,0.0,12.5,0.0,0.0,0.1,81.1
1747231015064,6.2,0.0,11.1,0.0,0.0,0.2,82.5
1747231017085,6.7,0.0,12.9,0.0,0.0,0.0,80.3
1747231019094,6.8,0.0,12.3,0.0,0.0,0.0,80.9
1747231021105,7.3,0.0,12.1,0.0,0.0,0.0,80.6
1747231023116,7.2,0.0,12.4,0.0,0.0,0.1,80.3
1747231025127,6.8,0.0,13.0,0.0,0.0,0.2,80.0
1747231027138,7.8,0.0,13.2,0.0,0.0,0.0,79.0
1747231029148,8.6,0.0,14.8,0.0,0.0,0.0,76.6
1747231031158,7.4,0.0,12.8,0.0,0.0,0.0,79.7
1747231033169,7.3,0.0,13.5,0.0,0.0,0.0,79.2
1747231035180,6.2,0.0,14.3,0.0,0.0,0.2,79.3
1747231037191,6.9,0.0,13.5,0.0,0.0,0.1,79.5
1747231039201,6.6,0.0,15.4,0.0,0.0,0.0,78.0
1747231041211,7.2,0.0,16.1,0.0,0.0,0.0,76.8
1747231043222,9.6,0.0,18.6,0.0,0.0,0.1,71.6
1747231045234,7.3,0.0,14.6,0.0,0.0,0.2,77.9
1747231047249,6.6,0.0,13.4,0.0,0.0,0.1,79.9
1747231049258,6.1,0.0,12.5,0.0,0.0,0.0,81.3
1747231051269,6.4,0.0,11.4,0.0,0.0,0.1,82.1
1747231053288,6.0,0.0,11.1,0.0,0.0,0.1,82.7
1747231055304,6.0,0.0,11.1,0.0,0.0,0.1,82.9
1747231057314,6.4,0.0,11.9,0.0,0.0,0.0,81.6
1747231059326,6.7,0.0,11.4,0.0,0.0,0.0,81.9
1747231061338,8.3,0.0,13.0,0.0,0.0,0.1,78.6
1747231063348,7.2,0.0,12.4,0.0,0.0,0.2,80.3
1747231065358,7.3,0.0,12.1,0.0,0.0,0.2,80.4
1747231067367,7.0,0.0,11.7,0.0,0.0,0.1,81.2
1747231069378,6.6,0.0,12.0,0.0,0.0,0.1,81.2
1747231071386,6.8,0.0,12.5,0.0,0.0,0.0,80.7
1747231073397,7.4,0.0,12.6,0.0,0.0,0.1,80.0
1747231075407,7.1,0.0,11.9,0.0,0.0,0.0,81.0
1747231077418,6.4,0.0,13.6,0.0,0.0,0.1,79.9
1747231079429,7.1,0.0,13.8,0.0,0.0,0.0,79.1
1747231081440,7.5,0.0,13.7,0.0,0.0,0.1,78.8
1747231083451,7.2,0.0,12.4,0.0,0.0,0.0,80.4
1747231085462,7.9,0.0,12.7,0.0,0.0,0.1,79.3
1747231087471,7.3,0.0,12.4,0.0,0.0,0.1,80.2
1747231089479,7.1,0.0,13.2,0.0,0.0,0.1,79.6
1747231091490,6.7,0.0,13.6,0.0,0.0,0.1,79.6
1747231093501,6.8,0.0,14.0,0.0,0.0,0.1,79.1
1747231095512,6.6,0.0,13.4,0.0,0.0,0.1,79.9
1747231097522,7.0,0.0,13.4,0.0,0.0,0.1,79.5
1747231099532,7.4,0.0,14.0,0.0,0.0,0.0,78.6
1747231101541,7.5,0.0,11.9,0.0,0.0,0.1,80.5
1747231103561,7.5,0.0,12.6,0.0,0.0,0.0,79.8
1747231105604,8.6,0.0,14.3,0.0,0.0,0.0,77.1
1747231107630,6.4,0.0,12.1,0.0,0.0,0.2,81.2
1747231109640,7.0,0.0,11.6,0.0,0.0,0.0,81.4
1747231111654,6.4,0.0,11.6,0.0,0.0,0.0,81.9
1747231113666,7.0,0.0,11.8,0.0,0.0,0.0,81.1
1747231115678,7.8,0.0,12.0,0.0,0.0,0.0,80.1
1747231117692,10.3,0.0,16.0,0.0,0.0,0.1,73.6
1747231119707,11.4,0.0,15.7,0.0,0.0,0.1,72.8
1747231121718,11.0,0.0,16.6,0.0,0.0,0.1,72.3
1747231123730,0.0,0.0,0.0,0.0,0.0,0.0,0.0
1747231125740,10.1,0.0,15.2,0.0,0.0,0.1,74.6
1747231127751,10.4,0.0,15.1,0.0,0.0,0.1,74.4
1747231129762,10.2,0.0,15.3,0.0,0.0,0.1,74.3
1747231131772,0.0,0.0,0.0,0.0,0.0,0.0,0.0
1747231133781,10.0,0.0,14.2,0.0,0.0,0.1,75.7
1747231135792,9.7,0.0,15.4,0.0,0.0,0.0,74.9
1747231137804,9.8,0.0,15.8,0.0,0.0,0.1,74.3
1747231139815,10.2,0.0,15.3,0.0,0.0,0.0,74.4
1747231141827,6.7,0.0,11.2,0.0,0.0,0.1,81.9
1747231143839,7.0,0.0,12.5,0.0,0.0,0.0,80.4
1747231145849,6.9,0.0,11.7,0.0,0.0,0.1,81.3
1747231147861,6.1,0.0,13.1,0.0,0.0,0.1,80.7
1747231149871,6.7,0.0,11.4,0.0,0.0,0.1,81.9
1747231151879,6.1,0.0,12.5,0.0,0.0,0.0,81.3
1747231153897,5.9,0.0,10.7,0.0,0.0,0.1,83.3
1747231155910,6.3,0.0,11.9,0.0,0.0,0.1,81.6
1747231157932,7.0,0.0,11.9,0.0,0.0,0.1,81.0
1747231159952,7.1,0.0,11.3,0.0,0.0,0.1,81.5
1747231161965,8.0,0.0,12.2,0.0,0.0,0.1,79.8
1747231163985,8.1,0.0,13.1,0.0,0.0,0.1,78.7
1747231165999,9.6,0.0,13.4,0.0,0.0,0.1,77.0
1747231168011,7.5,0.0,12.6,0.0,0.0,0.1,79.8
1747231170021,6.8,0.0,13.2,0.0,0.0,0.1,79.9
1747231172030,7.7,0.0,13.0,0.0,0.0,0.1,79.1
1747231174040,8.0,0.0,13.8,0.0,0.0,0.1,78.0
1747231176050,6.9,0.0,13.8,0.0,0.0,0.1,79.2
1747231178061,8.1,0.0,13.5,0.0,0.0,0.0,78.4
1747231180072,7.2,0.0,14.4,0.0,0.0,0.0,78.3
1747231182083,8.9,0.0,13.9,0.0,0.0,0.1,77.1
1747231184094,7.7,0.0,13.9,0.0,0.0,0.1,78.3
1747231186104,8.2,0.0,14.0,0.0,0.0,0.1,77.7
1747231188114,8.1,0.0,13.5,0.0,0.0,0.0,78.3
1747231190123,9.4,0.0,13.8,0.0,0.0,0.1,76.7
1747231192134,7.7,0.0,13.2,0.0,0.0,0.1,79.0
1747231194143,7.5,0.0,13.7,0.0,0.0,0.0,78.7
1747231196155,6.9,0.0,13.5,0.0,0.0,0.0,79.6
1747231198166,8.3,0.0,13.7,0.0,0.0,0.1,77.9
1747231200178,6.9,0.0,13.4,0.0,0.0,0.0,79.6
1747231202189,7.2,0.0,13.7,0.0,0.0,0.1,78.9
1747231204200,7.4,0.0,15.6,0.0,0.0,0.1,77.0
1747231206210,9.0,0.0,14.0,0.0,0.0,0.1,76.9
1747231208219,7.6,0.0,13.2,0.0,0.0,0.1,79.2
1747231210228,7.4,0.0,11.8,0.0,0.0,0.1,80.7
1747231212241,6.6,0.0,12.4,0.0,0.0,0.0,80.9
1747231214251,8.2,0.0,11.7,0.0,0.0,0.0,80.0
1747231216259,6.2,0.0,11.4,0.0,0.0,0.0,82.3
1747231218268,6.7,0.0,11.1,0.0,0.0,0.0,82.1
1747231220277,6.7,0.0,11.5,0.0,0.0,0.1,81.8
1747231222288,7.2,0.0,12.2,0.0,0.0,0.1,80.5
1747231224301,6.5,0.0,11.4,0.0,0.0,0.1,82.0
1747231226310,6.8,0.0,12.1,0.0,0.0,0.0,81.1
1747231228321,7.4,0.0,11.7,0.0,0.0,0.0,80.9
1747231230331,9.3,0.0,13.4,0.0,0.0,0.1,77.2
1747231232342,7.8,0.0,12.7,0.0,0.0,0.2,79.3
1747231234353,8.6,0.0,14.5,0.0,0.0,0.0,76.9
1747231236364,7.8,0.0,12.2,0.0,0.0,0.0,79.9
1747231238374,8.3,0.0,12.8,0.0,0.0,0.1,78.7
1747231240384,7.3,0.0,13.1,0.0,0.0,0.1,79.5
1747231242393,7.2,0.0,13.3,0.0,0.0,0.2,79.3
1747231244402,7.3,0.0,14.1,0.0,0.0,0.1,78.5
1747231246412,0.0,0.0,0.0,0.0,0.0,0.0,0.0
1747231248420,11.2,0.0,17.6,0.0,0.0,0.1,71.1
1747231250431,11.2,0.0,17.4,0.0,0.0,0.1,71.3
1747231252443,11.2,0.0,16.8,0.0,0.0,0.1,71.9
1747231254454,11.5,0.0,16.8,0.0,0.0,0.1,71.6
1747231256466,10.9,0.0,15.4,0.0,0.0,0.1,73.6
1747231258476,10.0,0.0,17.3,0.0,0.0,0.1,72.7
1747231260487,10.6,0.0,16.8,0.0,0.0,0.1,72.5
1747231262520,11.0,0.0,15.8,0.0,0.0,0.2,73.0
1747231264557,9.6,0.0,14.6,0.0,0.0,0.0,75.8
1747231266576,9.8,0.0,15.3,0.0,0.0,0.1,74.8
1747231268598,9.5,0.0,15.6,0.0,0.0,0.1,74.8
1747231270614,10.3,0.0,15.6,0.0,0.0,0.0,74.1
1747231272629,6.9,0.0,11.4,0.0,0.0,0.2,81.5
1747231274636,6.7,0.0,11.0,0.0,0.0,0.1,82.2
1747231276645,6.6,0.0,10.6,0.0,0.0,0.1,82.7
1747231278657,6.6,0.0,11.2,0.0,0.0,0.0,82.2
1747231280680,7.1,0.0,11.9,0.0,0.0,0.0,81.0
1747231282693,6.5,0.0,11.9,0.0,0.0,0.2,81.4
1747231284704,7.2,0.0,11.9,0.0,0.0,0.0,80.9
1747231286715,7.8,0.0,12.8,0.0,0.0,0.1,79.2
1747231288726,0.2,0.0,0.3,0.0,0.0,0.0,99.5
1747231290737,8.3,0.0,13.3,0.0,0.0,0.1,78.3
1747231292749,7.7,0.0,13.3,0.0,0.0,0.3,78.7
1747231294760,7.1,0.0,13.0,0.0,0.0,0.0,79.9
1747231296770,7.7,0.0,13.0,0.0,0.0,0.1,79.2
1747231298780,7.1,0.0,12.6,0.0,0.0,0.0,80.2
1747231300790,7.5,0.0,12.1,0.0,0.0,0.0,80.4
1747231302800,7.4,0.0,12.4,0.0,0.0,0.1,80.0
1747231304810,8.1,0.0,13.2,0.0,0.0,0.1,78.6
1747231306820,6.9,0.0,13.0,0.0,0.0,0.1,80.0
1747231308831,6.6,0.0,15.4,0.0,0.0,0.0,78.0
1747231310842,8.7,0.0,15.0,0.0,0.0,0.1,76.3
1747231312852,0.0,0.0,0.0,0.0,0.0,0.0,0.0
1747231314863,11.9,0.0,16.1,0.0,0.0,0.1,71.9
1747231316875,10.8,0.0,16.4,0.0,0.0,0.0,72.9
1747231318888,10.2,0.0,17.0,0.0,0.0,0.0,72.7
1747231320904,0.0,0.0,0.0,0.0,0.0,0.0,0.0
1747231322923,9.8,0.0,15.5,0.0,0.0,0.2,74.4
1747231324961,10.2,0.0,16.5,0.0,0.0,0.0,73.2
1747231327000,9.8,0.0,15.7,0.0,0.0,0.1,74.4
1747231329039,10.2,0.0,16.1,0.0,0.0,0.0,73.7
1747231331057,9.8,0.0,14.2,0.0,0.0,0.1,75.9
1747231333069,10.0,0.0,14.6,0.0,0.0,0.1,75.3
1747231335084,10.2,0.0,15.1,0.0,0.0,0.1,74.6
1747231337096,10.5,0.0,16.5,0.0,0.0,0.1,73.0
1747231339107,7.7,0.0,11.2,0.0,0.0,0.1,81.0
1747231341116,6.3,0.0,12.7,0.0,0.0,0.0,81.0
1747231343126,7.1,0.0,13.1,0.0,0.0,0.3,79.6
1747231345136,8.5,0.0,13.8,0.0,0.0,0.1,77.6
1747231347146,7.0,0.0,12.2,0.0,0.0,0.1,80.8
1747231349154,6.8,0.0,11.6,0.0,0.0,0.1,81.6
1747231351163,6.9,0.0,11.9,0.0,0.0,0.2,81.1
1747231353174,6.5,0.0,13.5,0.0,0.0,0.2,79.8
1747231355185,7.7,0.0,11.7,0.0,0.0,0.2,80.4
1747231357195,6.5,0.0,12.6,0.0,0.0,0.1,80.8
1747231359205,7.0,0.0,13.5,0.0,0.0,0.1,79.4
1747231361216,8.5,0.0,15.6,0.0,0.0,0.1,75.8
1747231363228,9.9,0.0,13.9,0.0,0.0,0.2,76.0
1747231365239,7.3,0.0,12.5,0.0,0.0,0.1,80.1
1747231367250,6.7,0.0,12.4,0.0,0.0,0.2,80.7
1747231369259,6.7,0.0,12.6,0.0,0.0,0.0,80.7
1747231371268,0.0,0.0,0.0,0.0,0.0,0.0,0.0
1747231373294,10.4,0.0,16.1,0.0,0.0,0.1,73.4
1747231375307,10.3,0.0,15.9,0.0,0.0,0.1,73.8
1747231377321,10.4,0.0,16.2,0.0,0.0,0.1,73.3
1747231379333,0.0,0.0,0.0,0.0,0.0,0.0,0.0
1747231381348,9.7,0.0,14.3,0.0,0.0,0.2,75.7
1747231383361,10.2,0.0,15.4,0.0,0.0,0.1,74.3
1747231385372,9.3,0.0,16.3,0.0,0.0,0.0,74.4
1747231387384,10.5,0.0,15.4,0.0,0.0,0.1,74.0
1747231389395,9.7,0.0,15.1,0.0,0.0,0.0,75.2
1747231391404,10.1,0.0,16.0,0.0,0.0,0.0,73.8
1747231393415,9.8,0.0,16.6,0.0,0.0,0.1,73.5
1747231395427,10.2,0.0,16.8,0.0,0.0,0.0,73.0
1747231397437,8.4,0.0,15.0,0.0,0.0,0.1,76.5
1747231399446,9.5,0.0,14.9,0.0,0.0,0.0,75.6
1747231401458,9.7,0.0,15.2,0.0,0.0,0.0,75.1
1747231403471,9.2,0.0,14.6,0.0,0.0,0.1,76.0
1747231405509,7.8,0.0,10.3,0.0,0.0,0.2,81.7
1747231407542,5.9,0.0,11.1,0.0,0.0,0.1,82.9
1747231409551,6.0,0.0,10.7,0.0,0.0,0.1,83.3
1747231411557,6.5,0.0,10.9,0.0,0.0,0.0,82.6
1747231413565,0.0,0.0,0.0,0.0,0.0,0.0,100.0
1747231415578,7.1,0.0,11.1,0.0,0.0,0.0,81.7
1747231417592,6.6,0.0,9.7,0.0,0.0,0.1,83.6
1747231419600,6.2,0.0,9.9,0.0,0.0,0.1,83.8
1747231421612,0.0,0.0,0.0,0.0,0.0,0.0,0.0
1747231423657,8.9,0.0,13.8,0.0,0.0,0.0,77.3
1747231425681,9.1,0.0,14.6,0.0,0.0,0.1,76.2
1747231427697,9.7,0.0,14.8,0.0,0.0,0.1,75.4
1747231429710,10.5,0.0,15.9,0.0,0.0,0.0,73.6
1747231431721,9.4,0.0,13.3,0.0,0.0,0.1,77.2
1747231433733,9.8,0.0,14.3,0.0,0.0,0.0,75.8
1747231435745,9.9,0.0,13.9,0.0,0.0,0.1,76.1
1747231437756,10.1,0.0,14.7,0.0,0.0,0.1,75.1
1747231439767,7.5,0.0,12.0,0.0,0.0,0.1,80.4
1747231441779,6.5,0.0,13.1,0.0,0.0,0.0,80.3
1747231443790,6.1,0.0,13.8,0.0,0.0,0.1,80.0
1747231445801,6.7,0.0,15.4,0.0,0.0,0.1,77.8
1747231447811,0.1,0.0,0.2,0.0,0.0,0.0,99.6
1747231449821,8.2,0.0,13.6,0.0,0.0,0.1,78.1
1747231451832,6.1,0.0,11.9,0.0,0.0,0.1,82.0
1747231453844,6.0,0.0,12.8,0.0,0.0,0.1,81.1
1747231455854,0.2,0.0,0.2,0.0,0.0,0.0,99.5
1747231457864,6.6,0.0,12.3,0.0,0.0,0.2,81.0
1747231459874,5.7,0.0,11.3,0.0,0.0,0.1,83.0
1747231461901,5.7,0.0,11.3,0.0,0.0,0.0,83.0
1747231463948,0.1,0.0,0.2,0.0,0.0,0.0,99.6
1747231465984,8.2,0.0,11.1,0.0,0.0,0.0,80.6
1747231467997,7.5,0.0,12.2,0.0,0.0,0.0,80.2
1747231470013,7.3,0.0,10.7,0.0,0.0,0.0,82.0
1747231472041,0.1,0.0,0.2,0.0,0.0,0.0,99.6
1747231474055,6.6,0.0,10.7,0.0,0.0,0.0,82.6
1747231476067,6.2,0.0,11.5,0.0,0.0,0.0,82.2
1747231478079,6.9,0.0,11.3,0.0,0.0,0.1,81.7
1747231480089,0.1,0.0,0.2,0.0,0.0,0.0,99.7
1747231482100,7.2,0.0,12.8,0.0,0.0,0.1,80.0
1747231484111,6.9,0.0,15.4,0.0,0.0,0.1,77.6
1747231486121,7.4,0.0,13.4,0.0,0.0,0.2,78.9
1747231488131,0.0,0.0,0.0,0.0,0.0,0.0,0.0
1747231490140,11.7,0.0,18.8,0.0,0.0,0.0,69.5
1747231492151,11.8,0.0,17.1,0.0,0.0,0.1,71.1
1747231494162,11.1,0.0,17.8,0.0,0.0,0.0,71.1
1747231496173,11.6,0.0,16.4,0.0,0.0,0.1,71.9
1747231498183,11.2,0.0,16.1,0.0,0.0,0.1,72.6
1747231500194,11.5,0.0,17.0,0.0,0.0,0.0,71.5
1747231502205,11.4,0.0,17.5,0.0,0.0,0.0,71.0
1747231504217,11.3,0.0,17.7,0.0,0.0,0.2,70.8
1747231506229,10.3,0.0,14.5,0.0,0.0,0.0,75.2
1747231508246,9.9,0.0,15.0,0.0,0.0,0.1,75.0
1747231510271,9.9,0.0,14.9,0.0,0.0,0.0,75.2
1747231512286,10.1,0.0,15.8,0.0,0.0,0.1,73.9
1747231514298,6.7,0.0,11.8,0.0,0.0,0.1,81.4
1747231516305,7.2,0.0,11.6,0.0,0.0,0.0,81.2
1747231518314,6.8,0.0,12.2,0.0,0.0,0.1,81.0
1747231520324,6.5,0.0,12.5,0.0,0.0,0.1,80.9
1747231522333,7.6,0.0,11.6,0.0,0.0,0.2,80.7
1747231524343,7.0,0.0,12.7,0.0,0.0,0.0,80.2
1747231526351,7.2,0.0,12.3,0.0,0.0,0.0,80.5
1747231528361,7.1,0.0,12.1,0.0,0.0,0.0,80.8
1747231530371,6.9,0.0,11.8,0.0,0.0,0.1,81.1
1747231532381,7.1,0.0,11.9,0.0,0.0,0.0,80.9
1747231534391,7.3,0.0,11.4,0.0,0.0,0.1,81.2
1747231536402,6.8,0.0,12.6,0.0,0.0,0.1,80.5
1747231538412,7.4,0.0,11.0,0.0,0.0,0.2,81.4
1747231540423,11.1,0.0,15.9,0.0,0.0,0.0,72.9
1747231542435,10.3,0.0,16.6,0.0,0.0,0.1,73.0
1747231544448,10.6,0.0,16.6,0.0,0.0,0.0,72.8
1747231546462,0.0,0.0,0.0,0.0,0.0,0.0,0.0
1747231548475,10.3,0.0,15.4,0.0,0.0,0.2,74.1
1747231550489,10.7,0.0,14.9,0.0,0.0,0.1,74.4
1747231552500,10.2,0.0,15.1,0.0,0.0,0.1,74.5
1747231554509,0.0,0.0,0.0,0.0,0.0,0.0,0.0
1747231556517,9.4,0.0,15.0,0.0,0.0,0.0,75.6
1747231558526,9.5,0.0,15.3,0.0,0.0,0.1,75.2
1747231560538,9.3,0.0,14.4,0.0,0.0,0.0,76.2
1747231562572,9.7,0.0,14.8,0.0,0.0,0.1,75.3
1747231564598,6.3,0.0,11.5,0.0,0.0,0.1,82.0
1747231566605,6.8,0.0,11.4,0.0,0.0,0.1,81.7
1747231568615,7.1,0.0,12.3,0.0,0.0,0.0,80.5
1747231570623,7.5,0.0,11.2,0.0,0.0,0.1,81.1
1747231572635,6.7,0.0,11.6,0.0,0.0,0.1,81.6
1747231574645,6.4,0.0,12.2,0.0,0.0,0.1,81.3
1747231576654,6.7,0.0,11.9,0.0,0.0,0.1,81.3
1747231578662,6.8,0.0,12.3,0.0,0.0,0.2,80.8
1747231580679,7.2,0.0,12.7,0.0,0.0,0.1,79.9
1747231582689,7.1,0.0,12.5,0.0,0.0,0.2,80.2
1747231584700,7.8,0.0,12.9,0.0,0.0,0.1,79.2
1747231586711,7.7,0.0,13.0,0.0,0.0,0.1,79.2
1747231588722,8.6,0.0,13.4,0.0,0.0,0.1,77.9
1747231590732,9.6,0.0,15.3,0.0,0.0,0.2,75.0
1747231592743,7.7,0.0,12.9,0.0,0.0,0.2,79.3
1747231594755,8.5,0.0,12.7,0.0,0.0,0.2,78.7
1747231596765,7.2,0.0,13.1,0.0,0.0,0.1,79.7
1747231598774,6.9,0.0,14.1,0.0,0.0,0.0,79.0
1747231600785,6.6,0.0,15.8,0.0,0.0,0.0,77.6
1747231602796,7.7,0.0,13.2,0.0,0.0,0.2,79.0
1747231604805,7.6,0.0,14.9,0.0,0.0,0.1,77.4
1747231606814,8.5,0.0,14.0,0.0,0.0,0.0,77.4
1747231608824,8.1,0.0,13.2,0.0,0.0,0.1,78.6
1747231610835,7.5,0.0,12.4,0.0,0.0,0.0,80.0
1747231612845,11.2,0.0,14.9,0.0,0.0,0.2,73.8
1747231614874,9.9,0.0,15.9,0.0,0.0,0.0,74.1
1747231616938,10.2,0.0,16.4,0.0,0.0,0.1,73.3
1747231618952,11.0,0.0,15.9,0.0,0.0,0.0,73.0
1747231620967,0.0,0.0,0.0,0.0,0.0,0.0,0.0
1747231622979,10.0,0.0,15.6,0.0,0.0,0.3,74.1
1747231624999,10.4,0.0,15.2,0.0,0.0,0.2,74.3
1747231627024,9.9,0.0,15.7,0.0,0.0,0.0,74.4
1747231629044,0.0,0.0,0.0,0.0,0.0,0.0,0.0
1747231631058,10.1,0.0,14.7,0.0,0.0,0.1,75.1
1747231633073,9.4,0.0,14.7,0.0,0.0,0.1,75.8
1747231635090,9.9,0.0,14.6,0.0,0.0,0.1,75.4
1747231637105,0.2,0.0,0.2,0.0,0.0,0.0,99.6
1747231639117,7.2,0.0,12.2,0.0,0.0,0.1,80.5
1747231641128,6.6,0.0,12.5,0.0,0.0,0.0,80.9
1747231643140,6.8,0.0,12.6,0.0,0.0,0.1,80.4
1747231645151,7.1,0.0,12.8,0.0,0.0,0.1,79.9
1747231647162,7.5,0.0,13.2,0.0,0.0,0.1,79.2
1747231649173,8.5,0.0,13.8,0.0,0.0,0.1,77.6
1747231651183,7.2,0.0,13.3,0.0,0.0,0.1,79.4
1747231653194,7.3,0.0,14.4,0.0,0.0,0.1,78.2
1747231655205,7.5,0.0,13.1,0.0,0.0,0.1,79.3
1747231657215,7.4,0.0,14.4,0.0,0.0,0.0,78.2
1747231659225,7.9,0.0,13.2,0.0,0.0,0.0,78.9
1747231661234,7.4,0.0,14.8,0.0,0.0,0.1,77.7
1747231663243,7.2,0.0,14.0,0.0,0.0,0.2,78.6
1747231665253,7.3,0.0,13.6,0.0,0.0,0.2,79.0
1747231667265,8.9,0.0,13.3,0.0,0.0,0.1,77.8
1747231669275,9.7,0.0,15.2,0.0,0.0,0.1,75.0
1747231671284,10.9,0.0,14.2,0.0,0.0,0.0,74.9
1747231673328,9.5,0.0,16.3,0.0,0.0,0.2,74.0
1747231675357,10.0,0.0,16.2,0.0,0.0,0.2,73.6
1747231677374,10.6,0.0,17.5,0.0,0.0,0.2,71.7
1747231679388,0.0,0.0,0.0,0.0,0.0,0.0,0.0
1747231681403,10.7,0.0,15.6,0.0,0.0,0.1,73.6
1747231683418,10.2,0.0,15.8,0.0,0.0,0.1,73.9
1747231685432,10.6,0.0,15.4,0.0,0.0,0.1,73.9
1747231687445,0.0,0.0,0.0,0.0,0.0,0.0,0.0
1747231689457,9.7,0.0,14.3,0.0,0.0,0.1,75.9
1747231691470,9.4,0.0,15.6,0.0,0.0,0.0,75.0
1747231693481,10.2,0.0,14.9,0.0,0.0,0.1,74.8
1747231695492,0.1,0.0,0.1,0.0,0.0,0.0,99.8
1747231697503,7.0,0.0,12.3,0.0,0.0,0.1,80.7
1747231699512,7.4,0.0,12.0,0.0,0.0,0.1,80.5
1747231701523,7.5,0.0,11.2,0.0,0.0,0.2,81.1
1747231703535,0.1,0.0,0.2,0.0,0.0,0.0,99.7
1747231705545,8.6,0.0,13.9,0.0,0.0,0.1,77.5
1747231707556,6.9,0.0,13.4,0.0,0.0,0.0,79.8
1747231709566,6.3,0.0,13.7,0.0,0.0,0.1,79.9
1747231711574,7.0,0.0,13.9,0.0,0.0,0.0,79.1
1747231713583,6.6,0.0,12.5,0.0,0.0,0.1,80.8
1747231715594,6.9,0.0,12.1,0.0,0.0,0.1,80.8
1747231717605,6.5,0.0,12.4,0.0,0.0,0.0,81.0
1747231719617,7.3,0.0,12.6,0.0,0.0,0.1,80.0
1747231721632,9.6,0.0,15.7,0.0,0.0,0.1,74.5
1747231723649,10.0,0.0,14.9,0.0,0.0,0.1,75.0
1747231725677,10.2,0.0,14.9,0.0,0.0,0.0,74.9
1747231727690,10.1,0.0,15.4,0.0,0.0,0.1,74.5
1747231729703,9.4,0.0,14.1,0.0,0.0,0.2,76.3
1747231731717,9.4,0.0,15.3,0.0,0.0,0.1,75.2
1747231733733,9.0,0.0,15.2,0.0,0.0,0.1,75.7
1747231735755,10.3,0.0,16.2,0.0,0.0,0.1,73.4
1747231737768,0.0,0.0,0.0,0.0,0.0,0.0,0.0
1747231739780,9.9,0.0,15.8,0.0,0.0,0.1,74.2
1747231741792,10.2,0.0,14.5,0.0,0.0,0.1,75.2
1747231743802,9.7,0.0,14.6,0.0,0.0,0.1,75.6
1747231745812,0.0,0.0,0.0,0.0,0.0,0.0,99.9
1747231747821,7.2,0.0,10.4,0.0,0.0,0.1,82.2
1747231749833,7.0,0.0,10.7,0.0,0.0,0.1,82.1
1747231751844,6.4,0.0,11.0,0.0,0.0,0.1,82.4
1747231753856,0.1,0.0,0.2,0.0,0.0,0.0,99.6
1747231755867,6.5,0.0,11.6,0.0,0.0,0.1,81.8
1747231757879,6.8,0.0,11.9,0.0,0.0,0.3,81.1
1747231759890,7.0,0.0,11.7,0.0,0.0,0.2,81.2
1747231761902,6.9,0.0,11.8,0.0,0.0,0.1,81.2
1747231763913,9.2,0.0,13.9,0.0,0.0,0.0,76.9
1747231765925,6.2,0.0,12.7,0.0,0.0,0.2,80.9
1747231767936,6.4,0.0,12.7,0.0,0.0,0.3,80.6
1747231769947,7.1,0.0,12.4,0.0,0.0,0.1,80.5
1747231771958,6.9,0.0,12.8,0.0,0.0,0.1,80.2
1747231773967,6.9,0.0,12.8,0.0,0.0,0.0,80.2
1747231775978,6.8,0.0,12.0,0.0,0.0,0.0,81.2
1747231778016,7.5,0.0,12.7,0.0,0.0,0.1,79.7
1747231780026,6.8,0.0,13.0,0.0,0.0,0.0,80.1
1747231782034,7.7,0.0,13.0,0.0,0.0,0.1,79.2
1747231784049,8.4,0.0,13.8,0.0,0.0,0.0,77.8
1747231786070,7.4,0.0,12.5,0.0,0.0,0.0,80.1
1747231788090,10.9,0.0,17.4,0.0,0.0,0.2,71.4
1747231790130,10.5,0.0,15.9,0.0,0.0,0.1,73.4
1747231792143,10.8,0.0,16.1,0.0,0.0,0.1,73.1
1747231794155,11.2,0.0,18.2,0.0,0.0,0.0,70.5
1747231796166,8.5,0.0,12.7,0.0,0.0,0.1,78.7
1747231798176,10.8,0.0,16.2,0.0,0.0,0.2,72.9
1747231800187,10.3,0.0,16.6,0.0,0.0,0.0,73.0
1747231802199,11.8,0.0,16.4,0.0,0.0,0.1,71.8
1747231804209,0.0,0.0,0.0,0.0,0.0,0.0,0.0
1747231806218,10.2,0.0,15.3,0.0,0.0,0.0,74.4
1747231808227,10.5,0.0,16.6,0.0,0.0,0.0,72.8
1747231810238,10.4,0.0,15.9,0.0,0.0,0.0,73.7
1747231812249,0.0,0.0,0.0,0.0,0.0,0.0,0.0
1747231814261,10.0,0.0,13.7,0.0,0.0,0.1,76.3
1747231816274,9.2,0.0,13.8,0.0,0.0,0.0,77.0
1747231818307,9.2,0.0,13.7,0.0,0.0,0.0,77.1
1747231820329,0.1,0.0,0.1,0.0,0.0,0.0,99.8
1747231822344,6.3,0.0,10.5,0.0,0.0,0.1,83.0
1747231824353,6.3,0.0,11.5,0.0,0.0,0.0,82.1
1747231826360,6.3,0.0,10.6,0.0,0.0,0.0,83.1
1747231828376,0.1,0.0,0.2,0.0,0.0,0.0,99.7
1747231830396,6.3,0.0,11.2,0.0,0.0,0.0,82.4
1747231832422,6.8,0.0,10.9,0.0,0.0,0.1,82.2
1747231834436,8.2,0.0,11.8,0.0,0.0,0.0,80.0
1747231836445,6.6,0.0,11.6,0.0,0.0,0.0,81.8
1747231838454,7.0,0.0,11.7,0.0,0.0,0.0,81.3
1747231840462,7.1,0.0,12.1,0.0,0.0,0.1,80.7
1747231842475,7.0,0.0,12.4,0.0,0.0,0.0,80.5
1747231844485,7.3,0.0,12.6,0.0,0.0,0.1,79.9
1747231846494,7.8,0.0,12.9,0.0,0.0,0.1,79.2
1747231848504,7.7,0.0,13.1,0.0,0.0,0.0,79.2
1747231850516,7.4,0.0,13.4,0.0,0.0,0.1,79.1
1747231852528,7.8,0.0,13.6,0.0,0.0,0.1,78.5
1747231854539,11.7,0.0,17.8,0.0,0.0,0.0,70.5
1747231856551,11.5,0.0,17.2,0.0,0.0,0.0,71.3
1747231858563,11.4,0.0,16.2,0.0,0.0,0.0,72.3
1747231860574,11.8,0.0,16.8,0.0,0.0,0.0,71.4
1747231862585,0.0,0.0,0.0,0.0,0.0,0.0,0.0
1747231864595,11.2,0.0,15.3,0.0,0.0,0.1,73.4
1747231866605,10.2,0.0,17.0,0.0,0.0,0.2,72.6
1747231868616,11.1,0.0,16.4,0.0,0.0,0.2,72.3
1747231870629,0.0,0.0,0.0,0.0,0.0,0.0,0.0
1747231872645,9.8,0.0,15.8,0.0,0.0,0.1,74.3
1747231874657,9.8,0.0,15.5,0.0,0.0,0.0,74.6
1747231876670,9.8,0.0,14.9,0.0,0.0,0.0,75.3
1747231878693,0.2,0.0,0.2,0.0,0.0,0.0,99.6
1747231880707,5.7,0.0,12.0,0.0,0.0,0.1,82.3
1747231882715,6.3,0.0,10.5,0.0,0.0,0.0,83.1
1747231884725,6.5,0.0,10.9,0.0,0.0,0.1,82.5
1747231886734,0.1,0.0,0.2,0.0,0.0,0.0,99.7
1747231888747,6.5,0.0,10.5,0.0,0.0,0.2,82.8
1747231890757,6.6,0.0,11.0,0.0,0.0,0.1,82.3
1747231892768,6.8,0.0,11.0,0.0,0.0,0.2,82.0
1747231894779,7.2,0.0,11.6,0.0,0.0,0.2,81.0
1747231896790,7.0,0.0,11.6,0.0,0.0,0.0,81.4
1747231898799,7.7,0.0,11.4,0.0,0.0,0.0,80.9
1747231900810,7.8,0.0,12.1,0.0,0.0,0.0,79.9
