timestamp_ms,usr%,nice%,sys%,iowait%,irq%,soft%,steal%,idle%
1747229195091,5.6,0.0,10.4,0.0,0.0,0.3,83.8
1747229197099,0.1,0.0,0.2,0.0,0.0,0.0,99.6
1747229199110,5.8,0.0,10.6,0.0,0.0,0.1,83.5
1747229201120,6.6,0.0,10.1,0.0,0.0,0.2,83.1
1747229203129,5.7,0.0,10.9,0.0,0.0,0.3,83.2
1747229205144,0.2,0.0,0.2,0.0,0.0,0.0,99.5
1747229207155,6.0,0.0,12.2,0.0,0.0,0.1,81.7
1747229209168,5.7,0.0,11.8,0.0,0.0,0.1,82.4
1747229211179,6.1,0.0,11.4,0.0,0.0,0.3,82.1
1747229213190,7.4,0.0,11.2,0.0,0.0,0.1,81.2
1747229215201,6.3,0.0,11.1,0.0,0.0,0.1,82.4
1747229217212,6.6,0.0,11.1,0.0,0.0,0.1,82.2
1747229219224,7.2,0.0,10.9,0.0,0.0,0.1,81.8
1747229221235,8.1,0.0,10.9,0.0,0.0,0.3,80.8
1747229223245,6.3,0.0,11.5,0.0,0.0,0.1,82.1
1747229225256,6.7,0.0,11.5,0.0,0.0,0.1,81.8
1747229227268,6.5,0.0,10.7,0.0,0.0,0.0,82.8
1747229229280,7.6,0.0,11.0,0.0,0.0,0.1,81.3
1747229231292,6.2,0.0,11.7,0.0,0.0,0.2,81.9
1747229233302,6.5,0.0,11.6,0.0,0.0,0.1,81.7
1747229235314,6.7,0.0,10.8,0.0,0.0,0.1,82.5
1747229237325,7.1,0.0,11.5,0.0,0.0,0.2,81.2
1747229239336,6.1,0.0,11.3,0.0,0.0,0.1,82.4
1747229241348,6.5,0.0,11.7,0.0,0.0,0.3,81.6
1747229243359,7.5,0.0,10.7,0.0,0.0,0.1,81.7
1747229245370,7.8,0.0,12.3,0.0,0.0,0.1,79.8
1747229247381,6.8,0.0,10.8,0.0,0.0,0.3,82.1
1747229249392,6.6,0.0,11.0,0.0,0.0,0.1,82.3
1747229251404,6.0,0.0,11.1,0.0,0.0,0.2,82.6
1747229253415,6.7,0.0,12.0,0.0,0.0,0.3,81.1
1747229255424,6.4,0.0,11.1,0.0,0.0,0.0,82.5
1747229257433,5.8,0.0,11.7,0.0,0.0,0.1,82.4
1747229259443,6.1,0.0,11.2,0.0,0.0,0.0,82.7
1747229261454,6.8,0.0,11.5,0.0,0.0,0.4,81.3
1747229263463,5.9,0.0,11.8,0.0,0.0,0.0,82.3
1747229265473,6.6,0.0,12.2,0.0,0.0,0.2,81.0
1747229267483,7.0,0.0,12.9,0.0,0.0,0.3,79.8
1747229269508,0.0,0.0,0.0,0.0,0.0,0.0,0.0
1747229271529,8.4,0.0,12.3,0.0,0.0,0.2,79.0
1747229273558,8.7,0.0,13.6,0.0,0.0,0.1,77.5
1747229275582,8.6,0.0,13.3,0.0,0.0,0.2,78.0
1747229277596,9.7,0.0,14.4,0.0,0.0,0.0,75.8
1747229279609,7.3,0.0,11.1,0.0,0.0,0.1,81.5
1747229281622,8.6,0.0,14.3,0.0,0.0,0.1,77.1
1747229283634,8.8,0.0,13.8,0.0,0.0,0.2,77.2
1747229285646,9.1,0.0,15.0,0.0,0.0,0.2,75.7
1747229287657,9.1,0.0,13.2,0.0,0.0,0.1,77.5
1747229289669,8.7,0.0,13.1,0.0,0.0,0.1,78.1
1747229291681,8.8,0.0,13.0,0.0,0.0,0.2,78.1
1747229293693,8.9,0.0,13.6,0.0,0.0,0.1,77.4
1747229295704,0.1,0.0,0.1,0.0,0.0,0.0,99.8
1747229297715,6.2,0.0,10.1,0.0,0.0,0.1,83.6
1747229299726,6.1,0.0,10.2,0.0,0.0,0.2,83.5
1747229301737,6.0,0.0,10.5,0.0,0.0,0.2,83.4
1747229303748,0.1,0.0,0.2,0.0,0.0,0.0,99.7
1747229305759,6.5,0.0,11.1,0.0,0.0,0.3,82.0
1747229307771,6.5,0.0,11.8,0.0,0.0,0.2,81.6
1747229309782,6.2,0.0,12.2,0.0,0.0,0.2,81.2
1747229311792,7.1,0.0,11.6,0.0,0.0,0.2,81.1
1747229313804,6.0,0.0,11.5,0.0,0.0,0.2,82.2
1747229315815,6.9,0.0,11.2,0.0,0.0,0.3,81.6
1747229317824,6.4,0.0,11.0,0.0,0.0,0.1,82.5
1747229319835,7.9,0.0,10.9,0.0,0.0,0.1,81.1
1747229321848,6.2,0.0,10.4,0.0,0.0,0.1,83.3
1747229323860,6.3,0.0,10.4,0.0,0.0,0.2,83.2
1747229325873,5.9,0.0,11.0,0.0,0.0,0.2,82.8
1747229327884,6.7,0.0,11.0,0.0,0.0,0.1,82.2
1747229329896,6.3,0.0,11.1,0.0,0.0,0.1,82.6
1747229331907,5.8,0.0,11.2,0.0,0.0,0.2,82.7
1747229333918,6.4,0.0,10.8,0.0,0.0,0.2,82.7
1747229335927,6.5,0.0,11.0,0.0,0.0,0.2,82.3
1747229337937,6.1,0.0,10.3,0.0,0.0,0.0,83.5
1747229339949,5.8,0.0,11.4,0.0,0.0,0.0,82.7
1747229341959,5.8,0.0,11.7,0.0,0.0,0.0,82.5
1747229343973,6.2,0.0,10.7,0.0,0.0,0.2,82.9
1747229345985,6.2,0.0,10.7,0.0,0.0,0.1,82.9
1747229347996,5.9,0.0,10.5,0.0,0.0,0.1,83.5
1747229350014,5.8,0.0,11.3,0.0,0.0,0.2,82.6
1747229352024,6.3,0.0,11.2,0.0,0.0,0.0,82.5
1747229354036,10.4,0.0,13.8,0.0,0.0,0.1,75.6
1747229356048,8.3,0.0,13.9,0.0,0.0,0.2,77.5
1747229358059,8.9,0.0,13.1,0.0,0.0,0.2,77.8
1747229360071,8.9,0.0,14.0,0.0,0.0,0.1,77.0
1747229362082,0.0,0.0,0.0,0.0,0.0,0.0,0.0
1747229364093,8.8,0.0,12.7,0.0,0.0,0.0,78.5
1747229366104,8.6,0.0,12.6,0.0,0.0,0.1,78.8
1747229368115,8.6,0.0,12.5,0.0,0.0,0.1,78.8
1747229370126,0.2,0.0,0.3,0.0,0.0,0.0,99.5
1747229372136,6.6,0.0,9.4,0.0,0.0,0.1,83.8
1747229374147,5.8,0.0,10.3,0.0,0.0,0.1,83.8
1747229376155,6.3,0.0,9.6,0.0,0.0,0.1,83.9
1747229378165,6.3,0.0,10.3,0.0,0.0,0.0,83.4
1747229380175,6.4,0.0,10.4,0.0,0.0,0.1,83.0
1747229382186,6.4,0.0,11.2,0.0,0.0,0.0,82.3
1747229384195,6.3,0.0,10.7,0.0,0.0,0.1,82.8
1747229386205,6.8,0.0,10.9,0.0,0.0,0.2,82.1
1747229388215,6.8,0.0,10.6,0.0,0.0,0.0,82.5
1747229390226,6.2,0.0,11.5,0.0,0.0,0.1,82.2
1747229392236,6.7,0.0,11.0,0.0,0.0,0.1,82.3
1747229394246,6.5,0.0,12.4,0.0,0.0,0.2,80.9
1747229396255,6.6,0.0,10.3,0.0,0.0,0.0,83.1
1747229398262,6.5,0.0,10.5,0.0,0.0,0.2,82.7
1747229400271,6.4,0.0,11.9,0.0,0.0,0.1,81.7
1747229402279,6.5,0.0,11.5,0.0,0.0,0.1,81.8
1747229404289,6.3,0.0,11.7,0.0,0.0,0.2,81.8
1747229406300,7.1,0.0,11.7,0.0,0.0,0.1,81.1
1747229408307,6.6,0.0,11.3,0.0,0.0,0.1,82.0
1747229410318,6.2,0.0,12.6,0.0,0.0,0.1,81.1
1747229412327,6.4,0.0,11.9,0.0,0.0,0.1,81.6
1747229414336,6.2,0.0,11.6,0.0,0.0,0.2,82.0
1747229416349,5.8,0.0,11.9,0.0,0.0,0.2,82.1
1747229418359,6.3,0.0,12.1,0.0,0.0,0.2,81.5
1747229420368,5.6,0.0,11.5,0.0,0.0,0.1,82.7
1747229422380,7.2,0.0,13.1,0.0,0.0,0.1,79.6
1747229424391,6.2,0.0,12.6,0.0,0.0,0.2,81.1
1747229426402,6.4,0.0,13.1,0.0,0.0,0.2,80.2
1747229428414,6.4,0.0,12.5,0.0,0.0,0.1,80.9
1747229430425,6.8,0.0,11.3,0.0,0.0,0.1,81.9
1747229432437,6.0,0.0,12.2,0.0,0.0,0.1,81.7
1747229434449,7.2,0.0,11.3,0.0,0.0,0.1,81.4
1747229436461,7.1,0.0,10.5,0.0,0.0,0.1,82.3
1747229438472,5.9,0.0,12.1,0.0,0.0,0.0,82.0
1747229440483,6.4,0.0,11.2,0.0,0.0,0.0,82.4
1747229442495,6.5,0.0,11.7,0.0,0.0,0.2,81.6
1747229444507,10.4,0.0,14.6,0.0,0.0,0.2,74.8
1747229446519,9.6,0.0,14.2,0.0,0.0,0.0,76.2
1747229448530,9.1,0.0,14.0,0.0,0.0,0.1,76.8
1747229450540,8.9,0.0,14.7,0.0,0.0,0.1,76.4
1747229452551,0.0,0.0,0.0,0.0,0.0,0.0,0.0
1747229454562,8.9,0.0,14.0,0.0,0.0,0.1,76.9
1747229456574,8.7,0.0,14.1,0.0,0.0,0.1,77.1
1747229458586,9.0,0.0,13.5,0.0,0.0,0.1,77.4
1747229460599,0.0,0.0,0.0,0.0,0.0,0.0,0.0
1747229462613,8.2,0.0,12.9,0.0,0.0,0.1,78.8
1747229464629,8.7,0.0,12.1,0.0,0.0,0.1,79.2
1747229466646,8.3,0.0,12.0,0.0,0.0,0.1,79.6
1747229468664,8.3,0.0,11.7,0.0,0.0,0.1,79.8
1747229470677,6.4,0.0,9.6,0.0,0.0,0.1,83.9
1747229472686,6.1,0.0,9.9,0.0,0.0,0.1,83.9
1747229474694,5.8,0.0,10.0,0.0,0.0,0.1,84.1
1747229476703,5.9,0.0,9.6,0.0,0.0,0.0,84.5
1747229478716,6.1,0.0,9.9,0.0,0.0,0.1,84.0
1747229480725,6.2,0.0,10.6,0.0,0.0,0.0,83.1
1747229482734,6.5,0.0,10.3,0.0,0.0,0.1,83.0
1747229484743,7.2,0.0,10.9,0.0,0.0,0.0,81.9
1747229486754,6.7,0.0,10.7,0.0,0.0,0.0,82.6
1747229488764,7.1,0.0,11.0,0.0,0.0,0.1,81.8
1747229490776,7.3,0.0,12.3,0.0,0.0,0.2,80.2
1747229492788,7.0,0.0,12.4,0.0,0.0,0.0,80.6
1747229494798,6.7,0.0,12.2,0.0,0.0,0.1,81.0
1747229496808,6.9,0.0,11.8,0.0,0.0,0.0,81.2
1747229498819,6.6,0.0,12.6,0.0,0.0,0.1,80.7
1747229500830,7.0,0.0,12.8,0.0,0.0,0.3,79.9
1747229502839,7.0,0.0,12.3,0.0,0.0,0.1,80.5
1747229504848,7.3,0.0,12.6,0.0,0.0,0.1,80.0
1747229506856,6.6,0.0,12.5,0.0,0.0,0.1,80.8
1747229508865,7.4,0.0,12.4,0.0,0.0,0.1,80.1
1747229510877,6.4,0.0,12.8,0.0,0.0,0.1,80.7
1747229512888,6.9,0.0,12.8,0.0,0.0,0.1,80.2
1747229514900,7.3,0.0,13.1,0.0,0.0,0.0,79.5
1747229516910,7.3,0.0,12.5,0.0,0.0,0.1,80.1
1747229518922,7.6,0.0,11.6,0.0,0.0,0.1,80.7
1747229520930,6.6,0.0,11.6,0.0,0.0,0.2,81.6
1747229522940,6.8,0.0,11.8,0.0,0.0,0.2,81.2
1747229524950,6.9,0.0,13.0,0.0,0.0,0.1,80.0
1747229526959,6.8,0.0,12.4,0.0,0.0,0.1,80.7
1747229528968,6.6,0.0,13.2,0.0,0.0,0.0,80.2
1747229530977,6.9,0.0,12.2,0.0,0.0,0.2,80.7
1747229532988,6.8,0.0,12.8,0.0,0.0,0.0,80.3
1747229534999,6.1,0.0,12.0,0.0,0.0,0.1,81.8
1747229537013,7.1,0.0,12.4,0.0,0.0,0.1,80.5
1747229539023,7.0,0.0,12.7,0.0,0.0,0.0,80.3
1747229541033,7.4,0.0,12.3,0.0,0.0,0.2,80.2
1747229543043,6.8,0.0,11.2,0.0,0.0,0.1,81.9
1747229545051,6.7,0.0,11.3,0.0,0.0,0.1,81.9
1747229547061,6.4,0.0,10.9,0.0,0.0,0.0,82.7
1747229549072,6.6,0.0,11.4,0.0,0.0,0.1,81.9
1747229551082,6.0,0.0,10.5,0.0,0.0,0.2,83.3
1747229553094,5.8,0.0,11.4,0.0,0.0,0.0,82.8
1747229555107,6.0,0.0,12.2,0.0,0.0,0.0,81.8
1747229557117,6.7,0.0,11.9,0.0,0.0,0.0,81.4
1747229559129,5.9,0.0,12.2,0.0,0.0,0.0,81.9
1747229561140,6.0,0.0,12.2,0.0,0.0,0.1,81.6
1747229563150,6.9,0.0,12.2,0.0,0.0,0.1,80.7
1747229565161,7.2,0.0,12.1,0.0,0.0,0.1,80.6
1747229567173,7.7,0.0,12.7,0.0,0.0,0.0,79.7
1747229569182,6.4,0.0,10.7,0.0,0.0,0.0,82.9
1747229571191,6.8,0.0,11.3,0.0,0.0,0.2,81.7
1747229573203,7.1,0.0,11.2,0.0,0.0,0.1,81.6
1747229575214,6.5,0.0,11.5,0.0,0.0,0.1,82.0
1747229577225,6.0,0.0,11.7,0.0,0.0,0.0,82.3
1747229579236,6.4,0.0,11.0,0.0,0.0,0.0,82.6
1747229581246,7.0,0.0,11.4,0.0,0.0,0.1,81.4
1747229583256,6.3,0.0,11.9,0.0,0.0,0.1,81.6
1747229585265,6.2,0.0,11.7,0.0,0.0,0.1,82.0
1747229587274,7.1,0.0,11.7,0.0,0.0,0.1,81.1
1747229589285,7.3,0.0,12.1,0.0,0.0,0.2,80.4
1747229591297,7.3,0.0,11.1,0.0,0.0,0.2,81.4
1747229593309,7.1,0.0,11.1,0.0,0.0,0.1,81.7
1747229595319,6.8,0.0,12.6,0.0,0.0,0.2,80.4
1747229597331,7.3,0.0,11.8,0.0,0.0,0.1,80.7
1747229599341,10.3,0.0,14.0,0.0,0.0,0.1,75.6
1747229601351,10.0,0.0,15.3,0.0,0.0,0.1,74.6
1747229603363,9.2,0.0,14.2,0.0,0.0,0.0,76.5
1747229605376,9.9,0.0,14.8,0.0,0.0,0.1,75.2
1747229607389,0.0,0.0,0.0,0.0,0.0,0.0,0.0
1747229609404,9.0,0.0,14.4,0.0,0.0,0.1,76.4
1747229611418,9.6,0.0,14.4,0.0,0.0,0.2,75.9
1747229613433,9.4,0.0,14.3,0.0,0.0,0.1,76.2
1747229615447,0.0,0.0,0.0,0.0,0.0,0.0,0.0
1747229617461,9.1,0.0,14.1,0.0,0.0,0.1,76.7
1747229619474,8.5,0.0,13.9,0.0,0.0,0.0,77.5
1747229621488,9.0,0.0,13.4,0.0,0.0,0.2,77.4
1747229623501,0.1,0.0,0.1,0.0,0.0,0.0,99.8
1747229625512,6.6,0.0,10.4,0.0,0.0,0.1,82.9
1747229627523,6.3,0.0,10.7,0.0,0.0,0.0,82.9
1747229629534,5.7,0.0,11.5,0.0,0.0,0.1,82.8
1747229631546,6.6,0.0,10.6,0.0,0.0,0.1,82.7
1747229633558,6.6,0.0,10.9,0.0,0.0,0.1,82.3
1747229635570,6.2,0.0,12.1,0.0,0.0,0.2,81.4
1747229637581,6.7,0.0,11.2,0.0,0.0,0.0,82.1
1747229639592,6.5,0.0,12.0,0.0,0.0,0.1,81.4
1747229641603,6.8,0.0,11.7,0.0,0.0,0.0,81.4
1747229643614,7.6,0.0,12.1,0.0,0.0,0.1,80.2
1747229645625,6.2,0.0,12.5,0.0,0.0,0.1,81.2
1747229647636,6.8,0.0,11.8,0.0,0.0,0.1,81.4
1747229649647,6.6,0.0,11.7,0.0,0.0,0.1,81.6
1747229651658,7.2,0.0,11.4,0.0,0.0,0.3,81.1
1747229653668,7.0,0.0,11.8,0.0,0.0,0.1,81.1
1747229655678,6.8,0.0,12.0,0.0,0.0,0.1,81.2
1747229657689,6.6,0.0,11.8,0.0,0.0,0.0,81.6
1747229659700,6.2,0.0,11.6,0.0,0.0,0.0,82.2
1747229661709,6.1,0.0,12.2,0.0,0.0,0.2,81.5
1747229663719,6.7,0.0,12.1,0.0,0.0,0.1,81.1
1747229665730,6.3,0.0,12.3,0.0,0.0,0.2,81.3
1747229667741,7.3,0.0,12.3,0.0,0.0,0.1,80.3
1747229669752,7.8,0.0,11.1,0.0,0.0,0.1,81.0
1747229671762,6.8,0.0,12.7,0.0,0.0,0.2,80.2
1747229673773,6.9,0.0,11.3,0.0,0.0,0.2,81.5
1747229675784,6.8,0.0,12.2,0.0,0.0,0.1,80.9
1747229677795,6.8,0.0,13.1,0.0,0.0,0.0,80.1
1747229679805,7.0,0.0,13.1,0.0,0.0,0.1,79.8
1747229681818,6.3,0.0,11.9,0.0,0.0,0.1,81.7
1747229683838,6.2,0.0,11.3,0.0,0.0,0.0,82.4
1747229685847,6.9,0.0,11.4,0.0,0.0,0.2,81.5
1747229687855,6.6,0.0,12.6,0.0,0.0,0.1,80.7
1747229689862,6.8,0.0,12.0,0.0,0.0,0.2,81.0
1747229691870,7.3,0.0,12.1,0.0,0.0,0.0,80.5
1747229693880,7.6,0.0,12.8,0.0,0.0,0.1,79.5
1747229695889,7.3,0.0,13.0,0.0,0.0,0.1,79.5
1747229697898,6.9,0.0,12.2,0.0,0.0,0.1,80.8
1747229699908,7.0,0.0,12.8,0.0,0.0,0.1,80.1
1747229701917,6.8,0.0,13.2,0.0,0.0,0.2,79.9
1747229703928,7.3,0.0,12.9,0.0,0.0,0.1,79.6
1747229705936,7.3,0.0,12.2,0.0,0.0,0.1,80.4
1747229707946,7.1,0.0,11.8,0.0,0.0,0.1,80.9
1747229709962,6.7,0.0,13.1,0.0,0.0,0.1,80.0
1747229711974,7.4,0.0,12.5,0.0,0.0,0.0,80.0
1747229713983,6.8,0.0,12.2,0.0,0.0,0.1,81.0
1747229715994,7.2,0.0,13.3,0.0,0.0,0.1,79.5
1747229718004,7.8,0.0,13.7,0.0,0.0,0.1,78.4
1747229720014,8.8,0.0,13.6,0.0,0.0,0.0,77.6
1747229722023,6.4,0.0,14.1,0.0,0.0,0.1,79.3
1747229724032,7.3,0.0,12.5,0.0,0.0,0.1,80.1
1747229726043,6.7,0.0,12.7,0.0,0.0,0.1,80.5
1747229728054,7.5,0.0,13.0,0.0,0.0,0.0,79.5
1747229730065,7.0,0.0,12.4,0.0,0.0,0.1,80.5
1747229732076,6.5,0.0,11.9,0.0,0.0,0.0,81.5
1747229734086,7.1,0.0,11.6,0.0,0.0,0.1,81.2
1747229736098,7.3,0.0,13.0,0.0,0.0,0.1,79.5
1747229738109,7.0,0.0,12.2,0.0,0.0,0.0,80.7
1747229740121,6.9,0.0,12.6,0.0,0.0,0.0,80.5
1747229742133,7.4,0.0,12.3,0.0,0.0,0.0,80.2
1747229744146,7.7,0.0,12.7,0.0,0.0,0.0,79.5
1747229746156,8.1,0.0,14.0,0.0,0.0,0.1,77.8
1747229748164,6.5,0.0,12.1,0.0,0.0,0.0,81.3
1747229750173,6.6,0.0,11.7,0.0,0.0,0.0,81.7
1747229752182,6.8,0.0,12.4,0.0,0.0,0.0,80.7
1747229754191,6.5,0.0,11.8,0.0,0.0,0.0,81.6
1747229756209,5.9,0.0,12.3,0.0,0.0,0.1,81.8
1747229758223,5.8,0.0,12.2,0.0,0.0,0.1,81.9
1747229760242,6.8,0.0,12.3,0.0,0.0,0.0,80.8
1747229762252,6.9,0.0,12.2,0.0,0.0,0.1,80.8
1747229764262,6.6,0.0,12.7,0.0,0.0,0.1,80.6
1747229766273,7.5,0.0,13.2,0.0,0.0,0.0,79.2
1747229768284,8.0,0.0,14.4,0.0,0.0,0.1,77.5
1747229770294,7.9,0.0,12.1,0.0,0.0,0.2,79.8
1747229772306,6.7,0.0,12.3,0.0,0.0,0.1,80.9
1747229774317,6.6,0.0,12.1,0.0,0.0,0.0,81.3
1747229776327,6.6,0.0,12.9,0.0,0.0,0.2,80.3
1747229778338,0.0,0.0,0.0,0.0,0.0,0.0,0.0
1747229780347,9.7,0.0,15.8,0.0,0.0,0.1,74.4
1747229782358,10.3,0.0,14.9,0.0,0.0,0.1,74.7
1747229784369,10.2,0.0,15.4,0.0,0.0,0.1,74.3
1747229786380,0.0,0.0,0.0,0.0,0.0,0.0,0.0
1747229788391,10.2,0.0,14.3,0.0,0.0,0.2,75.4
1747229790402,9.8,0.0,14.5,0.0,0.0,0.1,75.5
1747229792413,10.1,0.0,14.1,0.0,0.0,0.0,75.8
1747229794425,9.8,0.0,15.2,0.0,0.0,0.1,74.9
1747229796436,9.1,0.0,13.7,0.0,0.0,0.2,77.1
1747229798447,8.9,0.0,14.4,0.0,0.0,0.1,76.7
1747229800463,8.9,0.0,14.2,0.0,0.0,0.0,76.8
1747229802482,9.2,0.0,15.4,0.0,0.0,0.1,75.2
1747229804502,7.8,0.0,11.4,0.0,0.0,0.2,80.7
1747229806512,6.8,0.0,11.6,0.0,0.0,0.0,81.6
1747229808520,6.9,0.0,11.6,0.0,0.0,0.1,81.4
1747229810529,6.8,0.0,12.3,0.0,0.0,0.1,80.8
1747229812539,0.1,0.0,0.2,0.0,0.0,0.0,99.6
1747229814553,6.9,0.0,12.3,0.0,0.0,0.1,80.7
1747229816564,7.4,0.0,12.0,0.0,0.0,0.1,80.5
1747229818573,7.0,0.0,11.9,0.0,0.0,0.1,81.0
1747229820584,8.6,0.0,12.2,0.0,0.0,0.2,79.0
1747229822592,7.1,0.0,11.6,0.0,0.0,0.1,81.2
1747229824601,6.8,0.0,12.0,0.0,0.0,0.0,81.2
1747229826611,7.1,0.0,12.3,0.0,0.0,0.1,80.4
1747229828622,8.0,0.0,11.7,0.0,0.0,0.0,80.3
1747229830633,7.2,0.0,12.7,0.0,0.0,0.1,80.0
1747229832644,6.5,0.0,12.7,0.0,0.0,0.1,80.6
1747229834654,6.4,0.0,13.1,0.0,0.0,0.2,80.3
1747229836677,7.5,0.0,12.3,0.0,0.0,0.2,80.0
1747229838688,6.2,0.0,13.3,0.0,0.0,0.1,80.4
1747229840697,6.6,0.0,12.8,0.0,0.0,0.0,80.5
1747229842708,6.5,0.0,12.7,0.0,0.0,0.1,80.8
1747229844717,0.0,0.0,0.0,0.0,0.0,0.0,0.0
1747229846729,10.3,0.0,14.9,0.0,0.0,0.0,74.7
1747229848741,9.8,0.0,15.1,0.0,0.0,0.0,75.1
1747229850753,10.4,0.0,14.5,0.0,0.0,0.1,75.0
1747229852764,10.1,0.0,14.8,0.0,0.0,0.1,75.1
1747229854777,9.8,0.0,14.8,0.0,0.0,0.0,75.4
1747229856788,9.9,0.0,14.9,0.0,0.0,0.1,75.2
1747229858800,9.4,0.0,15.6,0.0,0.0,0.1,74.9
1747229860812,10.2,0.0,15.5,0.0,0.0,0.1,74.2
1747229862822,8.1,0.0,12.3,0.0,0.0,0.1,79.4
1747229864833,9.1,0.0,13.8,0.0,0.0,0.1,77.0
1747229866848,9.2,0.0,13.3,0.0,0.0,0.0,77.4
1747229868862,8.9,0.0,15.3,0.0,0.0,0.1,75.7
1747229870874,8.7,0.0,11.5,0.0,0.0,0.0,79.7
1747229872885,7.0,0.0,10.6,0.0,0.0,0.1,82.2
1747229874904,6.2,0.0,12.7,0.0,0.0,0.0,81.1
1747229876914,6.2,0.0,12.3,0.0,0.0,0.0,81.5
1747229878926,0.2,0.0,0.2,0.0,0.0,0.0,99.6
1747229880936,6.3,0.0,12.3,0.0,0.0,0.0,81.3
1747229882947,6.2,0.0,12.6,0.0,0.0,0.1,81.2
1747229884958,6.7,0.0,11.8,0.0,0.0,0.1,81.4
1747229886969,0.2,0.0,0.3,0.0,0.0,0.0,99.5
1747229888978,6.8,0.0,11.7,0.0,0.0,0.1,81.5
1747229890988,7.2,0.0,11.3,0.0,0.0,0.1,81.4
1747229892999,7.1,0.0,11.6,0.0,0.0,0.0,81.2
1747229895010,0.2,0.0,0.3,0.0,0.0,0.0,99.6
1747229897020,7.6,0.0,12.3,0.0,0.0,0.1,79.9
1747229899029,6.9,0.0,13.3,0.0,0.0,0.1,79.6
1747229901038,6.6,0.0,13.3,0.0,0.0,0.1,80.0
1747229903048,7.8,0.0,13.0,0.0,0.0,0.1,79.1
1747229905060,7.2,0.0,13.7,0.0,0.0,0.1,78.9
1747229907072,7.3,0.0,14.9,0.1,0.0,0.0,77.7
1747229909082,7.8,0.0,13.8,0.0,0.0,0.0,78.5
1747229911092,0.0,0.0,0.0,0.0,0.0,0.0,0.0
1747229913103,10.6,0.0,15.0,0.0,0.0,0.1,74.3
1747229915115,11.0,0.0,15.6,0.0,0.0,0.0,73.4
1747229917127,10.5,0.0,15.9,0.0,0.0,0.2,73.5
1747229919139,10.9,0.0,16.7,0.0,0.0,0.2,72.2
1747229921151,9.0,0.0,14.8,0.0,0.0,0.1,76.1
1747229923164,10.3,0.0,14.1,0.0,0.0,0.2,75.5
1747229925176,9.9,0.0,14.8,0.0,0.0,0.1,75.1
1747229927189,10.2,0.0,16.4,0.0,0.0,0.1,73.3
1747229929202,7.4,0.0,11.3,0.0,0.0,0.1,81.1
1747229931214,9.8,0.0,15.3,0.0,0.0,0.1,74.8
1747229933228,9.8,0.0,15.1,0.0,0.0,0.1,75.0
1747229935241,10.2,0.0,16.7,0.0,0.0,0.0,73.0
1747229937254,0.1,0.0,0.1,0.0,0.0,0.0,99.8
1747229939265,7.4,0.0,12.1,0.0,0.0,0.2,80.3
1747229941276,7.3,0.0,12.1,0.0,0.0,0.2,80.3
1747229943288,7.2,0.0,12.1,0.0,0.0,0.1,80.6
1747229945300,0.1,0.0,0.2,0.0,0.0,0.0,99.7
1747229947311,7.5,0.0,12.7,0.0,0.0,0.1,79.7
1747229949321,7.5,0.0,13.7,0.0,0.0,0.1,78.7
1747229951330,6.8,0.0,13.3,0.0,0.0,0.2,79.7
1747229953341,0.2,0.0,0.3,0.0,0.0,0.0,99.5
1747229955350,6.6,0.0,13.2,0.0,0.0,0.1,80.1
1747229957358,7.3,0.0,12.3,0.0,0.0,0.2,80.3
1747229959368,7.5,0.0,12.8,0.0,0.0,0.1,79.5
1747229961376,7.9,0.0,12.2,0.0,0.0,0.2,79.7
1747229963396,7.1,0.0,12.4,0.0,0.0,0.1,80.3
1747229965414,7.1,0.0,12.3,0.0,0.0,0.0,80.6
1747229967430,7.5,0.0,13.3,0.0,0.0,0.0,79.2
1747229969442,0.0,0.0,0.0,0.0,0.0,0.0,0.0
1747229971454,10.2,0.0,16.0,0.0,0.0,0.2,73.6
1747229973466,10.7,0.0,16.4,0.0,0.0,0.1,72.8
1747229975478,10.5,0.0,16.5,0.0,0.0,0.0,73.0
1747229977490,11.0,0.0,17.4,0.0,0.0,0.1,71.5
1747229979501,9.2,0.0,14.1,0.0,0.0,0.1,76.6
1747229981513,10.6,0.0,14.5,0.0,0.0,0.2,74.7
1747229983525,10.5,0.0,14.6,0.0,0.0,0.0,74.9
1747229985537,10.3,0.0,16.3,0.0,0.0,0.0,73.4
1747229987549,9.0,0.0,11.5,0.0,0.0,0.0,79.4
1747229989560,9.4,0.0,14.3,0.0,0.0,0.1,76.2
1747229991574,9.7,0.0,14.3,0.0,0.0,0.2,75.8
1747229993590,9.6,0.0,15.1,0.0,0.0,0.0,75.3
1747229995617,0.2,0.0,0.3,0.0,0.0,0.0,99.5
1747229997627,6.2,0.0,11.1,0.0,0.0,0.2,82.5
1747229999637,7.1,0.0,11.7,0.0,0.0,0.1,81.2
1747230001648,6.7,0.0,11.7,0.0,0.0,0.2,81.4
1747230003659,0.1,0.0,0.2,0.0,0.0,0.0,99.6
1747230005670,6.5,0.0,13.3,0.0,0.0,0.1,80.1
1747230007682,8.1,0.0,13.4,0.0,0.0,0.1,78.3
1747230009693,7.0,0.0,13.4,0.0,0.0,0.1,79.5
1747230011705,8.1,0.0,13.1,0.0,0.0,0.3,78.5
1747230013717,7.2,0.0,12.0,0.0,0.0,0.0,80.8
1747230015728,7.1,0.0,12.3,0.0,0.0,0.1,80.6
1747230017738,6.4,0.0,12.7,0.0,0.0,0.0,80.8
1747230019749,7.6,0.0,12.6,0.0,0.0,0.1,79.7
1747230021759,7.0,0.0,13.2,0.0,0.0,0.3,79.5
1747230023768,6.4,0.0,12.6,0.0,0.0,0.2,80.8
1747230025778,6.9,0.0,12.0,0.0,0.0,0.1,81.0
1747230027786,7.8,0.0,12.6,0.0,0.0,0.1,79.4
1747230029807,6.8,0.0,11.7,0.0,0.0,0.0,81.5
1747230031817,7.0,0.0,12.8,0.0,0.0,0.2,80.0
1747230033828,6.6,0.0,13.6,0.0,0.0,0.2,79.6
1747230035840,7.6,0.0,11.5,0.0,0.0,0.1,80.8
1747230037851,6.9,0.0,11.8,0.0,0.0,0.0,81.2
1747230039862,6.5,0.0,12.8,0.0,0.0,0.0,80.6
1747230041874,6.7,0.0,13.6,0.0,0.0,0.1,79.5
1747230043884,0.0,0.0,0.0,0.0,0.0,0.0,0.0
1747230045894,9.6,0.0,15.1,0.0,0.0,0.2,75.2
1747230047921,10.0,0.0,14.6,0.0,0.0,0.1,75.3
1747230049957,10.0,0.0,15.7,0.0,0.0,0.0,74.3
1747230051970,10.5,0.0,16.2,0.0,0.0,0.2,73.1
1747230053985,8.7,0.0,13.6,0.0,0.0,0.1,77.6
1747230055995,9.9,0.0,14.9,0.0,0.0,0.2,75.0
1747230058011,9.7,0.0,15.6,0.0,0.0,0.1,74.7
1747230060024,10.3,0.0,16.7,0.0,0.0,0.1,72.8
1747230062036,10.0,0.0,15.0,0.0,0.0,0.1,74.9
1747230064048,10.0,0.0,14.7,0.0,0.0,0.1,75.2
1747230066060,9.6,0.0,15.5,0.0,0.0,0.1,74.8
1747230068072,9.6,0.0,15.6,0.0,0.0,0.1,74.7
1747230070084,0.0,0.0,0.0,0.0,0.0,0.0,0.0
1747230072096,9.3,0.0,14.6,0.0,0.0,0.2,75.9
1747230074108,8.9,0.0,14.7,0.0,0.0,0.0,76.4
1747230076120,9.6,0.0,13.7,0.0,0.0,0.1,76.7
1747230078132,0.0,0.0,0.0,0.0,0.0,0.0,99.9
1747230080143,6.3,0.0,10.9,0.0,0.0,0.1,82.6
1747230082153,6.1,0.0,10.4,0.0,0.0,0.3,83.2
1747230084165,5.8,0.0,12.8,0.0,0.0,0.1,81.4
1747230086177,6.5,0.0,11.4,0.0,0.0,0.1,82.0
1747230088189,7.2,0.0,11.5,0.0,0.0,0.1,81.2
1747230090201,6.9,0.0,11.8,0.0,0.0,0.1,81.2
1747230092212,6.8,0.0,12.7,0.0,0.0,0.2,80.4
1747230094224,7.0,0.0,12.5,0.0,0.0,0.1,80.5
1747230096235,7.4,0.0,12.0,0.0,0.0,0.2,80.3
1747230098246,6.6,0.0,12.6,0.0,0.0,0.2,80.6
1747230100258,6.4,0.0,13.4,0.0,0.0,0.1,80.1
1747230102269,7.0,0.0,12.4,0.0,0.0,0.1,80.5
1747230104280,7.2,0.0,12.2,0.0,0.0,0.2,80.4
1747230106290,6.2,0.0,12.7,0.0,0.0,0.1,80.9
1747230108303,7.3,0.0,11.7,0.0,0.0,0.1,80.9
1747230110315,7.0,0.0,12.4,0.0,0.0,0.0,80.6
1747230112323,7.2,0.0,13.3,0.0,0.0,0.3,79.2
1747230114339,7.7,0.0,12.5,0.0,0.0,0.1,79.6
1747230116350,8.2,0.0,13.4,0.0,0.0,0.3,78.1
1747230118361,8.2,0.0,14.9,0.0,0.0,0.1,76.8
1747230120373,9.1,0.0,14.2,0.0,0.0,0.1,76.6
1747230122385,8.0,0.0,13.7,0.0,0.0,0.4,78.0
1747230124395,7.5,0.0,14.0,0.0,0.0,0.3,78.2
1747230126406,8.2,0.0,14.6,0.0,0.0,0.2,77.0
1747230128415,8.7,0.0,14.0,0.0,0.0,0.2,77.1
1747230130425,8.1,0.0,14.0,0.0,0.0,0.1,77.8
1747230132434,8.0,0.0,13.9,0.0,0.0,0.1,78.0
1747230134446,7.7,0.0,15.0,0.1,0.0,0.1,77.2
1747230136457,9.1,0.0,14.2,0.0,0.0,0.1,76.6
1747230138466,8.1,0.0,15.3,0.0,0.0,0.2,76.5
1747230140477,8.3,0.0,14.1,0.0,0.0,0.1,77.5
1747230142488,8.7,0.0,14.7,0.0,0.0,0.1,76.5
1747230144498,8.0,0.0,15.4,0.0,0.0,0.0,76.5
1747230146508,8.1,0.0,14.0,0.0,0.0,0.1,77.8
1747230148528,7.4,0.0,14.4,0.0,0.0,0.2,78.0
1747230150542,7.8,0.0,13.3,0.0,0.0,0.1,78.7
1747230152566,8.3,0.0,12.2,0.0,0.0,0.1,79.5
1747230154580,7.5,0.0,13.2,0.1,0.0,0.1,79.1
1747230156592,7.3,0.0,12.6,0.0,0.0,0.1,80.0
1747230158604,8.2,0.0,13.4,0.0,0.0,0.1,78.2
1747230160614,8.3,0.0,13.1,0.0,0.0,0.1,78.5
1747230162625,7.2,0.0,14.5,0.0,0.0,0.1,78.2
1747230164636,8.2,0.0,14.1,0.0,0.0,0.1,77.6
1747230166647,8.4,0.0,14.9,0.0,0.0,0.1,76.6
1747230168659,8.2,0.0,13.7,0.0,0.0,0.1,78.0
1747230170669,8.5,0.0,13.2,0.1,0.0,0.1,78.3
1747230172680,8.1,0.0,13.8,0.0,0.0,0.1,77.9
1747230174690,9.1,0.0,14.0,0.0,0.0,0.1,76.7
1747230176699,8.6,0.0,13.2,0.0,0.0,0.2,78.0
1747230178708,7.2,0.0,14.6,0.0,0.0,0.1,78.0
1747230180728,7.2,0.0,13.8,0.1,0.0,0.0,79.0
1747230182741,8.1,0.0,13.8,0.0,0.0,0.1,78.0
1747230184751,7.4,0.0,13.1,0.0,0.0,0.1,79.4
1747230186763,7.4,0.0,13.7,0.0,0.0,0.1,78.8
1747230188775,7.6,0.0,14.3,0.0,0.0,0.1,78.0
1747230190786,8.1,0.0,15.0,0.1,0.0,0.1,76.6
1747230192797,8.2,0.0,14.4,0.0,0.0,0.1,77.3
1747230194807,7.6,0.0,14.7,0.0,0.0,0.1,77.7
1747230196819,8.0,0.0,13.8,0.0,0.0,0.3,78.0
1747230198830,8.2,0.0,14.3,0.0,0.0,0.1,77.4
1747230200842,8.8,0.0,13.8,0.1,0.0,0.1,77.2
1747230202853,7.2,0.0,14.5,0.0,0.0,0.1,78.2
1747230204864,8.2,0.0,13.0,0.0,0.0,0.1,78.7
1747230206875,8.0,0.0,13.8,0.0,0.0,0.1,78.1
1747230208887,8.3,0.0,13.1,0.0,0.0,0.1,78.5
1747230210897,7.3,0.0,14.3,0.0,0.0,0.1,78.3
1747230212907,7.9,0.0,13.5,0.0,0.0,0.1,78.6
1747230214919,7.4,0.0,14.8,0.0,0.0,0.1,77.7
1747230216929,11.5,0.0,15.1,0.0,0.0,0.2,73.2
1747230218945,10.3,0.0,16.5,0.0,0.0,0.0,73.1
1747230221000,11.6,0.0,16.2,0.0,0.0,0.2,72.0
1747230223015,11.7,0.0,16.1,0.0,0.0,0.1,72.1
1747230225036,0.0,0.0,0.0,0.0,0.0,0.0,0.0
1747230227054,10.4,0.0,15.3,0.0,0.0,0.1,74.3
1747230229075,11.2,0.0,15.9,0.0,0.0,0.0,72.9
1747230231087,11.4,0.0,17.1,0.0,0.0,0.0,71.4
1747230233098,0.0,0.0,0.0,0.0,0.0,0.0,0.0
1747230235110,11.0,0.0,15.6,0.0,0.0,0.0,73.3
1747230237121,10.7,0.0,15.9,0.0,0.0,0.1,73.3
1747230239133,10.4,0.0,16.2,0.0,0.0,0.1,73.4
1747230241145,10.8,0.0,15.0,0.0,0.0,0.1,74.1
1747230243159,7.6,0.0,12.6,0.0,0.0,0.2,79.7
1747230245167,7.2,0.0,12.3,0.0,0.0,0.0,80.4
1747230247178,7.2,0.0,13.2,0.0,0.0,0.2,79.5
1747230249189,7.3,0.0,12.8,0.0,0.0,0.0,79.9
1747230251199,6.6,0.0,12.9,0.0,0.0,0.1,80.4
1747230253210,6.4,0.0,13.6,0.0,0.0,0.1,79.9
1747230255222,6.5,0.0,13.1,0.0,0.0,0.1,80.2
1747230257238,7.6,0.0,14.2,0.0,0.0,0.1,78.0
1747230259250,6.9,0.0,13.1,0.0,0.0,0.0,79.9
1747230261260,7.0,0.0,13.6,0.0,0.0,0.1,79.4
1747230263272,7.6,0.0,13.4,0.0,0.0,0.1,78.9
1747230265284,9.1,0.0,13.5,0.0,0.0,0.2,77.2
1747230267296,6.8,0.0,12.8,0.0,0.0,0.1,80.3
1747230269307,7.1,0.0,13.8,0.0,0.0,0.1,79.0
1747230271318,7.0,0.0,14.2,0.0,0.0,0.0,78.8
1747230273331,7.3,0.0,14.4,0.0,0.0,0.0,78.2
1747230275343,7.2,0.0,14.1,0.0,0.0,0.0,78.7
1747230277354,7.0,0.0,13.2,0.0,0.0,0.1,79.6
1747230279364,7.3,0.0,13.3,0.0,0.0,0.0,79.4
1747230281373,7.2,0.0,13.0,0.0,0.0,0.0,79.7
1747230283388,7.2,0.0,13.5,0.0,0.0,0.0,79.3
1747230285403,7.5,0.0,12.5,0.0,0.0,0.0,80.0
1747230287421,8.1,0.0,13.2,0.0,0.0,0.1,78.6
1747230289433,7.8,0.0,12.9,0.0,0.0,0.1,79.2
1747230291444,7.3,0.0,12.7,0.0,0.0,0.1,79.9
1747230293456,7.9,0.0,12.9,0.0,0.0,0.0,79.1
1747230295468,7.1,0.0,12.8,0.0,0.0,0.0,80.1
1747230297480,7.6,0.0,13.2,0.0,0.0,0.1,79.2
1747230299491,8.0,0.0,12.5,0.0,0.0,0.0,79.5
1747230301503,7.5,0.0,13.0,0.0,0.0,0.1,79.4
1747230303515,7.6,0.0,12.9,0.0,0.0,0.1,79.4
1747230305527,7.5,0.0,13.9,0.0,0.0,0.1,78.5
1747230307538,7.0,0.0,13.6,0.0,0.0,0.0,79.3
1747230309550,7.8,0.0,13.9,0.0,0.0,0.0,78.2
1747230311561,7.7,0.0,13.8,0.0,0.0,0.0,78.5
1747230313573,7.5,0.0,14.1,0.0,0.0,0.2,78.2
1747230315583,7.5,0.0,13.6,0.0,0.0,0.1,78.9
1747230317592,7.5,0.0,12.9,0.0,0.0,0.1,79.5
1747230319602,7.5,0.0,12.5,0.0,0.0,0.1,79.9
1747230321611,7.4,0.0,12.1,0.2,0.0,0.2,80.1
1747230323626,6.6,0.0,12.9,0.0,0.0,0.0,80.4
1747230325643,6.2,0.0,13.4,0.0,0.0,0.1,80.3
1747230327653,7.4,0.0,12.8,0.0,0.0,0.1,79.7
1747230329665,7.5,0.0,12.9,0.0,0.0,0.1,79.4
1747230331676,6.9,0.0,13.7,0.1,0.0,0.2,79.1
1747230333687,7.7,0.0,13.7,0.0,0.0,0.1,78.5
1747230335699,8.0,0.0,13.0,0.0,0.0,0.0,79.0
1747230337710,8.6,0.0,13.2,0.0,0.0,0.0,78.2
1747230339722,8.5,0.0,12.8,0.0,0.0,0.0,78.6
1747230341733,7.3,0.0,14.5,0.1,0.0,0.2,78.0
1747230343744,7.8,0.0,14.1,0.0,0.0,0.0,78.0
1747230345754,7.3,0.0,13.9,0.0,0.0,0.1,78.7
1747230347768,7.2,0.0,13.2,0.0,0.0,0.2,79.4
1747230349778,6.8,0.0,13.1,0.0,0.0,0.1,80.0
1747230351798,7.5,0.0,12.1,0.0,0.0,0.2,80.2
1747230353808,7.5,0.0,14.8,0.0,0.0,0.0,77.7
1747230355819,8.1,0.0,12.8,0.0,0.0,0.1,79.1
1747230357830,7.7,0.0,11.9,0.0,0.0,0.1,80.3
1747230359839,7.1,0.0,12.1,0.0,0.0,0.0,80.7
1747230361850,7.3,0.0,12.8,0.0,0.0,0.3,79.6
1747230363861,7.8,0.0,11.9,0.0,0.0,0.1,80.3
1747230365872,6.9,0.0,13.1,0.0,0.0,0.0,80.0
1747230367883,6.8,0.0,14.6,0.0,0.0,0.0,78.5
1747230369894,7.8,0.0,13.4,0.0,0.0,0.1,78.8
1747230371905,7.8,0.0,12.3,0.0,0.0,0.1,79.7
1747230373915,7.8,0.0,12.4,0.0,0.0,0.1,79.8
1747230375927,7.6,0.0,13.6,0.0,0.0,0.1,78.8
1747230377938,8.2,0.0,13.2,0.0,0.0,0.0,78.6
1747230379950,8.0,0.0,13.2,0.0,0.0,0.1,78.6
1747230381959,8.0,0.0,12.4,0.0,0.0,0.1,79.5
1747230383970,7.1,0.0,12.2,0.0,0.0,0.1,80.7
1747230385981,7.6,0.0,12.3,0.0,0.0,0.1,80.0
1747230387990,7.7,0.0,12.3,0.0,0.0,0.1,79.9
1747230390001,7.4,0.0,12.9,0.0,0.0,0.0,79.7
1747230392012,7.8,0.0,12.9,0.0,0.0,0.2,79.0
1747230394022,7.5,0.0,13.6,0.0,0.0,0.0,78.8
1747230396038,8.1,0.0,12.5,0.0,0.0,0.2,79.1
1747230398048,7.9,0.0,12.4,0.0,0.0,0.1,79.6
1747230400057,7.2,0.0,12.8,0.0,0.0,0.0,79.9
1747230402068,7.7,0.0,12.8,0.0,0.0,0.2,79.3
1747230404081,8.3,0.0,13.4,0.0,0.0,0.1,78.2
1747230406093,8.3,0.0,12.6,0.0,0.0,0.2,78.9
1747230408103,8.0,0.0,13.7,0.0,0.0,0.1,78.2
1747230410114,8.0,0.0,14.6,0.0,0.0,0.1,77.3
1747230412122,8.2,0.0,13.8,0.0,0.0,0.2,77.8
1747230414131,7.5,0.0,13.3,0.0,0.0,0.1,79.1
1747230416139,7.1,0.0,13.4,0.0,0.0,0.2,79.3
1747230418153,7.1,0.0,14.1,0.0,0.0,0.1,78.8
1747230420164,9.4,0.0,12.6,0.0,0.0,0.0,77.9
1747230422178,7.8,0.0,12.9,0.0,0.0,0.1,79.1
1747230424189,7.5,0.0,13.9,0.0,0.0,0.1,78.5
1747230426199,7.2,0.0,13.5,0.0,0.0,0.1,79.1
1747230428211,8.2,0.0,12.9,0.0,0.0,0.1,78.8
1747230430222,7.4,0.0,13.4,0.0,0.0,0.1,79.1
1747230432234,8.1,0.0,14.4,0.0,0.0,0.1,77.4
1747230434244,7.8,0.0,13.7,0.0,0.0,0.1,78.4
1747230436256,8.6,0.0,12.4,0.0,0.0,0.2,78.8
1747230438266,7.6,0.0,12.6,0.0,0.0,0.0,79.7
1747230440276,6.7,0.0,14.0,0.0,0.0,0.0,79.3
1747230442286,8.1,0.0,12.8,0.0,0.0,0.2,78.9
1747230444298,8.7,0.0,12.9,0.0,0.0,0.0,78.4
1747230446308,8.0,0.0,12.9,0.0,0.0,0.1,79.0
1747230448320,7.7,0.0,13.5,0.0,0.0,0.2,78.6
1747230450331,8.0,0.0,13.1,0.0,0.0,0.0,78.9
1747230452343,8.4,0.0,13.8,0.0,0.0,0.1,77.6
1747230454354,8.2,0.0,13.2,0.0,0.0,0.0,78.5
1747230456365,7.2,0.0,14.0,0.0,0.0,0.1,78.7
1747230458376,8.3,0.0,13.1,0.0,0.0,0.0,78.6
1747230460387,9.8,0.0,13.2,0.0,0.0,0.1,76.9
1747230462398,7.8,0.0,12.7,0.0,0.0,0.1,79.4
1747230464409,7.8,0.0,12.6,0.0,0.0,0.1,79.5
1747230466418,8.1,0.0,13.8,0.0,0.0,0.2,77.9
1747230468427,8.4,0.0,13.2,0.0,0.0,0.1,78.3
1747230470435,7.3,0.0,13.0,0.0,0.0,0.1,79.6
1747230472443,7.3,0.0,12.9,0.0,0.0,0.2,79.6
1747230474454,7.4,0.0,12.7,0.0,0.0,0.1,79.8
1747230476462,8.5,0.0,12.3,0.0,0.0,0.2,79.0
1747230478474,7.8,0.0,12.8,0.0,0.0,0.0,79.3
1747230480484,7.8,0.0,13.8,0.0,0.0,0.1,78.2
1747230482495,8.0,0.0,12.8,0.0,0.0,0.1,79.0
1747230484508,8.3,0.0,12.5,0.0,0.0,0.1,79.1
1747230486515,7.3,0.0,13.2,0.0,0.0,0.1,79.5
1747230488529,7.2,0.0,13.0,0.0,0.0,0.0,79.8
1747230490545,7.0,0.0,13.4,0.0,0.0,0.0,79.6
1747230492554,8.4,0.0,13.3,0.0,0.0,0.1,78.2
1747230494563,6.5,0.0,14.0,0.0,0.0,0.1,79.4
1747230496574,7.7,0.0,13.3,0.0,0.0,0.1,79.0
1747230498585,7.3,0.0,14.2,0.0,0.0,0.0,78.5
1747230500597,8.1,0.0,13.3,0.0,0.0,0.1,78.6
1747230502608,8.0,0.0,13.9,0.0,0.0,0.2,77.9
1747230504619,8.1,0.0,13.3,0.0,0.0,0.1,78.5
1747230506629,8.2,0.0,13.9,0.0,0.0,0.1,77.8
1747230508639,7.8,0.0,14.3,0.0,0.0,0.1,77.8
1747230510651,7.5,0.0,13.8,0.0,0.0,0.1,78.5
1747230512662,7.7,0.0,14.1,0.0,0.0,0.1,78.1
1747230514672,7.7,0.0,13.3,0.0,0.0,0.1,78.9
1747230516683,8.0,0.0,13.0,0.0,0.0,0.2,78.8
1747230518693,7.9,0.0,13.5,0.0,0.0,0.2,78.4
1747230520702,7.6,0.0,13.4,0.0,0.0,0.0,78.9
1747230522712,7.4,0.0,13.7,0.0,0.0,0.1,78.8
1747230524723,7.7,0.0,13.4,0.0,0.0,0.1,78.8
1747230526732,7.7,0.0,13.0,0.0,0.0,0.2,79.2
1747230528744,7.8,0.0,13.3,0.0,0.0,0.1,78.7
1747230530756,8.3,0.0,13.9,0.0,0.0,0.1,77.7
1747230532767,8.7,0.0,14.5,0.0,0.0,0.0,76.8
1747230534779,8.9,0.0,14.4,0.0,0.0,0.1,76.5
1747230536790,8.1,0.0,13.0,0.0,0.0,0.1,78.8
1747230538800,8.2,0.0,13.4,0.0,0.0,0.1,78.2
1747230540811,7.6,0.0,13.6,0.0,0.0,0.1,78.7
1747230542821,7.9,0.0,13.9,0.0,0.0,0.1,78.1
1747230544831,7.1,0.0,13.6,0.0,0.0,0.1,79.2
1747230546841,7.2,0.0,14.3,0.0,0.0,0.2,78.2
1747230548852,7.9,0.0,13.3,0.0,0.0,0.0,78.7
1747230550860,6.9,0.0,14.1,0.0,0.0,0.1,78.9
1747230552873,7.8,0.0,12.8,0.0,0.0,0.1,79.3
1747230554884,7.7,0.0,12.7,0.0,0.0,0.0,79.5
1747230556895,7.1,0.0,14.0,0.0,0.0,0.2,78.8
1747230558906,9.8,0.0,14.4,0.0,0.0,0.1,75.7
1747230560914,9.4,0.0,15.6,0.0,0.0,0.0,75.0
1747230562923,9.1,0.0,14.4,0.0,0.0,0.1,76.4
1747230564935,8.0,0.0,13.4,0.0,0.0,0.0,78.6
1747230566945,11.3,0.0,15.3,0.0,0.0,0.2,73.2
1747230568954,11.3,0.0,17.3,0.0,0.0,0.1,71.3
1747230570966,11.8,0.0,17.3,0.0,0.0,0.0,70.9
1747230572977,11.6,0.0,17.6,0.0,0.0,0.1,70.8
1747230574989,0.0,0.0,0.0,0.0,0.0,0.0,0.0
1747230577001,11.2,0.0,16.3,0.0,0.0,0.1,72.3
1747230579012,11.1,0.0,15.6,0.0,0.0,0.0,73.3
1747230581023,11.0,0.0,15.6,0.0,0.0,0.1,73.4
1747230583033,0.0,0.0,0.0,0.0,0.0,0.0,0.0
1747230585042,10.3,0.0,15.1,0.0,0.0,0.1,74.5
1747230587054,10.2,0.0,15.2,0.0,0.0,0.1,74.5
1747230589064,10.2,0.0,15.7,0.0,0.0,0.1,74.0
1747230591077,10.2,0.0,14.4,0.0,0.0,0.0,75.4
1747230593089,7.6,0.0,10.9,0.0,0.0,0.1,81.3
1747230595097,7.8,0.0,11.3,0.0,0.0,0.1,80.8
1747230597106,7.6,0.0,11.9,0.0,0.0,0.2,80.3
1747230599117,7.4,0.0,11.8,0.0,0.0,0.1,80.7
1747230601128,7.5,0.0,13.5,0.0,0.0,0.2,78.8
1747230603139,7.6,0.0,13.1,0.0,0.0,0.2,79.1
1747230605149,8.1,0.0,13.6,0.0,0.0,0.1,78.2
1747230607157,8.1,0.0,13.9,0.0,0.0,0.1,77.8
1747230609166,8.2,0.0,13.9,0.0,0.0,0.0,77.8
1747230611176,8.3,0.0,14.2,0.0,0.0,0.1,77.4
1747230613187,8.5,0.0,14.4,0.0,0.0,0.1,77.0
1747230615197,7.8,0.0,15.2,0.0,0.0,0.1,77.0
1747230617208,8.0,0.0,13.4,0.0,0.0,0.2,78.4
1747230619216,7.9,0.0,14.4,0.0,0.0,0.2,77.5
1747230621228,8.0,0.0,14.4,0.0,0.0,0.0,77.6
1747230623239,8.4,0.0,14.2,0.0,0.0,0.1,77.3
1747230625250,8.4,0.0,13.7,0.0,0.0,0.0,77.9
1747230627261,8.1,0.0,14.2,0.0,0.0,0.0,77.7
1747230629272,8.2,0.0,15.4,0.0,0.0,0.0,76.3
1747230631282,8.3,0.0,15.4,0.0,0.0,0.1,76.1
1747230633293,8.3,0.0,13.9,0.0,0.0,0.1,77.6
1747230635304,7.5,0.0,15.9,0.0,0.0,0.0,76.5
1747230637314,9.1,0.0,14.4,0.0,0.0,0.1,76.3
1747230639325,7.8,0.0,14.1,0.0,0.0,0.2,77.9
1747230641336,7.9,0.0,13.8,0.0,0.0,0.0,78.3
1747230643346,7.6,0.0,14.2,0.0,0.0,0.1,78.1
1747230645356,7.6,0.0,13.7,0.0,0.0,0.0,78.7
1747230647367,8.5,0.0,15.1,0.0,0.0,0.2,76.2
1747230649378,8.7,0.0,12.6,0.0,0.0,0.1,78.7
1747230651389,7.6,0.0,13.2,0.0,0.0,0.0,79.2
1747230653400,7.4,0.0,13.2,0.0,0.0,0.0,79.5
1747230655410,7.7,0.0,13.4,0.0,0.0,0.1,78.8
1747230657420,8.6,0.0,13.0,0.0,0.0,0.1,78.3
1747230659428,7.7,0.0,12.5,0.0,0.0,0.1,79.7
1747230661436,6.8,0.0,13.6,0.0,0.0,0.1,79.6
1747230663442,7.8,0.0,13.0,0.0,0.0,0.0,79.1
1747230665458,7.8,0.0,14.5,0.0,0.0,0.0,77.6
1747230667473,7.5,0.0,13.7,0.0,0.0,0.2,78.6
1747230669482,8.0,0.0,13.7,0.0,0.0,0.0,78.2
1747230671495,8.3,0.0,13.0,0.0,0.0,0.0,78.7
1747230673506,8.9,0.0,13.6,0.0,0.0,0.0,77.5
1747230675521,7.5,0.0,12.1,0.0,0.0,0.1,80.3
1747230677531,6.8,0.0,12.8,0.0,0.0,0.1,80.3
1747230679546,7.7,0.0,13.8,0.0,0.0,0.0,78.4
1747230681557,8.7,0.0,12.8,0.0,0.0,0.0,78.5
1747230683568,7.7,0.0,12.9,0.0,0.0,0.0,79.4
1747230685580,7.4,0.0,13.8,0.0,0.0,0.0,78.7
1747230687590,7.4,0.0,14.8,0.0,0.0,0.1,77.6
1747230689599,8.6,0.0,13.7,0.0,0.0,0.0,77.8
1747230691610,8.4,0.0,14.8,0.0,0.0,0.0,76.8
1747230693622,9.2,0.0,15.3,0.0,0.0,0.1,75.4
1747230695633,8.4,0.0,14.3,0.0,0.0,0.1,77.1
1747230697645,8.3,0.0,13.1,0.0,0.0,0.2,78.4
1747230699654,7.6,0.0,13.3,0.0,0.0,0.2,78.9
1747230701664,8.0,0.0,12.9,0.0,0.0,0.0,79.1
1747230703674,7.8,0.0,13.4,0.0,0.0,0.0,78.8
1747230705684,7.6,0.0,13.9,0.0,0.0,0.1,78.4
1747230707692,7.3,0.0,13.0,0.0,0.0,0.1,79.7
1747230709702,7.6,0.0,12.4,0.0,0.0,0.0,79.9
1747230711712,7.3,0.0,14.0,0.0,0.0,0.0,78.7
1747230713722,8.7,0.0,12.8,0.0,0.0,0.2,78.4
1747230715732,7.8,0.0,14.0,0.0,0.0,0.0,78.2
1747230717744,7.9,0.0,13.7,0.0,0.0,0.2,78.3
1747230719755,8.9,0.0,14.2,0.0,0.0,0.2,76.7
1747230721764,9.4,0.0,13.8,0.0,0.0,0.0,76.8
1747230723775,7.6,0.0,13.3,0.0,0.0,0.1,79.0
1747230725784,7.9,0.0,13.1,0.0,0.0,0.1,78.9
1747230727792,7.5,0.0,13.8,0.0,0.0,0.1,78.7
1747230729816,0.0,0.0,0.0,0.0,0.0,0.0,0.0
1747230731860,9.9,0.0,16.2,0.0,0.0,0.0,73.8
1747230733913,11.7,0.0,16.5,0.0,0.0,0.1,71.7
1747230735927,11.2,0.0,16.8,0.0,0.0,0.0,72.1
1747230737954,11.0,0.0,15.7,0.0,0.0,0.1,73.2
1747230739967,10.2,0.0,15.7,3.6,0.0,0.0,70.6
1747230741980,10.6,0.0,15.5,0.0,0.0,0.0,73.9
1747230743993,10.7,0.0,15.7,0.0,0.0,0.0,73.5
1747230746006,10.5,0.0,16.5,1.9,0.0,0.0,71.0
1747230748017,8.8,0.0,12.6,0.0,0.0,0.0,78.7
1747230750029,10.8,0.0,15.2,0.0,0.0,0.1,74.0
1747230752040,11.2,0.0,15.3,0.0,0.0,0.1,73.4
1747230754052,11.4,0.0,16.6,0.0,0.0,0.1,71.9
1747230756063,8.0,0.0,11.9,0.0,0.0,0.0,80.1
1747230758075,7.5,0.0,11.3,0.0,0.0,0.0,81.2
1747230760087,7.2,0.0,12.4,0.0,0.0,0.0,80.3
1747230762099,7.8,0.0,12.0,0.0,0.0,0.1,80.1
1747230764110,0.2,0.0,0.3,0.0,0.0,0.0,99.5
1747230766121,7.5,0.0,12.8,0.0,0.0,0.1,79.6
1747230768133,7.2,0.0,13.1,0.0,0.0,0.1,79.7
1747230770145,7.7,0.0,13.4,0.0,0.0,0.1,78.7
1747230772156,0.2,0.0,0.2,0.0,0.0,0.0,99.6
1747230774167,8.0,0.0,13.2,0.0,0.0,0.1,78.7
1747230776178,7.7,0.0,14.4,0.0,0.0,0.1,77.8
1747230778188,8.5,0.0,13.8,0.0,0.0,0.1,77.6
1747230780198,9.9,0.0,14.6,0.0,0.0,0.1,75.4
1747230782208,7.7,0.0,13.8,0.0,0.0,0.2,78.3
1747230784217,8.4,0.0,14.9,0.0,0.0,0.1,76.6
1747230786227,7.8,0.0,13.7,0.0,0.0,0.1,78.4
1747230788236,8.3,0.0,13.2,0.0,0.0,0.1,78.4
1747230790245,7.2,0.0,13.5,0.0,0.0,0.0,79.2
1747230792257,8.2,0.0,14.3,0.0,0.0,0.1,77.4
1747230794267,8.0,0.0,13.7,0.0,0.0,0.1,78.2
1747230796278,7.7,0.0,14.1,0.0,0.0,0.0,78.2
1747230798292,7.3,0.0,13.2,0.0,0.0,0.1,79.5
1747230800320,6.9,0.0,13.4,0.0,0.0,0.1,79.6
1747230802350,7.5,0.0,13.2,0.0,0.0,0.2,79.1
1747230804366,0.0,0.0,0.0,0.0,0.0,0.0,0.0
1747230806377,11.0,0.0,18.1,0.0,0.0,0.0,70.8
1747230808386,11.0,0.0,16.7,0.0,0.0,0.0,72.3
1747230810396,10.9,0.0,16.6,0.0,0.0,0.0,72.5
1747230812405,11.3,0.0,17.8,0.0,0.0,0.1,70.8
1747230814415,9.2,0.0,14.1,0.0,0.0,0.1,76.6
1747230816424,10.7,0.0,16.5,0.0,0.0,0.0,72.7
1747230818436,10.9,0.0,16.1,0.0,0.0,0.0,73.0
1747230820449,11.5,0.0,17.2,0.0,0.0,0.1,71.2
1747230822461,10.7,0.0,14.1,0.0,0.0,0.1,75.0
1747230824472,10.0,0.0,15.1,0.0,0.0,0.1,74.8
1747230826483,10.2,0.0,14.7,0.0,0.0,0.1,75.1
1747230828493,10.3,0.0,15.5,0.0,0.0,0.1,74.1
1747230830502,0.1,0.0,0.1,0.0,0.0,0.0,99.8
1747230832510,7.1,0.0,11.6,0.0,0.0,0.1,81.2
1747230834518,7.7,0.0,10.9,0.0,0.0,0.1,81.3
1747230836525,7.0,0.0,12.0,0.0,0.0,0.1,80.9
1747230838535,0.1,0.0,0.2,0.0,0.0,0.0,99.7
1747230840546,7.8,0.0,12.2,0.0,0.0,0.1,79.9
1747230842554,7.3,0.0,12.4,0.0,0.0,0.1,80.2
1747230844563,7.7,0.0,12.7,0.0,0.0,0.0,79.6
1747230846573,0.2,0.0,0.3,0.0,0.0,0.0,99.5
1747230848583,8.7,0.0,14.5,0.0,0.0,0.1,76.7
1747230850594,8.7,0.0,13.6,0.0,0.0,0.1,77.6
1747230852602,7.5,0.0,12.5,0.0,0.0,0.1,80.0
1747230854614,7.7,0.0,14.1,0.0,0.0,0.0,78.1
1747230856623,7.3,0.0,13.1,0.0,0.0,0.0,79.6
1747230858635,7.5,0.0,12.9,0.0,0.0,0.2,79.4
1747230860648,7.6,0.0,13.6,0.0,0.0,0.1,78.8
1747230862657,8.7,0.0,14.0,0.0,0.0,0.1,77.1
1747230864667,7.6,0.0,13.8,0.0,0.0,0.1,78.5
1747230866675,8.3,0.0,13.6,0.0,0.0,0.0,78.1
1747230868684,6.9,0.0,14.3,0.0,0.0,0.1,78.7
1747230870694,8.2,0.0,14.1,0.0,0.0,0.1,77.7
1747230872703,8.1,0.0,13.6,0.0,0.0,0.2,78.2
1747230874713,7.5,0.0,13.7,0.0,0.0,0.1,78.7
1747230876722,7.3,0.0,13.9,0.0,0.0,0.1,78.7
1747230878730,7.7,0.0,14.3,0.0,0.0,0.1,77.8
1747230880740,7.4,0.0,13.5,0.0,0.0,0.1,78.9
1747230882752,7.3,0.0,13.2,0.0,0.0,0.1,79.4
1747230884761,7.2,0.0,13.2,0.0,0.0,0.2,79.5
1747230886771,8.3,0.0,13.9,0.0,0.0,0.1,77.6
1747230888778,7.8,0.0,13.3,0.0,0.0,0.1,78.8
1747230890787,7.0,0.0,13.5,0.0,0.0,0.2,79.3
1747230892798,7.3,0.0,13.8,0.0,0.0,0.2,78.7
1747230894809,8.6,0.0,13.3,0.0,0.0,0.1,78.1
1747230896820,8.1,0.0,13.8,0.0,0.0,0.0,78.1
1747230898830,8.2,0.0,14.3,0.0,0.0,0.0,77.5
1747230900841,7.2,0.0,13.1,0.0,0.0,0.2,79.5
1747230902852,8.7,0.0,13.5,0.0,0.0,0.3,77.5
1747230904862,7.1,0.0,13.1,0.0,0.0,0.0,79.8
1747230906872,7.2,0.0,13.3,0.0,0.0,0.1,79.5
1747230908881,6.8,0.0,12.9,0.0,0.0,0.0,80.2
1747230910894,0.0,0.0,0.0,0.0,0.0,0.0,0.0
1747230912953,9.5,0.0,14.4,0.0,0.0,0.1,76.0
1747230914997,10.2,0.0,17.1,0.0,0.0,0.1,72.6
1747230917011,10.7,0.0,16.3,0.0,0.0,0.1,72.8
1747230919027,11.4,0.0,16.1,0.0,0.0,0.1,72.5
1747230921042,10.0,0.0,14.5,0.0,0.0,0.0,75.5
1747230923057,10.6,0.0,15.8,0.0,0.0,0.1,73.6
1747230925077,9.8,0.0,15.8,0.0,0.0,0.0,74.5
1747230927091,10.8,0.0,17.4,0.0,0.0,0.1,71.6
1747230929102,9.9,0.0,14.7,0.0,0.0,0.1,75.3
1747230931113,10.1,0.0,16.0,0.0,0.0,0.1,73.8
1747230933124,10.2,0.0,16.1,0.0,0.0,0.2,73.5
1747230935136,10.7,0.0,16.7,0.0,0.0,0.0,72.6
1747230937148,8.4,0.0,11.7,0.0,0.0,0.1,79.8
1747230939159,6.9,0.0,11.7,0.0,0.0,0.1,81.2
1747230941170,6.9,0.0,11.9,0.0,0.0,0.0,81.1
1747230943182,7.0,0.0,12.2,0.0,0.0,0.1,80.7
1747230945192,0.1,0.0,0.2,0.0,0.0,0.0,99.6
1747230947204,6.7,0.0,13.1,0.0,0.0,0.1,80.0
1747230949215,7.4,0.0,12.6,0.0,0.0,0.1,79.9
1747230951226,7.6,0.0,12.7,0.0,0.0,0.0,79.7
1747230953237,8.7,0.0,12.3,0.0,0.0,0.2,78.8
1747230955247,8.1,0.0,12.9,0.0,0.0,0.1,78.9
1747230957262,7.8,0.0,13.0,0.0,0.0,0.2,79.0
1747230959271,8.4,0.0,14.4,0.0,0.0,0.2,76.9
1747230961282,8.7,0.0,13.2,0.0,0.0,0.1,78.0
1747230963293,6.8,0.0,15.6,0.0,0.0,0.1,77.6
1747230965302,7.3,0.0,12.8,0.0,0.0,0.0,79.8
1747230967312,7.1,0.0,13.5,0.0,0.0,0.1,79.3
1747230969320,7.8,0.0,12.2,0.0,0.0,0.1,79.9
1747230971330,7.0,0.0,12.3,0.0,0.0,0.0,80.7
1747230973342,6.1,0.0,12.8,0.0,0.0,0.0,81.1
1747230975352,6.8,0.0,12.6,0.0,0.0,0.0,80.7
1747230977361,7.2,0.0,12.9,0.0,0.0,0.1,79.8
1747230979369,6.5,0.0,12.8,0.0,0.0,0.1,80.7
1747230981379,7.8,0.0,13.0,0.0,0.0,0.1,79.1
1747230983389,7.2,0.0,12.8,0.0,0.0,0.1,79.9
1747230985401,8.3,0.0,12.8,0.0,0.0,0.2,78.7
1747230987412,7.0,0.0,12.9,0.0,0.0,0.1,80.0
1747230989423,6.8,0.0,13.8,0.0,0.0,0.1,79.3
1747230991433,7.3,0.0,13.0,0.0,0.0,0.0,79.6
1747230993444,7.8,0.0,12.7,0.0,0.0,0.2,79.3
1747230995455,7.2,0.0,12.1,0.0,0.0,0.1,80.6
1747230997466,6.7,0.0,12.6,0.0,0.0,0.0,80.7
1747230999477,7.0,0.0,12.0,0.0,0.0,0.0,80.9
1747231001488,8.3,0.0,12.8,0.0,0.0,0.1,78.9
1747231003499,8.1,0.0,12.6,0.0,0.0,0.2,79.2
1747231005509,8.0,0.0,13.9,0.0,0.0,0.0,78.0
1747231007520,7.2,0.0,12.4,0.0,0.0,0.0,80.4
1747231009530,8.1,0.0,12.1,0.0,0.0,0.2,79.7
1747231011541,7.2,0.0,11.6,0.0,0.0,0.0,81.2
1747231013552,6.8,0.0,12.3,0.0,0.0,0.1,80.8
1747231015563,7.2,0.0,12.2,0.0,0.0,0.0,80.5
1747231017574,7.6,0.0,12.6,0.0,0.0,0.0,79.7
