timestamp_ms,usr%,nice%,sys%,iowait%,irq%,soft%,steal%,idle%
1747228605272,5.3,0.0,10.1,0.0,0.0,0.1,84.6
1747228607282,5.8,0.0,10.1,0.0,0.0,0.0,84.1
1747228609294,5.3,0.0,9.8,0.0,0.0,0.1,84.7
1747228611305,5.7,0.0,9.6,0.0,0.0,0.0,84.7
1747228613316,5.9,0.0,10.1,0.0,0.0,0.0,84.0
1747228615326,5.3,0.0,10.6,0.0,0.0,0.1,84.0
1747228617338,6.8,0.0,10.5,0.0,0.0,0.2,82.5
1747228619348,5.5,0.0,11.0,0.0,0.0,0.1,83.3
1747228621359,5.5,0.0,9.9,0.0,0.0,0.0,84.5
1747228623370,5.5,0.0,10.2,0.0,0.0,0.0,84.3
1747228625381,5.5,0.0,9.3,0.0,0.0,0.2,84.9
1747228627391,5.0,0.0,9.8,0.0,0.0,0.1,85.2
1747228629401,5.1,0.0,9.9,0.0,0.0,0.0,85.0
1747228631411,5.7,0.0,10.2,0.0,0.0,0.1,84.0
1747228633421,5.6,0.0,9.6,0.0,0.0,0.2,84.7
1747228635433,5.1,0.0,9.8,0.0,0.0,0.1,85.1
1747228637444,5.1,0.0,9.6,0.0,0.0,0.1,85.2
1747228639454,5.2,0.0,10.7,0.0,0.0,0.0,84.1
1747228641464,5.9,0.0,9.8,0.0,0.0,0.0,84.3
1747228643472,6.0,0.0,9.4,0.0,0.0,0.0,84.5
1747228645482,5.6,0.0,9.8,0.0,0.0,0.1,84.5
1747228647496,5.1,0.0,10.4,0.0,0.0,0.0,84.5
1747228649512,4.2,0.0,10.3,0.0,0.0,0.1,85.4
1747228651528,5.2,0.0,9.6,0.0,0.0,0.0,85.1
1747228653545,5.5,0.0,8.9,0.0,0.0,0.1,85.5
1747228655554,5.4,0.0,9.7,0.0,0.0,0.1,84.8
1747228657565,5.6,0.0,8.7,0.0,0.0,0.1,85.6
1747228659576,5.2,0.0,9.3,0.0,0.0,0.1,85.4
1747228661588,5.2,0.0,9.4,0.0,0.0,0.1,85.2
1747228663598,5.4,0.0,9.9,0.0,0.0,0.1,84.5
1747228665609,5.1,0.0,9.1,0.0,0.0,0.2,85.6
1747228667620,5.4,0.0,9.8,0.0,0.0,0.1,84.7
1747228669630,5.4,0.0,9.6,0.0,0.0,0.1,85.0
1747228671641,6.0,0.0,12.2,0.0,0.0,0.3,81.5
1747228673652,6.3,0.0,11.3,0.0,0.0,0.2,82.2
1747228675663,5.5,0.0,9.2,0.0,0.0,0.1,85.2
1747228677675,6.0,0.0,9.1,0.0,0.0,0.0,84.8
1747228679686,5.6,0.0,10.1,0.0,0.0,0.1,84.2
1747228681697,5.4,0.0,9.8,0.0,0.0,0.2,84.7
1747228683706,5.5,0.0,9.5,0.0,0.0,0.0,85.0
1747228685717,5.4,0.0,10.0,0.0,0.0,0.2,84.4
1747228687726,5.3,0.0,10.4,0.0,0.0,0.1,84.2
1747228689736,5.1,0.0,9.8,0.0,0.0,0.2,84.9
1747228691746,5.4,0.0,9.6,0.0,0.0,0.1,84.9
1747228693757,5.0,0.0,10.8,0.0,0.0,0.0,84.2
1747228695767,6.4,0.0,9.5,0.0,0.0,0.1,83.9
1747228697778,6.5,0.0,10.2,0.0,0.0,0.1,83.2
1747228699789,6.3,0.0,9.8,0.0,0.0,0.1,83.8
1747228701799,5.5,0.0,9.5,0.0,0.0,0.2,84.8
1747228703809,5.1,0.0,10.2,0.0,0.0,0.1,84.6
1747228705820,6.0,0.0,9.5,0.0,0.0,0.2,84.2
1747228707831,5.8,0.0,9.2,0.0,0.0,0.1,84.9
1747228709843,5.7,0.0,9.2,0.0,0.0,0.1,85.0
1747228711855,5.7,0.0,9.6,0.0,0.0,0.1,84.7
1747228713866,6.0,0.0,9.8,0.0,0.0,0.1,84.0
1747228715876,4.9,0.0,10.6,0.0,0.0,0.2,84.2
1747228717887,5.2,0.0,10.6,0.0,0.0,0.1,84.1
1747228719898,6.0,0.0,9.9,0.0,0.0,0.1,84.1
1747228721908,5.3,0.0,10.0,0.0,0.0,0.0,84.7
1747228723919,4.9,0.0,10.5,0.0,0.0,0.1,84.5
1747228725927,5.5,0.0,10.4,0.0,0.0,0.3,83.8
1747228727949,5.3,0.0,10.9,0.0,0.0,0.2,83.6
1747228729962,5.1,0.0,9.9,0.0,0.0,0.3,84.7
1747228731971,5.6,0.0,9.7,0.0,0.0,0.1,84.5
1747228733979,5.5,0.0,9.6,0.0,0.0,0.2,84.7
1747228735988,5.6,0.0,10.9,0.0,0.0,0.4,83.1
1747228738000,5.3,0.0,10.4,0.0,0.0,0.0,84.2
1747228740011,6.0,0.0,10.0,0.0,0.0,0.1,83.9
1747228742021,5.2,0.0,11.0,0.0,0.0,0.1,83.7
1747228744033,5.6,0.0,11.7,0.0,0.0,0.1,82.7
1747228746044,5.8,0.0,9.8,0.0,0.0,0.1,84.3
1747228748055,5.6,0.0,10.5,0.0,0.0,0.1,83.8
1747228750067,5.5,0.0,11.1,0.0,0.0,0.1,83.3
1747228752078,6.3,0.0,10.8,0.0,0.0,0.1,82.7
1747228754090,6.4,0.0,10.7,0.0,0.0,0.1,82.8
1747228756101,6.5,0.0,10.8,0.0,0.0,0.0,82.7
1747228758112,5.3,0.0,10.8,0.0,0.0,0.1,83.8
1747228760124,5.9,0.0,10.0,0.0,0.0,0.2,83.9
1747228762135,5.7,0.0,9.8,0.0,0.0,0.1,84.4
1747228764147,5.5,0.0,9.9,0.0,0.0,0.1,84.5
1747228766159,5.6,0.0,9.6,0.0,0.0,0.1,84.7
1747228768170,5.6,0.0,9.9,0.0,0.0,0.1,84.3
1747228770182,5.6,0.0,9.7,0.0,0.0,0.1,84.5
1747228772192,5.7,0.0,9.4,0.0,0.0,0.0,84.9
1747228774204,5.2,0.0,10.1,0.0,0.0,0.1,84.5
1747228776216,5.9,0.0,9.9,0.0,0.0,0.1,84.0
1747228778228,5.9,0.0,10.2,0.0,0.0,0.1,83.8
1747228780239,6.1,0.0,9.9,0.0,0.0,0.2,83.9
1747228782251,6.0,0.0,9.9,0.0,0.0,0.0,84.0
1747228784261,5.6,0.0,10.2,0.0,0.0,0.2,84.1
1747228786272,5.7,0.0,9.5,0.0,0.0,0.1,84.7
1747228788283,5.5,0.0,10.1,0.0,0.0,0.1,84.2
1747228790295,5.2,0.0,10.7,0.0,0.0,0.2,83.9
1747228792307,5.4,0.0,11.0,0.0,0.0,0.2,83.4
1747228794318,6.3,0.0,10.0,0.0,0.0,0.2,83.5
1747228796328,5.6,0.0,10.2,0.0,0.0,0.2,84.0
1747228798338,5.3,0.0,10.4,0.0,0.0,0.1,84.2
1747228800347,5.6,0.0,10.6,0.0,0.0,0.2,83.6
1747228802365,5.3,0.0,10.5,0.0,0.0,0.1,84.0
1747228804387,5.7,0.0,9.1,0.0,0.0,0.1,85.1
1747228806402,5.9,0.0,10.2,0.0,0.0,0.0,83.9
1747228808410,6.5,0.0,11.9,0.0,0.0,0.0,81.6
1747228810423,6.7,0.0,9.5,0.0,0.0,0.2,83.5
1747228812435,8.0,0.0,13.1,0.0,0.0,0.1,78.8
1747228814446,8.0,0.0,12.1,0.0,0.0,0.1,79.8
1747228816458,8.4,0.0,11.7,0.0,0.0,0.1,79.8
1747228818469,0.0,0.0,0.0,0.0,0.0,0.0,0.0
1747228820479,7.6,0.0,11.9,0.0,0.0,0.0,80.5
1747228822491,7.7,0.0,11.6,0.0,0.0,0.1,80.6
1747228824503,8.1,0.0,11.6,0.0,0.0,0.2,80.2
1747228826516,7.7,0.0,11.8,0.0,0.0,0.2,80.3
1747228828529,7.1,0.0,11.8,0.0,0.0,0.1,80.9
1747228830541,7.5,0.0,11.3,0.0,0.0,0.2,81.0
1747228832552,6.8,0.0,12.2,0.0,0.0,0.2,80.7
1747228834563,7.8,0.0,12.3,0.0,0.0,0.1,79.8
1747228836574,5.5,0.0,9.3,0.0,0.0,0.2,85.1
1747228838585,5.8,0.0,9.4,0.0,0.0,0.2,84.6
1747228840596,5.2,0.0,10.1,0.0,0.0,0.1,84.7
1747228842608,6.2,0.0,9.3,0.0,0.0,0.1,84.4
1747228844620,6.0,0.0,10.3,0.0,0.0,0.0,83.6
1747228846632,5.4,0.0,10.3,0.0,0.0,0.1,84.2
1747228848643,5.8,0.0,10.2,0.0,0.0,0.1,83.8
1747228850654,5.8,0.0,10.9,0.0,0.0,0.3,83.0
1747228852664,0.1,0.0,0.2,0.0,0.0,0.0,99.6
1747228854675,5.9,0.0,11.2,0.0,0.0,0.2,82.6
1747228856685,5.9,0.0,10.2,0.0,0.0,0.1,83.8
1747228858695,6.4,0.0,10.6,0.0,0.0,0.0,82.9
1747228860706,0.0,0.0,0.0,0.0,0.0,0.0,0.0
1747228862717,7.5,0.0,12.3,0.0,0.0,0.1,80.1
1747228864732,7.3,0.0,12.7,0.0,0.0,0.4,79.6
1747228866745,7.6,0.0,12.2,0.0,0.0,0.1,80.1
1747228868758,7.3,0.0,12.6,0.0,0.0,0.1,80.0
1747228870770,7.1,0.0,10.8,0.0,0.0,0.2,81.9
1747228872783,7.7,0.0,11.0,0.0,0.0,0.1,81.2
1747228874796,7.4,0.0,11.7,0.0,0.0,0.1,80.8
1747228876810,8.0,0.0,12.3,0.0,0.0,0.1,79.5
1747228878822,6.8,0.0,10.7,0.0,0.0,0.2,82.3
1747228880834,7.3,0.0,11.7,0.0,0.0,0.2,80.8
1747228882846,7.7,0.0,11.0,0.0,0.0,0.1,81.2
1747228884858,8.1,0.0,12.1,0.0,0.0,0.2,79.6
1747228886869,6.3,0.0,9.3,0.0,0.0,0.3,84.1
1747228888881,5.9,0.0,9.4,0.0,0.0,0.2,84.6
1747228890891,5.9,0.0,9.4,0.0,0.0,0.2,84.4
1747228892902,5.7,0.0,10.7,0.0,0.0,0.2,83.5
1747228894912,0.1,0.0,0.2,0.0,0.0,0.0,99.7
1747228896923,5.7,0.0,10.9,0.0,0.0,0.2,83.3
1747228898932,5.8,0.0,11.1,0.0,0.0,0.0,83.1
1747228900944,6.2,0.0,10.9,0.0,0.0,0.0,82.8
1747228902953,0.0,0.0,0.0,0.0,0.0,0.0,0.0
1747228904963,7.5,0.0,14.1,0.0,0.0,0.1,78.3
1747228906974,7.9,0.0,12.7,0.0,0.0,0.1,79.3
1747228908986,7.9,0.0,12.8,0.0,0.0,0.1,79.2
1747228910998,0.0,0.0,0.0,0.0,0.0,0.0,0.0
1747228913009,7.1,0.0,12.4,0.0,0.0,0.1,80.5
1747228915021,8.1,0.0,12.0,0.0,0.0,0.2,79.8
1747228917033,7.3,0.0,12.8,0.0,0.0,0.1,79.8
1747228919045,7.5,0.0,12.7,0.0,0.0,0.2,79.7
1747228921057,5.6,0.0,9.2,0.0,0.0,0.1,85.0
1747228923067,5.8,0.0,9.4,0.0,0.0,0.0,84.7
1747228925076,5.5,0.0,9.9,0.0,0.0,0.1,84.5
1747228927085,6.0,0.0,9.7,0.0,0.0,0.2,84.1
1747228929093,5.7,0.0,10.2,0.0,0.0,0.2,83.9
1747228931101,6.1,0.0,10.1,0.0,0.0,0.2,83.7
1747228933112,5.9,0.0,10.2,0.0,0.0,0.1,83.8
1747228935127,5.8,0.0,11.1,0.0,0.0,0.2,82.9
1747228937135,5.6,0.0,11.1,0.0,0.0,0.1,83.2
1747228939142,5.5,0.0,9.6,0.0,0.0,0.1,84.8
1747228941151,5.3,0.0,10.0,1.8,0.0,0.1,82.8
1747228943159,6.3,0.0,9.8,0.0,0.0,0.0,83.9
1747228945168,5.7,0.0,10.2,0.0,0.0,0.2,83.9
1747228947177,5.4,0.0,10.5,3.6,0.0,0.1,80.4
1747228949185,5.6,0.0,10.1,0.0,0.0,0.1,84.2
1747228951195,5.9,0.0,11.1,0.0,0.0,0.1,82.9
1747228953205,5.9,0.0,10.1,0.0,0.0,0.1,83.9
1747228955214,5.3,0.0,11.3,0.0,0.0,0.2,83.2
1747228957225,5.9,0.0,10.8,0.0,0.0,0.2,83.1
1747228959237,7.0,0.0,10.8,0.0,0.0,0.2,82.1
1747228961248,6.0,0.0,9.9,0.0,0.0,0.1,84.0
1747228963258,5.7,0.0,10.1,0.0,0.0,0.2,84.1
1747228965270,5.8,0.0,10.2,0.0,0.0,0.3,83.7
1747228967282,5.6,0.0,11.1,0.0,0.0,0.2,83.2
1747228969294,5.8,0.0,10.1,0.0,0.0,0.2,83.8
1747228971304,5.6,0.0,10.0,0.0,0.0,0.2,84.2
1747228973316,5.7,0.0,9.9,0.0,0.0,0.0,84.3
1747228975327,5.8,0.0,10.5,0.0,0.0,0.4,83.2
1747228977339,5.4,0.0,10.1,0.0,0.0,0.2,84.4
1747228979351,5.5,0.0,10.3,0.0,0.0,0.1,84.1
1747228981363,5.9,0.0,10.2,0.0,0.0,0.2,83.8
1747228983374,6.1,0.0,11.4,0.0,0.0,0.2,82.3
1747228985385,6.3,0.0,9.8,0.0,0.0,0.3,83.6
1747228987396,5.9,0.0,10.3,0.0,0.0,0.2,83.6
1747228989408,5.5,0.0,10.0,0.0,0.0,0.1,84.4
1747228991418,6.0,0.0,10.6,0.0,0.0,0.2,83.2
1747228993429,5.7,0.0,10.2,0.0,0.0,0.2,83.9
1747228995440,5.3,0.0,11.2,0.0,0.0,0.3,83.2
1747228997451,5.3,0.0,11.0,0.0,0.0,0.2,83.5
1747228999461,5.8,0.0,10.2,0.0,0.0,0.1,83.9
1747229001472,6.1,0.0,10.3,0.0,0.0,0.1,83.6
1747229003482,5.1,0.0,10.6,0.0,0.0,0.1,84.2
1747229005493,5.5,0.0,10.0,0.0,0.0,0.2,84.3
1747229007503,6.2,0.0,10.4,0.0,0.0,0.1,83.3
1747229009514,6.7,0.0,10.8,0.0,0.0,0.1,82.4
1747229011525,6.8,0.0,11.4,0.0,0.0,0.0,81.8
1747229013539,5.7,0.0,9.6,0.0,0.0,0.2,84.5
1747229015568,5.3,0.0,11.2,0.0,0.0,0.2,83.3
1747229017576,5.9,0.0,9.4,0.0,0.0,0.2,84.5
1747229019585,5.7,0.0,9.4,0.0,0.0,0.1,84.8
1747229021597,5.2,0.0,9.5,0.0,0.0,0.2,85.1
1747229023615,5.3,0.0,10.4,0.0,0.0,0.2,84.0
1747229025626,5.6,0.0,10.4,0.0,0.0,0.2,83.7
1747229027635,5.7,0.0,9.6,0.0,0.0,0.2,84.5
1747229029645,5.4,0.0,10.1,0.0,0.0,0.1,84.5
1747229031656,6.0,0.0,10.4,0.0,0.0,0.0,83.6
1747229033667,6.1,0.0,10.1,0.0,0.0,0.1,83.6
1747229035678,5.9,0.0,9.5,0.0,0.0,0.1,84.5
1747229037690,6.0,0.0,9.9,0.0,0.0,0.1,84.0
1747229039702,7.1,0.0,10.6,0.0,0.0,0.1,82.3
1747229041714,6.9,0.0,10.2,0.0,0.0,0.1,82.8
1747229043726,5.9,0.0,10.7,0.0,0.0,0.2,83.2
1747229045738,5.7,0.0,10.2,0.0,0.0,0.1,84.0
1747229047748,5.7,0.0,10.8,0.0,0.0,0.2,83.3
1747229049759,6.7,0.0,10.5,0.0,0.0,0.3,82.5
1747229051770,5.2,0.0,11.1,0.0,0.0,0.2,83.4
1747229053781,5.7,0.0,10.5,0.0,0.0,0.2,83.7
1747229055790,5.4,0.0,10.8,0.0,0.0,0.1,83.7
1747229057800,6.4,0.0,9.9,0.0,0.0,0.1,83.5
1747229059811,5.6,0.0,10.1,0.0,0.0,0.2,84.2
1747229061822,5.6,0.0,10.5,0.0,0.0,0.2,83.8
1747229063833,5.7,0.0,10.8,0.0,0.0,0.1,83.4
1747229065844,7.0,0.0,10.6,0.0,0.0,0.1,82.3
1747229067855,6.5,0.0,11.9,0.0,0.0,0.0,81.7
1747229069863,5.4,0.0,10.0,0.0,0.0,0.2,84.5
1747229071874,5.7,0.0,9.9,0.0,0.0,0.1,84.3
1747229073884,6.4,0.0,10.0,0.0,0.0,0.2,83.4
1747229075895,5.7,0.0,10.5,0.0,0.0,0.2,83.7
1747229077906,5.3,0.0,12.1,0.0,0.0,0.2,82.4
1747229079917,5.5,0.0,10.7,0.0,0.0,0.0,83.8
1747229081928,6.5,0.0,9.8,0.0,0.0,0.2,83.5
1747229083939,5.5,0.0,10.3,0.0,0.0,0.1,84.1
1747229085949,5.6,0.0,10.2,0.0,0.0,0.2,84.0
1747229087959,5.8,0.0,11.0,0.0,0.0,0.2,83.0
1747229089970,6.7,0.0,11.2,0.0,0.0,0.1,82.0
1747229091983,5.8,0.0,9.7,0.0,0.0,0.0,84.4
1747229093994,6.2,0.0,9.9,0.0,0.0,0.1,83.8
1747229096002,5.5,0.0,9.9,0.0,0.0,0.2,84.3
1747229098013,6.6,0.0,10.5,0.0,0.0,0.1,82.8
1747229100023,5.6,0.0,9.7,0.2,0.0,0.2,84.4
1747229102038,5.7,0.0,10.5,0.0,0.0,0.0,83.8
1747229104049,5.7,0.0,10.6,0.0,0.0,0.1,83.6
1747229106061,6.6,0.0,11.3,0.0,0.0,0.1,82.0
1747229108072,5.9,0.0,10.8,0.0,0.0,0.0,83.3
1747229110084,5.8,0.0,10.6,0.0,0.0,0.1,83.5
1747229112096,5.5,0.0,10.5,0.0,0.0,0.1,84.0
1747229114107,8.0,0.0,11.2,0.0,0.0,0.2,80.7
1747229116119,6.6,0.0,10.2,0.0,0.0,0.2,83.0
1747229118129,6.4,0.0,11.0,0.0,0.0,0.1,82.5
1747229120139,6.1,0.0,10.3,0.0,0.0,0.1,83.5
1747229122146,7.0,0.0,10.4,0.0,0.0,0.2,82.5
1747229124155,6.1,0.0,9.7,0.0,0.0,0.1,84.1
1747229126167,5.9,0.0,10.0,0.0,0.0,0.4,83.7
1747229128178,5.3,0.0,10.6,0.0,0.0,0.1,84.0
1747229130189,7.1,0.0,10.2,0.0,0.0,0.1,82.6
1747229132198,5.6,0.0,10.4,0.0,0.0,0.1,83.9
1747229134209,5.7,0.0,11.2,0.0,0.0,0.0,83.1
1747229136221,5.9,0.0,11.2,0.0,0.0,0.2,82.8
1747229138232,7.0,0.0,11.4,0.0,0.0,0.1,81.5
1747229140244,6.8,0.0,12.2,0.0,0.0,0.0,80.9
1747229142255,6.3,0.0,10.8,0.0,0.0,0.1,82.8
1747229144267,6.1,0.0,10.2,0.0,0.0,0.2,83.5
1747229146279,6.3,0.0,10.7,0.0,0.0,0.1,82.8
1747229148290,5.5,0.0,11.1,0.0,0.0,0.1,83.3
1747229150301,5.9,0.0,9.7,0.0,0.0,0.2,84.1
1747229152311,5.5,0.0,10.4,0.0,0.0,0.1,84.0
1747229154323,0.0,0.0,0.0,0.0,0.0,0.0,0.0
1747229156333,7.0,0.0,11.8,0.0,0.0,0.2,81.0
1747229158353,8.3,0.0,13.4,0.0,0.0,0.0,78.3
1747229160365,8.2,0.0,12.4,0.0,0.0,0.2,79.3
1747229162383,8.5,0.0,13.3,0.0,0.0,0.0,78.1
1747229164403,7.7,0.0,11.6,0.0,0.0,0.2,80.4
1747229166415,7.7,0.0,12.1,0.0,0.0,0.1,79.9
1747229168427,8.2,0.0,12.0,0.0,0.0,0.0,79.7
1747229170439,9.0,0.0,13.0,0.0,0.0,0.0,78.0
1747229172451,8.8,0.0,11.2,0.0,0.0,0.1,79.8
1747229174462,7.5,0.0,12.2,0.0,0.0,0.2,80.1
1747229176473,7.4,0.0,12.2,0.0,0.0,0.1,80.4
1747229178485,7.9,0.0,11.6,0.0,0.0,0.0,80.5
1747229180497,0.0,0.0,0.0,0.0,0.0,0.0,100.0
1747229182508,6.0,0.0,9.3,0.0,0.0,0.1,84.6
1747229184518,5.8,0.0,9.6,0.0,0.0,0.1,84.4
1747229186528,5.8,0.0,9.6,0.0,0.0,0.1,84.5
1747229188540,0.2,0.0,0.3,0.0,0.0,0.0,99.5
1747229190550,5.8,0.0,9.8,0.0,0.0,0.2,84.2
1747229192560,5.5,0.0,10.7,0.0,0.0,0.1,83.6
1747229194571,6.1,0.0,10.5,0.0,0.0,0.2,83.2
1747229196582,6.2,0.0,10.2,0.0,0.0,0.2,83.5
1747229198592,6.0,0.0,10.5,0.0,0.0,0.1,83.3
1747229200601,6.5,0.0,10.3,0.0,0.0,0.2,83.0
1747229202610,5.9,0.0,11.5,0.0,0.0,0.1,82.5
1747229204620,5.9,0.0,11.3,0.0,0.0,0.2,82.5
1747229206629,6.0,0.0,12.3,0.0,0.0,0.1,81.6
1747229208642,5.9,0.0,11.7,0.0,0.0,0.1,82.3
1747229210653,6.1,0.0,11.1,0.0,0.0,0.2,82.6
1747229212664,6.2,0.0,11.1,0.0,0.0,0.1,82.6
1747229214674,6.4,0.0,10.9,0.0,0.0,0.2,82.5
1747229216683,6.5,0.0,11.0,0.0,0.0,0.1,82.4
1747229218690,6.8,0.0,10.8,0.0,0.0,0.1,82.4
1747229220698,6.6,0.0,11.1,0.0,0.0,0.1,82.1
1747229222710,6.1,0.0,11.1,0.0,0.0,0.1,82.6
1747229224721,6.5,0.0,11.5,0.0,0.0,0.1,81.9
1747229226732,6.6,0.0,11.0,0.0,0.0,0.1,82.2
1747229228742,6.9,0.0,11.0,0.0,0.0,0.3,81.8
1747229230750,5.9,0.0,11.8,0.0,0.0,0.1,82.1
1747229232758,6.0,0.0,11.6,0.0,0.0,0.1,82.3
1747229234769,6.9,0.0,10.2,0.0,0.0,0.1,82.9
1747229236780,6.1,0.0,11.1,0.0,0.0,0.2,82.6
1747229238797,5.6,0.0,11.3,0.0,0.0,0.2,82.8
1747229240810,5.8,0.0,11.2,0.0,0.0,0.2,82.8
1747229242823,6.8,0.0,12.0,0.0,0.0,0.0,81.1
1747229244833,6.5,0.0,12.1,0.0,0.0,0.1,81.3
1747229246844,7.5,0.0,12.1,0.0,0.0,0.2,80.2
1747229248855,6.8,0.0,11.2,0.0,0.0,0.1,81.9
1747229250867,6.8,0.0,11.3,0.0,0.0,0.3,81.6
1747229252878,6.4,0.0,11.3,0.0,0.0,0.1,82.2
1747229254889,6.2,0.0,11.6,0.0,0.0,0.1,82.1
1747229256901,6.1,0.0,11.9,0.0,0.0,0.1,81.9
1747229258913,6.1,0.0,11.5,0.0,0.0,0.1,82.3
1747229260924,6.3,0.0,11.8,0.0,0.0,0.3,81.6
1747229262936,6.1,0.0,11.6,0.0,0.0,0.1,82.2
1747229264949,5.8,0.0,12.3,0.0,0.0,0.2,81.7
1747229266960,7.0,0.0,11.7,0.0,0.0,0.1,81.2
1747229268972,7.7,0.0,12.7,0.0,0.0,0.1,79.5
1747229270983,9.9,0.0,13.8,0.0,0.0,0.2,76.1
1747229272995,9.2,0.0,14.2,0.0,0.0,0.1,76.5
1747229275006,9.1,0.0,14.4,0.0,0.0,0.2,76.3
1747229277017,10.0,0.0,14.9,0.0,0.0,0.2,74.9
1747229279028,0.0,0.0,0.0,0.0,0.0,0.0,0.0
1747229281040,8.7,0.0,14.0,0.0,0.0,0.2,77.1
1747229283051,8.7,0.0,13.8,0.0,0.0,0.1,77.4
1747229285063,8.8,0.0,14.2,0.0,0.0,0.2,76.8
1747229287075,0.0,0.0,0.0,0.0,0.0,0.0,0.0
1747229289091,8.3,0.0,11.8,0.0,0.0,0.1,79.8
1747229291104,8.2,0.0,12.0,0.0,0.0,0.2,79.6
1747229293116,8.3,0.0,12.1,0.0,0.0,0.0,79.7
1747229295130,0.1,0.0,0.1,0.0,0.0,0.0,99.8
1747229297140,6.0,0.0,9.5,0.0,0.0,0.1,84.4
1747229299150,5.9,0.0,9.8,0.0,0.0,0.1,84.2
1747229301159,5.7,0.0,10.0,0.0,0.0,0.2,84.1
1747229303168,6.3,0.0,9.2,0.0,0.0,0.1,84.4
1747229305179,5.5,0.0,11.2,0.0,0.0,0.3,83.0
1747229307191,6.8,0.0,10.4,0.0,0.0,0.1,82.7
1747229309200,6.6,0.0,11.0,0.0,0.0,0.0,82.3
1747229311210,5.7,0.0,10.9,0.0,0.0,0.3,83.1
1747229313220,5.7,0.0,11.6,0.0,0.0,0.2,82.5
1747229315230,6.0,0.0,11.4,0.0,0.0,0.3,82.2
1747229317240,6.6,0.0,11.1,0.0,0.0,0.0,82.2
1747229319251,6.1,0.0,11.6,0.0,0.0,0.1,82.3
1747229321261,5.9,0.0,11.2,0.0,0.0,0.3,82.7
1747229323272,6.0,0.0,10.7,0.0,0.0,0.0,83.3
1747229325284,6.2,0.0,10.3,0.0,0.0,0.3,83.1
1747229327294,6.4,0.0,11.9,0.0,0.0,0.1,81.6
1747229329306,6.3,0.0,10.6,0.0,0.0,0.1,83.0
1747229331318,5.8,0.0,11.1,0.0,0.0,0.3,82.7
1747229333329,6.2,0.0,10.5,0.0,0.0,0.1,83.2
1747229335340,6.2,0.0,11.1,0.0,0.0,0.1,82.6
1747229337350,6.5,0.0,10.7,0.0,0.0,0.1,82.8
1747229339361,6.2,0.0,11.5,0.0,0.0,0.1,82.2
1747229341373,5.8,0.0,11.6,0.0,0.0,0.1,82.4
1747229343385,6.4,0.0,11.2,0.0,0.0,0.1,82.3
1747229345397,6.8,0.0,10.6,0.0,0.0,0.0,82.6
1747229347406,6.2,0.0,10.8,0.0,0.0,0.1,82.9
1747229349417,6.4,0.0,10.8,0.0,0.0,0.2,82.6
1747229351428,6.6,0.0,11.3,0.0,0.0,0.4,81.8
1747229353441,10.3,0.0,13.4,0.0,0.0,0.1,76.2
1747229355451,8.0,0.0,13.1,0.0,0.0,0.2,78.7
1747229357464,8.3,0.0,12.8,0.0,0.0,0.2,78.7
1747229359487,8.8,0.0,12.5,0.0,0.0,0.1,78.7
1747229361501,0.0,0.0,0.0,0.0,0.0,0.0,0.0
1747229363514,8.2,0.0,12.4,0.0,0.0,0.2,79.2
1747229365527,8.1,0.0,12.7,0.0,0.0,0.1,79.2
1747229367540,8.7,0.0,12.0,0.0,0.0,0.2,79.1
1747229369552,8.2,0.0,13.4,0.0,0.0,0.0,78.4
1747229371566,6.7,0.0,9.3,0.0,0.0,0.2,83.9
1747229373575,6.5,0.0,9.9,0.0,0.0,0.2,83.4
1747229375583,6.2,0.0,9.4,0.0,0.0,0.1,84.3
1747229377591,7.0,0.0,10.2,0.0,0.0,0.1,82.7
1747229379600,7.0,0.0,10.0,0.0,0.0,0.2,82.9
1747229381608,6.7,0.0,10.5,0.0,0.0,0.1,82.7
1747229383617,7.0,0.0,10.4,0.0,0.0,0.2,82.5
1747229385627,6.8,0.0,11.6,0.0,0.0,0.1,81.5
1747229387639,7.2,0.0,10.7,0.0,0.0,0.0,82.1
1747229389651,6.5,0.0,11.6,0.0,0.0,0.1,81.8
1747229391662,6.9,0.0,11.1,0.0,0.0,0.2,81.8
1747229393673,7.0,0.0,11.5,0.0,0.0,0.1,81.4
1747229395684,6.0,0.0,11.3,0.0,0.0,0.1,82.6
1747229397694,7.0,0.0,10.8,0.0,0.0,0.2,82.0
1747229399705,6.4,0.0,11.6,0.0,0.0,0.1,81.9
1747229401715,7.1,0.0,11.7,0.0,0.0,0.2,81.1
1747229403727,6.4,0.0,11.7,0.0,0.0,0.2,81.7
1747229405739,6.7,0.0,12.0,0.0,0.0,0.1,81.1
1747229407750,6.7,0.0,11.7,0.0,0.0,0.2,81.4
1747229409762,6.3,0.0,12.7,0.0,0.0,0.1,81.0
1747229411774,6.8,0.0,11.4,0.0,0.0,0.2,81.6
1747229413784,6.4,0.0,12.4,0.0,0.0,0.2,81.0
1747229415794,6.5,0.0,12.0,0.0,0.0,0.1,81.5
1747229417807,6.4,0.0,12.0,0.0,0.0,0.2,81.4
1747229419816,6.2,0.0,12.1,0.0,0.0,0.2,81.4
1747229421825,6.7,0.0,13.0,0.0,0.0,0.2,80.2
1747229423839,5.9,0.0,12.7,0.0,0.0,0.2,81.3
1747229425851,6.3,0.0,12.9,0.0,0.0,0.3,80.5
1747229427863,6.9,0.0,12.2,0.0,0.0,0.4,80.5
1747229429874,6.5,0.0,11.5,0.0,0.0,0.1,81.9
1747229431883,5.3,0.0,11.8,0.0,0.0,0.1,82.8
1747229433905,6.7,0.0,11.0,0.0,0.0,0.1,82.2
1747229435916,7.2,0.0,10.5,0.0,0.0,0.1,82.1
1747229437926,6.1,0.0,10.8,0.0,0.0,0.0,83.0
1747229439934,6.3,0.0,11.4,0.0,0.0,0.0,82.3
1747229441946,6.4,0.0,11.5,0.0,0.0,0.1,82.0
1747229443955,6.8,0.0,10.6,0.0,0.0,0.3,82.3
1747229446010,7.8,0.0,13.9,0.0,0.0,0.1,78.2
1747229448023,8.4,0.0,13.3,0.0,0.0,0.1,78.2
1747229450036,8.9,0.0,12.9,0.0,0.0,0.1,78.0
1747229452049,0.0,0.0,0.0,0.0,0.0,0.0,0.0
1747229454061,8.8,0.0,13.3,0.0,0.0,0.1,77.7
1747229456072,8.9,0.0,13.4,0.0,0.0,0.1,77.6
1747229458084,9.0,0.0,13.4,0.0,0.0,0.1,77.5
1747229460096,9.0,0.0,13.7,0.0,0.0,0.1,77.1
1747229462107,8.0,0.0,11.2,0.0,0.0,0.1,80.8
1747229464117,8.2,0.0,13.0,0.0,0.0,0.2,78.6
1747229466128,8.7,0.0,12.3,0.0,0.0,0.1,78.9
1747229468139,8.4,0.0,13.9,0.0,0.0,0.1,77.5
1747229470149,6.7,0.0,9.9,0.0,0.0,0.1,83.3
1747229472160,6.1,0.0,9.7,0.0,0.0,0.1,84.1
1747229474170,6.0,0.0,9.6,0.0,0.0,0.2,84.2
1747229476180,5.9,0.0,10.6,0.0,0.0,0.0,83.5
1747229478192,7.2,0.0,10.1,0.0,0.0,0.1,82.7
1747229480204,6.2,0.0,10.5,0.0,0.0,0.0,83.3
1747229482215,6.2,0.0,10.9,0.0,0.0,0.1,82.8
1747229484227,6.8,0.0,11.0,0.0,0.0,0.2,82.0
1747229486238,0.2,0.0,0.2,0.0,0.0,0.0,99.5
1747229488248,7.1,0.0,11.4,0.0,0.0,0.0,81.5
1747229490259,7.3,0.0,12.2,0.0,0.0,0.1,80.4
1747229492271,7.2,0.0,12.3,0.0,0.0,0.0,80.5
1747229494282,0.2,0.0,0.3,0.0,0.0,0.0,99.6
1747229496292,6.8,0.0,11.4,0.0,0.0,0.1,81.7
1747229498302,6.2,0.0,12.3,0.0,0.0,0.1,81.5
1747229500313,6.7,0.0,12.3,0.0,0.0,0.0,81.0
1747229502324,7.6,0.0,12.0,0.0,0.0,0.1,80.3
1747229504334,7.0,0.0,11.9,0.0,0.0,0.1,80.9
1747229506343,6.4,0.0,11.9,0.0,0.0,0.1,81.5
1747229508351,6.5,0.0,12.0,0.0,0.0,0.1,81.4
1747229510366,6.8,0.0,11.9,0.0,0.0,0.0,81.2
1747229512381,6.0,0.0,12.4,0.0,0.0,0.0,81.5
1747229514396,6.4,0.0,12.0,0.0,0.0,0.1,81.5
1747229516409,7.4,0.0,12.4,0.0,0.0,0.1,80.0
1747229518421,7.9,0.0,12.1,0.0,0.0,0.0,80.0
1747229520431,6.4,0.0,11.8,0.0,0.0,0.1,81.7
1747229522443,6.4,0.0,11.6,0.0,0.0,0.2,81.8
1747229524455,6.9,0.0,11.8,0.0,0.0,0.1,81.2
1747229526466,7.4,0.0,11.8,0.0,0.0,0.2,80.7
1747229528478,6.7,0.0,12.4,0.0,0.0,0.0,80.8
1747229530490,6.1,0.0,13.8,0.0,0.0,0.1,80.0
1747229532501,7.0,0.0,12.6,0.0,0.0,0.0,80.3
1747229534513,7.2,0.0,12.1,0.0,0.0,0.0,80.6
1747229536524,6.7,0.0,12.3,0.0,0.0,0.2,80.8
1747229538536,6.8,0.0,12.6,0.0,0.0,0.1,80.5
1747229540548,6.7,0.0,13.0,0.0,0.0,0.0,80.3
1747229542559,7.6,0.0,11.2,0.0,0.0,0.0,81.1
1747229544570,6.4,0.0,12.3,0.0,0.0,0.1,81.2
1747229546580,6.8,0.0,11.4,0.0,0.0,0.2,81.6
1747229548592,6.8,0.0,11.7,0.0,0.0,0.1,81.4
1747229550603,6.8,0.0,11.2,0.0,0.0,0.0,82.0
1747229552614,6.0,0.0,11.4,0.0,0.0,0.1,82.4
1747229554624,6.2,0.0,12.3,0.0,0.0,0.0,81.4
1747229556635,6.2,0.0,11.9,0.0,0.0,0.1,81.7
1747229558646,6.3,0.0,11.8,0.0,0.0,0.1,81.8
1747229560657,6.4,0.0,12.1,0.0,0.0,0.0,81.5
1747229562669,7.3,0.0,11.8,0.0,0.0,0.1,80.8
1747229564680,7.5,0.0,11.9,0.0,0.0,0.0,80.5
1747229566691,8.7,0.0,13.2,0.0,0.0,0.1,77.9
1747229568702,6.2,0.0,11.2,0.0,0.0,0.1,82.5
1747229570711,6.6,0.0,11.4,0.0,0.0,0.1,81.8
1747229572720,6.9,0.0,11.3,0.0,0.0,0.0,81.8
1747229574732,7.3,0.0,11.1,0.0,0.0,0.1,81.5
1747229576742,6.1,0.0,11.9,0.0,0.0,0.1,81.8
1747229578751,6.4,0.0,10.5,0.0,0.0,0.0,83.1
1747229580762,6.6,0.0,11.3,0.0,0.0,0.1,82.0
1747229582784,7.0,0.0,11.5,0.0,0.0,0.0,81.5
1747229584801,6.4,0.0,11.3,0.0,0.0,0.0,82.2
1747229586811,6.9,0.0,11.9,0.0,0.0,0.1,81.1
1747229588822,7.4,0.0,12.1,0.0,0.0,0.2,80.3
1747229590833,8.1,0.0,12.3,0.0,0.0,0.1,79.5
1747229592845,7.6,0.0,11.2,0.0,0.0,0.0,81.1
1747229594857,7.0,0.0,11.4,0.0,0.0,0.1,81.4
1747229596868,7.4,0.0,11.9,0.0,0.0,0.0,80.6
1747229598878,7.8,0.0,12.0,0.0,0.0,0.1,80.0
1747229600888,10.4,0.0,15.7,0.0,0.0,0.0,73.8
1747229602901,10.1,0.0,15.1,0.0,0.0,0.1,74.7
1747229604914,10.1,0.0,14.9,0.0,0.0,0.1,74.9
1747229606927,0.0,0.0,0.0,0.0,0.0,0.0,0.0
1747229608936,9.2,0.0,15.2,0.0,0.0,0.1,75.5
1747229610947,9.4,0.0,15.7,0.0,0.0,0.1,74.7
1747229612959,10.1,0.0,14.9,0.0,0.0,0.2,74.8
1747229614970,9.2,0.0,14.5,0.0,0.0,0.0,76.3
1747229616986,9.4,0.0,14.0,0.0,0.0,0.1,76.5
1747229618998,9.2,0.0,14.2,0.0,0.0,0.0,76.5
1747229621010,9.0,0.0,13.9,0.0,0.0,0.1,77.0
1747229623021,9.8,0.0,13.7,0.0,0.0,0.1,76.4
1747229625032,6.7,0.0,10.1,0.0,0.0,0.2,83.1
1747229627043,6.5,0.0,10.8,0.0,0.0,0.1,82.6
1747229629054,6.1,0.0,11.2,0.0,0.0,0.1,82.7
1747229631065,6.9,0.0,11.1,0.0,0.0,0.2,81.9
1747229633076,6.6,0.0,11.1,0.0,0.0,0.1,82.2
1747229635086,6.4,0.0,11.8,0.0,0.0,0.1,81.8
1747229637097,6.6,0.0,11.4,0.0,0.0,0.0,82.0
1747229639106,6.6,0.0,12.9,0.0,0.0,0.1,80.4
1747229641116,6.5,0.0,11.6,0.0,0.0,0.0,81.9
1747229643125,7.8,0.0,11.9,0.0,0.0,0.1,80.2
1747229645134,6.6,0.0,13.1,0.0,0.0,0.1,80.2
1747229647144,7.0,0.0,11.8,0.0,0.0,0.1,81.0
1747229649153,6.5,0.0,11.8,0.0,0.0,0.1,81.6
1747229651164,7.2,0.0,11.3,0.0,0.0,0.2,81.2
1747229653172,7.2,0.0,11.8,0.0,0.0,0.1,80.8
1747229655182,6.6,0.0,12.3,0.0,0.0,0.1,81.0
1747229657206,7.1,0.0,11.4,0.0,0.0,0.1,81.4
1747229659217,6.7,0.0,11.2,0.0,0.0,0.0,82.1
1747229661232,6.2,0.0,11.8,0.0,0.0,0.2,81.8
1747229663241,7.1,0.0,12.1,0.0,0.0,0.0,80.7
1747229665253,7.1,0.0,11.8,0.0,0.0,0.1,81.0
1747229667265,7.3,0.0,12.9,0.0,0.0,0.1,79.7
1747229669277,7.4,0.0,12.1,0.0,0.0,0.2,80.4
1747229671289,7.3,0.0,13.3,0.0,0.0,0.1,79.3
1747229673300,7.6,0.0,11.5,0.0,0.0,0.1,80.8
1747229675312,6.9,0.0,12.7,0.0,0.0,0.0,80.4
1747229677323,7.3,0.0,12.2,0.0,0.0,0.1,80.5
1747229679333,7.3,0.0,13.2,0.0,0.0,0.1,79.4
1747229681344,7.0,0.0,12.7,0.0,0.0,0.1,80.2
1747229683355,6.5,0.0,12.6,0.0,0.0,0.0,80.9
1747229685366,6.9,0.0,11.7,0.0,0.0,0.1,81.3
1747229687377,7.0,0.0,12.6,0.0,0.0,0.0,80.4
1747229689388,7.7,0.0,12.2,0.0,0.0,0.1,80.0
1747229691400,7.7,0.0,12.2,0.0,0.0,0.0,80.0
1747229693411,7.7,0.0,12.6,0.0,0.0,0.1,79.7
1747229695422,7.2,0.0,12.8,0.0,0.0,0.1,80.0
1747229697434,7.3,0.0,11.8,0.0,0.0,0.1,80.9
1747229699447,7.0,0.0,12.7,0.0,0.0,0.1,80.1
1747229701458,6.4,0.0,13.4,0.0,0.0,0.2,80.0
1747229703470,7.5,0.0,12.8,0.0,0.0,0.0,79.7
1747229705481,7.8,0.0,11.7,0.0,0.0,0.1,80.4
1747229707492,7.2,0.0,12.2,0.0,0.0,0.0,80.6
1747229709504,7.1,0.0,12.8,0.0,0.0,0.1,79.9
1747229711515,7.2,0.0,13.0,0.0,0.0,0.0,79.8
1747229713526,6.8,0.0,12.9,0.0,0.0,0.1,80.2
1747229715536,7.2,0.0,13.3,0.0,0.0,0.1,79.5
1747229717547,7.8,0.0,13.7,0.0,0.0,0.0,78.5
1747229719560,7.7,0.0,12.6,0.0,0.0,0.0,79.6
1747229721586,6.7,0.0,13.7,0.0,0.0,0.3,79.3
1747229723602,6.4,0.0,11.9,0.0,0.0,0.1,81.6
1747229725633,6.2,0.0,12.3,0.0,0.0,0.1,81.3
1747229727661,6.2,0.0,12.2,0.0,0.0,0.1,81.5
1747229729682,7.1,0.0,11.4,0.0,0.0,0.1,81.4
1747229731702,6.5,0.0,11.6,0.0,0.0,0.2,81.7
1747229733711,6.8,0.0,11.4,0.0,0.0,0.1,81.7
1747229735720,6.9,0.0,12.7,0.0,0.0,0.1,80.3
1747229737730,7.6,0.0,11.8,0.0,0.0,0.0,80.5
1747229739743,7.0,0.0,11.9,0.0,0.0,0.0,81.2
1747229741755,7.0,0.0,11.9,0.0,0.0,0.0,81.1
1747229743767,7.4,0.0,13.1,0.0,0.0,0.1,79.5
1747229745777,8.0,0.0,12.1,0.0,0.0,0.0,79.8
1747229747787,7.1,0.0,11.8,0.0,0.0,0.0,81.1
1747229749797,7.3,0.0,11.5,0.0,0.0,0.0,81.2
1747229751805,7.1,0.0,11.7,0.0,0.0,0.2,81.0
1747229753816,8.2,0.0,11.8,0.0,0.0,0.0,80.0
1747229755826,6.2,0.0,12.9,0.0,0.0,0.0,80.8
1747229757836,6.2,0.0,12.6,0.0,0.0,0.1,81.0
1747229759847,6.5,0.0,12.6,0.0,0.0,0.1,80.8
1747229761859,7.5,0.0,12.3,0.0,0.0,0.1,80.1
1747229763869,6.8,0.0,12.5,0.0,0.0,0.1,80.6
1747229765880,7.5,0.0,12.9,0.0,0.0,0.1,79.4
1747229767890,7.7,0.0,13.4,0.0,0.0,0.1,78.8
1747229769901,8.3,0.0,11.8,0.0,0.0,0.2,79.7
1747229771910,7.0,0.0,11.7,0.0,0.0,0.2,81.1
1747229773920,6.3,0.0,12.1,0.0,0.0,0.1,81.5
1747229775931,6.2,0.0,12.8,0.0,0.0,0.2,80.9
1747229777941,0.0,0.0,0.0,0.0,0.0,0.0,0.0
1747229779951,9.4,0.0,15.9,0.0,0.0,0.1,74.6
1747229781964,9.3,0.0,14.5,0.0,0.0,0.3,75.8
1747229783994,10.0,0.0,14.9,0.0,0.0,0.0,75.1
1747229786016,10.3,0.0,15.8,0.0,0.0,0.2,73.6
1747229788039,9.8,0.0,14.1,0.0,0.0,0.2,76.0
1747229790054,9.4,0.0,14.9,0.0,0.0,0.0,75.7
1747229792070,9.7,0.0,14.5,0.0,0.0,0.0,75.8
1747229794084,9.5,0.0,15.7,0.0,0.0,0.1,74.7
1747229796096,9.3,0.0,13.9,0.0,0.0,0.3,76.5
1747229798108,9.6,0.0,13.7,0.0,0.0,0.1,76.6
1747229800121,9.1,0.0,14.7,0.0,0.0,0.1,76.1
1747229802133,9.7,0.0,15.9,0.0,0.0,0.2,74.3
1747229804146,0.2,0.0,0.3,0.0,0.0,0.0,99.5
1747229806158,7.0,0.0,11.3,0.0,0.0,0.1,81.6
1747229808169,7.0,0.0,11.7,0.0,0.0,0.1,81.1
1747229810180,7.2,0.0,11.7,0.0,0.0,0.0,81.1
1747229812195,0.1,0.0,0.2,0.0,0.0,0.0,99.6
1747229814205,7.0,0.0,11.9,0.0,0.0,0.1,80.9
1747229816215,7.5,0.0,11.8,0.0,0.0,0.2,80.5
1747229818226,7.0,0.0,12.1,0.0,0.0,0.1,80.9
1747229820236,8.2,0.0,12.1,0.0,0.0,0.1,79.6
1747229822247,7.3,0.0,11.4,0.0,0.0,0.1,81.2
1747229824257,6.8,0.0,12.6,0.0,0.0,0.1,80.6
1747229826268,7.0,0.0,12.5,0.0,0.0,0.1,80.3
1747229828278,8.2,0.0,11.6,0.0,0.0,0.1,80.1
1747229830289,7.0,0.0,12.8,0.0,0.0,0.1,80.1
1747229832300,6.6,0.0,12.8,0.0,0.0,0.1,80.5
1747229834311,7.0,0.0,13.3,0.0,0.0,0.1,79.6
1747229836322,7.4,0.0,12.3,0.0,0.0,0.1,80.2
1747229838334,6.2,0.0,13.5,0.0,0.0,0.1,80.2
1747229840345,6.2,0.0,12.9,0.0,0.0,0.1,80.8
1747229842354,6.4,0.0,12.3,0.0,0.0,0.1,81.2
1747229844362,0.0,0.0,0.0,0.0,0.0,0.0,0.0
1747229846371,9.9,0.0,13.5,0.0,0.0,0.0,76.5
1747229848387,9.5,0.0,14.5,0.0,0.0,0.0,75.9
1747229850401,9.9,0.0,13.9,0.0,0.0,0.0,76.1
1747229852415,10.3,0.0,14.7,0.0,0.0,0.1,74.9
1747229854431,9.2,0.0,13.7,0.0,0.0,0.0,77.1
1747229856445,9.7,0.0,13.6,0.0,0.0,0.1,76.5
1747229858457,9.6,0.0,14.8,0.0,0.0,0.1,75.4
1747229860469,10.1,0.0,15.3,0.0,0.0,0.2,74.4
1747229862481,0.0,0.0,0.0,0.0,0.0,0.0,0.0
1747229864493,9.4,0.0,13.8,0.0,0.0,0.1,76.8
1747229866505,9.2,0.0,13.5,0.0,0.0,0.0,77.2
1747229868521,8.7,0.0,14.2,0.0,0.0,0.1,77.0
1747229870537,0.0,0.0,0.0,0.0,0.0,0.0,99.9
1747229872548,6.9,0.0,11.3,0.0,0.0,0.1,81.6
1747229874555,6.4,0.0,12.3,0.0,0.0,0.1,81.2
1747229876565,6.2,0.0,11.5,0.0,0.0,0.0,82.3
1747229878577,0.2,0.0,0.2,0.0,0.0,0.0,99.6
1747229880589,6.7,0.0,12.2,0.0,0.0,0.1,81.0
1747229882598,6.3,0.0,11.9,0.0,0.0,0.1,81.7
1747229884609,6.4,0.0,12.5,0.0,0.0,0.1,81.0
1747229886621,0.2,0.0,0.3,0.0,0.0,0.0,99.5
1747229888633,6.6,0.0,12.5,0.0,0.0,0.1,80.8
1747229890644,7.1,0.0,11.6,0.0,0.0,0.0,81.3
1747229892655,7.2,0.0,11.7,0.0,0.0,0.0,81.0
1747229894667,0.1,0.0,0.3,0.0,0.0,0.0,99.6
1747229896680,7.5,0.0,12.3,0.0,0.0,0.1,80.1
1747229898691,7.0,0.0,13.6,0.0,0.0,0.1,79.3
1747229900702,7.2,0.0,12.9,0.0,0.0,0.1,79.9
1747229902711,7.2,0.0,12.7,0.0,0.0,0.1,80.0
1747229904722,7.0,0.0,13.6,0.0,0.0,0.1,79.3
1747229906734,7.1,0.0,14.4,0.1,0.0,0.1,78.2
1747229908745,7.6,0.0,13.8,0.0,0.0,0.0,78.6
1747229910757,6.9,0.0,12.2,0.0,0.0,0.0,80.8
1747229912784,9.8,0.0,13.8,0.0,0.0,0.1,76.2
1747229914806,11.2,0.0,15.9,0.0,0.0,0.1,72.8
1747229916819,10.7,0.0,16.6,0.0,0.0,0.1,72.6
1747229918831,11.3,0.0,17.5,0.0,0.0,0.2,71.0
1747229920842,10.0,0.0,14.3,0.0,0.0,0.1,75.6
1747229922852,10.9,0.0,15.0,0.0,0.0,0.1,73.9
1747229924864,10.1,0.0,15.9,0.0,0.0,0.1,73.8
1747229926876,10.8,0.0,16.9,0.0,0.0,0.2,72.2
1747229928887,0.0,0.0,0.0,0.0,0.0,0.0,0.0
1747229930898,9.7,0.0,15.4,0.0,0.0,0.0,74.9
1747229932910,9.6,0.0,15.4,0.0,0.0,0.1,74.9
1747229934922,10.1,0.0,15.6,0.0,0.0,0.1,74.2
1747229936934,0.1,0.0,0.1,0.0,0.0,0.0,99.8
1747229938946,7.2,0.0,12.5,0.0,0.0,0.1,80.2
1747229940956,6.9,0.0,12.2,0.0,0.0,0.1,80.8
1747229942967,7.1,0.0,11.7,0.0,0.0,0.0,81.2
1747229944976,0.1,0.0,0.2,0.0,0.0,0.0,99.7
1747229946988,7.3,0.0,13.2,0.0,0.0,0.1,79.4
1747229948998,7.5,0.0,13.2,0.0,0.0,0.0,79.2
1747229951007,6.8,0.0,13.8,0.0,0.0,0.1,79.3
1747229953016,0.2,0.0,0.3,0.0,0.0,0.0,99.5
1747229955028,6.6,0.0,13.0,0.0,0.0,0.1,80.2
1747229957040,7.1,0.0,12.8,0.0,0.0,0.1,79.9
1747229959052,7.5,0.0,13.0,0.0,0.0,0.1,79.5
1747229961062,7.5,0.0,12.9,0.0,0.0,0.1,79.4
1747229963071,6.9,0.0,13.2,0.0,0.0,0.0,79.8
1747229965082,7.1,0.0,13.5,0.0,0.0,0.0,79.3
1747229967092,7.3,0.0,12.5,0.0,0.0,0.1,80.2
1747229969103,7.0,0.0,13.6,0.0,0.0,0.0,79.3
1747229971113,10.3,0.0,16.2,0.0,0.0,0.1,73.4
1747229973125,10.5,0.0,16.2,0.0,0.0,0.1,73.2
1747229975142,10.2,0.0,16.2,0.0,0.0,0.0,73.6
1747229977161,10.3,0.0,17.9,0.0,0.0,0.0,71.8
1747229979174,8.3,0.0,12.5,0.0,0.0,0.1,79.1
1747229981184,10.4,0.0,14.9,0.0,0.0,0.1,74.6
1747229983199,11.1,0.0,15.6,0.0,0.0,0.0,73.3
1747229985211,11.2,0.0,16.5,0.0,0.0,0.1,72.2
1747229987223,0.0,0.0,0.0,0.0,0.0,0.0,0.0
1747229989234,9.9,0.0,15.5,0.0,0.0,0.0,74.5
1747229991246,10.3,0.0,15.2,0.0,0.0,0.1,74.4
1747229993259,9.8,0.0,14.9,0.0,0.0,0.0,75.3
1747229995272,0.2,0.0,0.3,0.0,0.0,0.0,99.5
1747229997283,6.4,0.0,11.3,0.0,0.0,0.1,82.2
1747229999294,6.7,0.0,11.5,0.0,0.0,0.1,81.8
1747230001301,6.5,0.0,11.5,0.0,0.0,0.2,81.8
1747230003312,0.1,0.0,0.2,0.0,0.0,0.0,99.6
1747230005321,6.8,0.0,13.3,0.0,0.0,0.1,79.9
1747230007331,8.0,0.0,14.1,0.0,0.0,0.1,77.8
1747230009341,7.2,0.0,13.6,0.0,0.0,0.1,79.1
1747230011353,7.7,0.0,13.3,0.0,0.0,0.2,78.7
1747230013364,7.1,0.0,12.1,0.0,0.0,0.0,80.7
1747230015375,7.4,0.0,11.9,0.0,0.0,0.0,80.6
1747230017386,6.6,0.0,12.8,0.0,0.0,0.0,80.5
1747230019397,7.4,0.0,12.6,0.0,0.0,0.1,79.9
1747230021407,6.8,0.0,12.7,0.0,0.0,0.2,80.3
1747230023414,6.8,0.0,13.1,0.0,0.0,0.1,80.0
1747230025431,6.5,0.0,11.8,0.0,0.0,0.0,81.6
1747230027444,7.2,0.0,12.6,0.0,0.0,0.1,80.1
1747230029459,7.4,0.0,12.8,0.0,0.0,0.1,79.7
1747230031474,6.5,0.0,12.9,0.0,0.0,0.2,80.4
1747230033483,6.8,0.0,13.5,0.0,0.0,0.1,79.6
1747230035493,7.2,0.0,11.9,0.0,0.0,0.0,81.0
1747230037502,6.8,0.0,12.5,0.0,0.0,0.0,80.8
1747230039512,7.0,0.0,13.0,0.0,0.0,0.0,79.9
1747230041523,6.6,0.0,13.8,0.0,0.0,0.1,79.5
1747230043534,7.1,0.0,12.4,0.0,0.0,0.1,80.4
1747230045550,9.8,0.0,15.6,0.0,0.0,0.1,74.5
1747230047562,10.9,0.0,15.9,0.0,0.0,0.1,73.1
1747230049573,10.7,0.0,16.2,0.0,0.0,0.0,73.0
1747230051585,10.9,0.0,17.0,0.0,0.0,0.2,72.0
1747230053596,8.8,0.0,12.5,0.0,0.0,0.2,78.6
1747230055615,9.9,0.0,15.2,0.0,0.0,0.1,74.8
1747230057633,9.8,0.0,15.4,0.0,0.0,0.0,74.8
1747230059649,10.2,0.0,16.1,0.0,0.0,0.1,73.5
1747230061666,0.0,0.0,0.0,0.0,0.0,0.0,0.0
1747230063679,9.3,0.0,15.1,0.0,0.0,0.1,75.5
1747230065695,9.0,0.0,15.4,0.0,0.0,0.1,75.5
1747230067709,9.7,0.0,15.7,0.0,0.0,0.1,74.5
1747230069720,0.0,0.0,0.0,0.0,0.0,0.0,0.0
1747230071733,9.4,0.0,15.0,0.0,0.0,0.2,75.4
1747230073745,9.1,0.0,15.3,0.0,0.0,0.1,75.5
1747230075757,9.7,0.0,14.3,0.0,0.0,0.1,76.0
1747230077769,9.2,0.0,14.6,0.0,0.0,0.1,76.2
1747230079781,6.5,0.0,10.8,0.0,0.0,0.1,82.7
1747230081789,6.5,0.0,11.5,0.0,0.0,0.3,81.7
1747230083796,5.9,0.0,12.6,0.0,0.0,0.1,81.4
1747230085806,6.8,0.0,11.2,0.0,0.0,0.1,81.8
1747230087823,6.7,0.0,11.4,0.0,0.0,0.1,81.8
1747230089842,6.8,0.0,12.0,0.0,0.0,0.1,81.2
1747230091853,7.0,0.0,12.5,0.0,0.0,0.2,80.3
1747230093864,7.6,0.0,12.0,0.0,0.0,0.0,80.4
1747230095876,7.2,0.0,12.3,0.0,0.0,0.1,80.3
1747230097887,7.2,0.0,12.2,0.0,0.0,0.1,80.5
1747230099897,6.8,0.0,13.0,0.0,0.0,0.1,80.2
1747230101908,6.5,0.0,13.3,0.0,0.0,0.2,80.0
1747230103920,7.4,0.0,13.1,0.0,0.0,0.1,79.4
1747230105931,6.4,0.0,13.5,0.0,0.0,0.1,80.0
1747230107942,7.6,0.0,12.8,0.0,0.0,0.1,79.5
1747230109954,7.5,0.0,12.5,0.0,0.0,0.0,79.9
1747230111965,8.9,0.0,14.1,0.0,0.0,0.4,76.6
1747230113976,7.7,0.0,12.9,0.0,0.0,0.2,79.1
1747230115986,8.2,0.0,13.3,0.0,0.0,0.2,78.3
1747230117996,8.0,0.0,14.6,0.0,0.0,0.1,77.2
1747230120005,0.2,0.0,0.3,0.0,0.0,0.0,99.6
1747230122018,7.5,0.0,13.3,0.0,0.0,0.5,78.7
1747230124042,7.4,0.0,13.7,0.0,0.0,0.3,78.6
1747230126050,7.6,0.0,13.6,0.0,0.0,0.1,78.7
1747230128064,8.5,0.0,13.6,0.0,0.0,0.2,77.7
1747230130079,8.1,0.0,13.9,0.0,0.0,0.1,77.8
1747230132089,7.3,0.0,14.4,0.0,0.0,0.2,78.1
1747230134101,7.8,0.0,14.0,0.1,0.0,0.1,78.0
1747230136113,9.0,0.0,13.9,0.0,0.0,0.1,77.0
1747230138124,8.1,0.0,14.8,0.0,0.0,0.2,76.9
1747230140134,8.0,0.0,14.5,0.0,0.0,0.1,77.4
1747230142144,8.3,0.0,14.5,0.0,0.0,0.3,76.9
1747230144153,8.3,0.0,15.1,0.0,0.0,0.0,76.7
1747230146162,7.7,0.0,14.7,0.0,0.0,0.1,77.5
1747230148172,8.1,0.0,14.5,0.0,0.0,0.1,77.4
1747230150184,7.1,0.0,13.2,0.1,0.0,0.1,79.5
1747230152194,8.8,0.0,13.2,0.0,0.0,0.1,77.9
1747230154202,7.5,0.0,12.4,0.0,0.0,0.1,80.1
1747230156210,7.4,0.0,12.8,0.0,0.0,0.1,79.8
1747230158220,7.9,0.0,12.9,0.0,0.0,0.1,79.0
1747230160231,8.5,0.0,13.2,0.0,0.0,0.1,78.3
1747230162241,7.5,0.0,14.3,0.0,0.0,0.2,78.0
1747230164250,7.5,0.0,14.2,0.0,0.0,0.1,78.2
1747230166260,8.2,0.0,14.0,0.0,0.0,0.2,77.6
1747230168271,8.4,0.0,14.4,0.0,0.0,0.1,77.2
1747230170282,8.7,0.0,12.9,0.1,0.0,0.1,78.3
1747230172293,7.7,0.0,14.2,0.0,0.0,0.1,78.0
1747230174305,8.7,0.0,14.0,0.0,0.0,0.1,77.2
1747230176316,8.9,0.0,13.3,0.0,0.0,0.1,77.8
1747230178326,7.7,0.0,14.1,0.0,0.0,0.1,78.1
1747230180335,7.5,0.0,14.5,0.0,0.0,0.1,78.0
1747230182345,7.7,0.0,14.7,0.0,0.0,0.1,77.5
1747230184357,8.4,0.0,14.0,0.0,0.0,0.1,77.6
1747230186367,7.7,0.0,13.9,0.0,0.0,0.1,78.3
1747230188376,7.2,0.0,14.2,0.0,0.0,0.1,78.4
1747230190387,8.2,0.0,14.7,0.1,0.0,0.2,76.8
1747230192398,8.5,0.0,14.8,0.0,0.0,0.1,76.5
1747230194407,7.1,0.0,14.3,0.0,0.0,0.1,78.6
1747230196416,7.5,0.0,13.4,0.0,0.0,0.3,78.8
1747230198425,7.2,0.0,14.2,0.0,0.0,0.1,78.5
1747230200439,8.7,0.0,13.6,0.0,0.0,0.2,77.5
1747230202454,7.4,0.0,13.8,0.0,0.0,0.1,78.8
1747230204465,7.9,0.0,13.2,0.0,0.0,0.1,78.7
1747230206476,7.9,0.0,14.0,0.1,0.0,0.2,77.8
1747230208487,9.1,0.0,12.6,0.0,0.0,0.1,78.1
1747230210500,8.1,0.0,13.3,0.0,0.0,0.1,78.5
1747230212516,7.8,0.0,13.4,0.0,0.0,0.2,78.7
1747230214527,7.5,0.0,14.8,0.0,0.0,0.1,77.5
1747230216540,0.0,0.0,0.0,0.0,0.0,0.0,0.0
1747230218552,10.6,0.0,17.4,0.0,0.0,0.0,72.0
1747230220574,11.1,0.0,16.9,0.0,0.0,0.1,71.9
1747230222592,11.7,0.0,17.1,0.0,0.0,0.1,71.1
1747230224605,0.0,0.0,0.0,0.0,0.0,0.0,0.0
1747230226616,10.7,0.0,15.6,0.0,0.0,0.2,73.5
1747230228628,11.3,0.0,17.2,0.0,0.0,0.0,71.4
1747230230639,12.1,0.0,17.2,0.0,0.0,0.0,70.7
1747230232651,11.6,0.0,16.6,0.0,0.0,0.1,71.7
1747230234663,10.9,0.0,16.2,0.0,0.0,0.0,72.9
1747230236674,11.0,0.0,16.0,0.0,0.0,0.1,72.9
1747230238686,10.3,0.0,17.1,0.0,0.0,0.1,72.5
1747230240698,11.6,0.0,17.2,0.0,0.0,0.0,71.1
1747230242709,7.9,0.0,13.0,0.0,0.0,0.2,79.0
1747230244720,8.0,0.0,12.9,0.0,0.0,0.0,79.0
1747230246731,7.2,0.0,13.0,0.0,0.0,0.1,79.7
1747230248742,7.5,0.0,13.3,0.0,0.0,0.1,79.1
1747230250753,7.1,0.0,13.3,0.0,0.0,0.1,79.4
1747230252761,6.9,0.0,13.2,0.0,0.0,0.1,79.8
1747230254773,6.7,0.0,13.5,0.0,0.0,0.1,79.8
1747230256785,7.5,0.0,14.0,0.0,0.0,0.1,78.5
1747230258800,7.0,0.0,13.2,0.0,0.0,0.1,79.6
1747230260809,7.3,0.0,13.4,0.0,0.0,0.1,79.2
1747230262820,7.7,0.0,13.9,0.0,0.0,0.2,78.2
1747230264831,8.6,0.0,14.6,0.0,0.0,0.2,76.6
1747230266843,8.3,0.0,12.8,0.0,0.0,0.2,78.8
1747230268855,7.6,0.0,12.9,0.0,0.0,0.1,79.4
1747230270866,7.1,0.0,14.2,0.0,0.0,0.1,78.6
1747230272878,7.7,0.0,13.8,0.0,0.0,0.0,78.4
1747230274889,8.2,0.0,13.2,0.0,0.0,0.1,78.6
1747230276900,7.6,0.0,13.1,0.0,0.0,0.2,79.1
1747230278909,7.5,0.0,13.3,0.0,0.0,0.0,79.2
1747230280919,7.4,0.0,13.7,0.0,0.0,0.0,78.9
1747230282931,8.2,0.0,13.4,0.0,0.0,0.0,78.3
1747230284946,8.4,0.0,12.7,0.0,0.0,0.0,78.8
1747230286958,8.5,0.0,13.1,0.0,0.0,0.1,78.3
1747230288972,7.8,0.0,13.4,0.0,0.0,0.0,78.8
1747230290990,7.9,0.0,13.0,0.0,0.0,0.1,79.0
1747230293000,7.4,0.0,13.5,0.0,0.0,0.0,79.1
1747230295010,7.2,0.0,13.2,0.0,0.0,0.0,79.6
1747230297021,7.7,0.0,13.4,0.0,0.0,0.2,78.6
1747230299031,8.4,0.0,12.9,0.0,0.0,0.1,78.5
1747230301040,7.5,0.0,12.6,0.0,0.0,0.1,79.9
1747230303051,7.7,0.0,12.8,0.0,0.0,0.0,79.5
1747230305061,7.3,0.0,13.5,0.0,0.0,0.1,79.1
1747230307070,8.2,0.0,13.7,0.0,0.0,0.0,78.1
1747230309079,8.2,0.0,13.1,0.0,0.0,0.0,78.7
1747230311090,7.4,0.0,13.8,0.0,0.0,0.0,78.8
1747230313100,7.7,0.0,13.7,0.0,0.0,0.1,78.5
1747230315109,8.3,0.0,13.3,0.0,0.0,0.2,78.2
1747230317117,7.1,0.0,13.1,0.0,0.0,0.1,79.8
1747230319130,7.1,0.0,12.4,0.0,0.0,0.0,80.4
1747230321140,6.8,0.0,12.5,0.2,0.0,0.0,80.5
1747230323155,7.8,0.0,12.6,0.0,0.0,0.1,79.6
1747230325169,7.0,0.0,13.2,0.0,0.0,0.1,79.7
1747230327180,7.7,0.0,12.3,0.0,0.0,0.1,79.9
1747230329190,7.7,0.0,12.9,0.0,0.0,0.1,79.3
1747230331200,8.4,0.0,13.3,0.1,0.0,0.0,78.2
1747230333211,7.5,0.0,13.3,0.0,0.0,0.1,79.1
1747230335224,8.1,0.0,13.8,0.0,0.0,0.1,78.0
1747230337235,8.4,0.0,12.9,0.0,0.0,0.1,78.6
1747230339245,9.2,0.0,13.0,0.0,0.0,0.1,77.7
1747230341256,7.3,0.0,13.5,0.1,0.0,0.1,79.0
1747230343267,7.5,0.0,14.5,0.0,0.0,0.0,78.0
1747230345280,7.3,0.0,13.9,0.0,0.0,0.1,78.7
1747230347293,8.2,0.0,13.6,0.0,0.0,0.2,78.0
1747230349305,7.2,0.0,13.8,0.0,0.0,0.1,78.9
1747230351316,7.9,0.0,12.3,0.0,0.0,0.0,79.8
1747230353326,7.0,0.0,14.8,0.0,0.0,0.0,78.2
1747230355335,8.9,0.0,12.9,0.0,0.0,0.1,78.1
1747230357343,7.2,0.0,12.1,0.0,0.0,0.2,80.5
1747230359354,6.8,0.0,12.3,0.0,0.0,0.1,80.8
1747230361366,7.1,0.0,11.5,0.0,0.0,0.1,81.3
1747230363379,8.0,0.0,11.4,0.0,0.0,0.1,80.5
1747230365389,6.9,0.0,12.6,0.0,0.0,0.0,80.5
1747230367397,6.9,0.0,14.6,0.0,0.0,0.1,78.4
1747230369406,7.2,0.0,13.3,0.0,0.0,0.0,79.4
1747230371414,8.3,0.0,13.0,0.0,0.0,0.1,78.6
1747230373424,7.8,0.0,12.3,0.0,0.0,0.1,79.8
1747230375433,7.4,0.0,13.8,0.0,0.0,0.1,78.6
1747230377441,7.2,0.0,12.5,0.0,0.0,0.1,80.2
1747230379454,8.6,0.0,13.7,0.0,0.0,0.1,77.6
1747230381476,8.0,0.0,13.1,0.0,0.0,0.0,78.9
1747230383498,6.9,0.0,12.5,0.0,0.0,0.0,80.6
1747230385513,7.7,0.0,12.0,0.0,0.0,0.0,80.2
1747230387530,7.8,0.0,13.1,0.0,0.0,0.1,79.0
1747230389539,7.5,0.0,12.8,0.0,0.0,0.1,79.6
1747230391549,7.7,0.0,12.9,0.0,0.0,0.1,79.3
1747230393558,8.0,0.0,13.9,0.0,0.0,0.1,77.9
1747230395567,9.6,0.0,13.6,0.0,0.0,0.1,76.7
1747230397577,8.0,0.0,12.4,0.0,0.0,0.1,79.5
1747230399586,7.6,0.0,13.2,0.0,0.0,0.0,79.2
1747230401597,7.9,0.0,12.8,0.0,0.0,0.1,79.1
1747230403607,9.1,0.0,13.6,0.0,0.0,0.1,77.2
1747230405616,7.8,0.0,13.4,0.0,0.0,0.1,78.7
1747230407628,8.1,0.0,13.9,0.0,0.0,0.1,77.9
1747230409641,8.2,0.0,14.1,0.0,0.0,0.1,77.5
1747230411651,8.3,0.0,13.7,0.0,0.0,0.1,77.8
1747230413663,7.7,0.0,13.4,0.0,0.0,0.1,78.7
1747230415675,7.1,0.0,14.0,0.0,0.0,0.1,78.8
1747230417688,7.4,0.0,14.6,0.0,0.0,0.1,77.9
1747230419700,9.5,0.0,13.4,0.0,0.0,0.1,77.0
1747230421713,7.8,0.0,13.5,0.0,0.0,0.2,78.5
1747230423727,7.6,0.0,13.6,0.0,0.0,0.1,78.7
1747230425740,7.3,0.0,13.9,0.0,0.0,0.0,78.8
1747230427750,8.1,0.0,13.2,0.0,0.0,0.1,78.6
1747230429758,7.1,0.0,14.0,0.0,0.0,0.1,78.9
1747230431768,8.3,0.0,14.1,0.0,0.0,0.1,77.5
1747230433776,7.7,0.0,13.9,0.0,0.0,0.1,78.3
