timestamp_ms,usr%,nice%,sys%,iowait%,irq%,soft%,steal%,idle%
1747229600612,10.0,0.0,15.4,0.0,0.0,0.0,74.5
1747229602625,9.9,0.0,15.6,0.0,0.0,0.1,74.4
1747229604636,10.4,0.0,15.0,0.0,0.0,0.1,74.4
1747229606647,10.3,0.0,14.8,0.0,0.0,0.2,74.6
1747229608659,9.3,0.0,14.8,0.0,0.0,0.1,75.7
1747229610669,9.2,0.0,15.8,0.0,0.0,0.1,74.9
1747229612681,9.9,0.0,14.9,0.0,0.0,0.1,75.0
1747229614692,10.0,0.0,15.4,0.0,0.0,0.1,74.4
1747229616704,8.9,0.0,13.7,0.0,0.0,0.1,77.3
1747229618719,8.7,0.0,13.6,0.0,0.0,0.0,77.6
1747229620734,8.8,0.0,12.8,0.0,0.0,0.1,78.3
1747229622748,9.4,0.0,13.1,0.0,0.0,0.1,77.4
1747229624760,6.3,0.0,10.2,0.0,0.0,0.2,83.3
1747229626768,6.4,0.0,10.8,0.0,0.0,0.0,82.7
1747229628776,6.4,0.0,10.8,0.0,0.0,0.2,82.6
1747229630785,7.0,0.0,11.3,0.0,0.0,0.1,81.7
1747229632794,6.5,0.0,11.8,0.0,0.0,0.2,81.6
1747229634803,6.4,0.0,11.5,0.0,0.0,0.1,82.0
1747229636814,6.6,0.0,12.1,0.0,0.0,0.1,81.3
1747229638825,6.7,0.0,12.6,0.0,0.0,0.0,80.7
1747229640837,7.6,0.0,11.9,0.0,0.0,0.1,80.5
1747229642848,7.6,0.0,11.6,0.0,0.0,0.1,80.7
1747229644859,6.9,0.0,12.4,0.0,0.0,0.2,80.5
1747229646871,7.1,0.0,12.3,0.0,0.0,0.1,80.5
1747229648882,7.8,0.0,11.6,0.0,0.0,0.1,80.4
1747229650893,7.1,0.0,11.6,0.0,0.0,0.2,81.1
1747229652904,7.0,0.0,12.1,0.0,0.0,0.1,80.8
1747229654915,6.7,0.0,13.1,0.0,0.0,0.1,80.2
1747229656927,8.1,0.0,12.2,0.0,0.0,0.1,79.5
1747229658938,6.7,0.0,12.1,0.0,0.0,0.0,81.2
1747229660950,6.3,0.0,12.2,0.0,0.0,0.1,81.3
1747229662961,6.6,0.0,11.8,0.0,0.0,0.1,81.4
1747229664971,7.8,0.0,11.4,0.0,0.0,0.1,80.6
1747229666981,7.3,0.0,13.2,0.0,0.0,0.1,79.4
1747229668992,7.6,0.0,11.9,0.0,0.0,0.1,80.3
1747229671004,7.5,0.0,12.9,0.0,0.0,0.1,79.5
1747229673014,7.7,0.0,11.8,0.0,0.0,0.1,80.5
1747229675026,6.9,0.0,12.6,0.0,0.0,0.1,80.4
1747229677036,7.2,0.0,12.2,0.0,0.0,0.1,80.5
1747229679046,7.0,0.0,13.0,0.0,0.0,0.1,79.9
1747229681057,7.5,0.0,12.9,0.0,0.0,0.1,79.5
1747229683068,6.7,0.0,12.4,0.0,0.0,0.0,80.9
1747229685079,6.8,0.0,11.5,0.0,0.0,0.1,81.6
1747229687090,6.7,0.0,12.3,0.0,0.0,0.0,81.0
1747229689100,8.2,0.0,12.4,0.0,0.0,0.1,79.3
1747229691111,7.7,0.0,12.4,0.0,0.0,0.0,79.8
1747229693123,7.5,0.0,12.5,0.0,0.0,0.1,79.8
1747229695133,7.2,0.0,13.0,0.0,0.0,0.0,79.8
1747229697143,7.8,0.0,12.3,0.0,0.0,0.1,79.8
1747229699152,6.8,0.0,11.9,0.0,0.0,0.1,81.2
1747229701160,6.7,0.0,12.9,0.0,0.0,0.2,80.2
1747229703173,6.9,0.0,12.2,0.0,0.0,0.0,80.9
1747229705185,7.7,0.0,11.9,0.0,0.0,0.0,80.3
1747229707196,7.0,0.0,11.7,0.0,0.0,0.1,81.3
1747229709208,6.6,0.0,12.3,0.0,0.0,0.1,81.0
1747229711216,7.1,0.0,13.1,0.0,0.0,0.0,79.7
1747229713224,7.1,0.0,12.3,0.0,0.0,0.1,80.6
1747229715235,6.5,0.0,13.1,0.0,0.0,0.1,80.4
1747229717247,7.1,0.0,13.9,0.0,0.0,0.0,78.9
1747229719258,8.5,0.0,14.1,0.0,0.0,0.0,77.4
1747229721270,8.0,0.0,11.9,0.0,0.0,0.3,79.8
1747229723281,6.8,0.0,12.9,0.0,0.0,0.0,80.2
1747229725292,6.9,0.0,13.0,0.0,0.0,0.1,80.0
1747229727302,6.2,0.0,12.4,0.0,0.0,0.0,81.4
1747229729316,8.3,0.0,12.0,0.0,0.0,0.1,79.7
1747229731328,6.7,0.0,11.8,0.0,0.0,0.2,81.2
1747229733340,6.9,0.0,11.7,0.0,0.0,0.0,81.3
1747229735352,6.7,0.0,12.0,0.0,0.0,0.0,81.2
1747229737363,7.7,0.0,12.2,0.0,0.0,0.1,80.0
1747229739374,7.2,0.0,11.9,0.0,0.0,0.0,80.8
1747229741385,7.4,0.0,11.8,0.0,0.0,0.1,80.8
1747229743397,7.1,0.0,12.9,0.0,0.0,0.1,79.9
1747229745409,7.9,0.0,12.2,0.0,0.0,0.1,79.8
1747229747420,7.2,0.0,11.7,0.0,0.0,0.0,81.1
1747229749431,7.3,0.0,11.4,0.0,0.0,0.0,81.3
1747229751442,6.8,0.0,11.6,0.0,0.0,0.2,81.4
1747229753452,8.3,0.0,12.1,0.0,0.0,0.0,79.6
1747229755462,6.4,0.0,13.0,0.0,0.0,0.1,80.4
1747229757472,6.3,0.0,12.7,0.0,0.0,0.1,80.9
1747229759481,6.5,0.0,12.7,0.0,0.0,0.1,80.7
1747229761492,7.8,0.0,12.2,0.0,0.0,0.1,79.8
1747229763501,6.9,0.0,12.5,0.0,0.0,0.1,80.4
1747229765511,7.2,0.0,12.4,0.0,0.0,0.1,80.3
1747229767532,7.2,0.0,12.7,0.0,0.0,0.1,80.0
1747229769552,8.0,0.0,11.6,0.0,0.0,0.2,80.2
1747229771568,6.9,0.0,12.2,0.0,0.0,0.2,80.7
1747229773580,6.0,0.0,11.8,0.0,0.0,0.1,82.1
1747229775588,6.4,0.0,12.1,0.0,0.0,0.1,81.4
1747229777608,0.0,0.0,0.0,0.0,0.0,0.0,0.0
1747229779626,9.1,0.0,14.4,0.0,0.0,0.1,76.4
1747229781637,10.1,0.0,15.8,0.0,0.0,0.4,73.7
1747229783649,10.9,0.0,15.7,0.0,0.0,0.0,73.4
1747229785661,11.4,0.0,17.0,0.0,0.0,0.2,71.4
1747229787673,10.3,0.0,14.9,0.0,0.0,0.2,74.7
1747229789684,10.0,0.0,15.4,0.0,0.0,0.0,74.6
1747229791696,9.7,0.0,15.6,0.0,0.0,0.1,74.6
1747229793715,9.6,0.0,15.4,0.0,0.0,0.0,75.0
1747229795735,0.0,0.0,0.0,0.0,0.0,0.0,0.0
1747229797746,9.9,0.0,14.0,0.0,0.0,0.1,76.0
1747229799757,9.2,0.0,14.9,0.0,0.0,0.1,75.8
1747229801770,10.0,0.0,14.2,0.0,0.0,0.3,75.5
1747229803781,0.2,0.0,0.3,0.0,0.0,0.0,99.5
1747229805792,7.0,0.0,11.2,0.0,0.0,0.2,81.7
1747229807803,7.0,0.0,11.9,0.0,0.0,0.1,81.1
1747229809814,7.2,0.0,11.5,0.0,0.0,0.1,81.2
1747229811826,0.1,0.0,0.2,0.0,0.0,0.0,99.6
1747229813837,6.9,0.0,11.7,0.0,0.0,0.2,81.2
1747229815848,7.4,0.0,11.9,0.0,0.0,0.2,80.5
1747229817859,6.9,0.0,12.2,0.0,0.0,0.1,80.9
1747229819870,7.8,0.0,12.4,0.0,0.0,0.1,79.7
1747229821880,7.4,0.0,11.1,0.0,0.0,0.2,81.2
1747229823890,6.6,0.0,12.2,0.0,0.0,0.0,81.1
1747229825898,6.8,0.0,11.9,0.0,0.0,0.1,81.1
1747229827910,7.7,0.0,11.3,0.0,0.0,0.0,80.9
1747229829918,6.4,0.0,11.8,0.0,0.0,0.1,81.8
1747229831929,6.5,0.0,12.1,0.0,0.0,0.1,81.3
1747229833938,6.6,0.0,12.3,0.0,0.0,0.1,81.0
1747229835956,7.1,0.0,12.6,0.0,0.0,0.1,80.2
1747229837966,6.3,0.0,13.1,0.0,0.0,0.1,80.4
1747229839978,6.5,0.0,12.0,0.0,0.0,0.1,81.4
1747229841989,6.7,0.0,12.3,0.0,0.0,0.1,80.9
1747229844000,0.0,0.0,0.0,0.0,0.0,0.0,0.0
1747229846010,8.9,0.0,13.6,0.0,0.0,0.1,77.4
1747229848032,10.0,0.0,14.3,0.0,0.0,0.1,75.6
1747229850046,9.9,0.0,13.9,0.0,0.0,0.0,76.1
1747229852059,10.6,0.0,14.6,0.0,0.0,0.2,74.6
1747229854073,10.0,0.0,14.4,0.0,0.0,0.1,75.5
1747229856086,9.7,0.0,14.3,0.0,0.0,0.1,75.9
1747229858098,9.9,0.0,14.9,0.0,0.0,0.1,75.1
1747229860109,9.9,0.0,15.0,0.0,0.0,0.1,75.0
1747229862121,0.0,0.0,0.0,0.0,0.0,0.0,0.0
1747229864132,9.5,0.0,13.9,0.0,0.0,0.1,76.5
1747229866144,9.4,0.0,13.8,0.0,0.0,0.1,76.6
1747229868156,9.2,0.0,14.2,0.0,0.0,0.1,76.6
1747229870167,0.0,0.0,0.0,0.0,0.0,0.0,99.9
1747229872177,6.9,0.0,11.7,0.0,0.0,0.1,81.3
1747229874188,6.5,0.0,12.0,0.0,0.0,0.1,81.3
1747229876198,6.6,0.0,12.2,0.0,0.0,0.0,81.2
1747229878209,7.2,0.0,11.3,0.0,0.0,0.1,81.4
1747229880220,6.9,0.0,12.4,0.0,0.0,0.1,80.7
1747229882229,6.7,0.0,11.9,0.0,0.0,0.1,81.3
1747229884239,6.6,0.0,12.8,0.0,0.0,0.1,80.5
1747229886254,6.8,0.0,11.3,0.0,0.0,0.1,81.8
1747229888272,6.5,0.0,12.4,0.0,0.0,0.1,81.0
1747229890285,6.9,0.0,11.9,0.0,0.0,0.1,81.2
1747229892296,7.3,0.0,12.0,0.0,0.0,0.0,80.7
1747229894304,7.2,0.0,14.1,0.0,0.0,0.0,78.7
1747229896313,8.0,0.0,13.2,0.0,0.0,0.1,78.7
1747229898326,7.4,0.0,14.1,0.0,0.0,0.1,78.3
1747229900337,7.8,0.0,13.6,0.0,0.0,0.1,78.6
1747229902348,7.5,0.0,13.9,0.0,0.0,0.1,78.5
1747229904358,7.7,0.0,13.6,0.0,0.0,0.1,78.5
1747229906368,7.5,0.0,13.2,0.1,0.0,0.1,79.1
1747229908377,7.3,0.0,13.8,0.0,0.0,0.0,78.8
1747229910386,7.6,0.0,13.0,0.0,0.0,0.0,79.4
1747229912398,10.9,0.0,14.4,0.0,0.0,0.1,74.6
1747229914412,11.2,0.0,16.0,0.0,0.0,0.1,72.7
1747229916425,10.6,0.0,16.6,0.0,0.0,0.2,72.6
1747229918438,10.7,0.0,16.4,0.0,0.0,0.2,72.7
1747229920457,0.0,0.0,0.0,0.0,0.0,0.0,0.0
1747229922472,10.1,0.0,14.8,0.0,0.0,0.1,75.1
1747229924485,9.8,0.0,16.0,0.0,0.0,0.1,74.0
1747229926498,10.2,0.0,15.4,0.0,0.0,0.2,74.2
1747229928510,0.0,0.0,0.0,0.0,0.0,0.0,0.0
1747229930521,10.0,0.0,15.4,0.0,0.0,0.1,74.5
1747229932534,9.9,0.0,15.7,0.0,0.0,0.1,74.3
1747229934546,10.4,0.0,15.2,0.0,0.0,0.1,74.3
1747229936557,0.1,0.0,0.1,0.0,0.0,0.0,99.8
1747229938568,7.2,0.0,12.3,0.0,0.0,0.1,80.4
1747229940577,7.1,0.0,12.5,0.0,0.0,0.1,80.3
1747229942589,7.5,0.0,11.7,0.0,0.0,0.0,80.8
1747229944598,6.6,0.0,12.4,0.0,0.0,0.1,80.9
1747229946609,7.2,0.0,13.1,0.0,0.0,0.1,79.6
1747229948620,7.3,0.0,13.1,0.0,0.0,0.0,79.6
1747229950630,7.3,0.0,13.8,0.0,0.0,0.1,78.8
1747229952644,7.1,0.0,13.0,0.0,0.0,0.1,79.8
1747229954663,6.8,0.0,12.7,0.0,0.0,0.1,80.3
1747229956671,7.0,0.0,13.6,0.0,0.0,0.1,79.3
1747229958683,7.6,0.0,13.1,0.0,0.0,0.1,79.1
1747229960694,8.1,0.0,13.8,0.0,0.0,0.1,77.9
1747229962705,6.9,0.0,13.6,0.0,0.0,0.0,79.4
1747229964714,7.5,0.0,13.5,0.0,0.0,0.1,79.0
1747229966724,7.4,0.0,13.0,0.0,0.0,0.1,79.5
1747229968735,7.5,0.0,14.3,0.0,0.0,0.0,78.2
1747229970745,11.3,0.0,16.1,0.0,0.0,0.1,72.4
1747229972755,11.4,0.0,16.5,0.0,0.0,0.0,72.1
1747229974768,10.4,0.0,16.3,0.0,0.0,0.0,73.3
1747229976786,10.0,0.0,17.0,0.0,0.0,0.0,73.0
1747229978799,0.0,0.0,0.0,0.0,0.0,0.0,0.0
1747229980811,9.9,0.0,15.5,0.0,0.0,0.1,74.5
1747229982823,10.7,0.0,15.5,0.0,0.0,0.0,73.8
1747229984835,11.3,0.0,14.9,0.0,0.0,0.1,73.7
1747229986846,0.0,0.0,0.0,0.0,0.0,0.0,0.0
1747229988855,10.4,0.0,14.9,0.0,0.0,0.0,74.7
1747229990867,10.1,0.0,15.5,0.0,0.0,0.0,74.3
1747229992878,10.4,0.0,14.9,0.0,0.0,0.0,74.8
1747229994890,0.2,0.0,0.3,0.0,0.0,0.0,99.4
1747229996901,6.8,0.0,11.3,0.0,0.0,0.2,81.7
1747229998913,6.8,0.0,11.7,0.0,0.0,0.2,81.4
1747230000923,7.2,0.0,11.8,0.0,0.0,0.0,81.0
1747230002935,6.5,0.0,13.1,0.0,0.0,0.1,80.3
1747230004945,7.0,0.0,13.3,0.0,0.0,0.0,79.7
1747230006975,7.1,0.0,13.3,0.0,0.0,0.1,79.5
1747230008998,7.5,0.0,13.7,0.0,0.0,0.2,78.6
1747230011024,7.0,0.0,11.9,0.0,0.0,0.1,80.9
1747230013041,7.2,0.0,13.4,0.0,0.0,0.1,79.3
1747230015051,7.6,0.0,12.2,0.0,0.0,0.1,80.1
1747230017060,6.5,0.0,13.6,0.0,0.0,0.1,79.8
1747230019071,7.4,0.0,13.0,0.0,0.0,0.1,79.5
1747230021081,6.9,0.0,13.4,0.0,0.0,0.1,79.6
1747230023092,7.2,0.0,13.0,0.0,0.0,0.1,79.7
1747230025103,7.2,0.0,13.2,0.0,0.0,0.1,79.5
1747230027114,7.0,0.0,13.8,0.0,0.0,0.1,79.0
1747230029126,7.8,0.0,13.7,0.0,0.0,0.1,78.4
1747230031138,6.9,0.0,13.5,0.0,0.0,0.1,79.5
1747230033149,7.0,0.0,13.6,0.0,0.0,0.1,79.2
1747230035160,7.3,0.0,12.6,0.0,0.0,0.1,80.0
1747230037171,6.7,0.0,12.5,0.0,0.0,0.1,80.7
1747230039181,7.2,0.0,13.2,0.0,0.0,0.0,79.6
1747230041192,6.3,0.0,13.0,0.0,0.0,0.2,80.5
1747230043202,6.8,0.0,12.9,0.0,0.0,0.1,80.3
1747230045211,9.5,0.0,14.2,0.0,0.0,0.1,76.3
1747230047232,11.4,0.0,15.6,0.0,0.0,0.1,72.9
1747230049244,10.7,0.0,16.2,0.0,0.0,0.0,73.0
1747230051255,11.2,0.0,17.0,0.0,0.0,0.2,71.7
1747230053267,0.0,0.0,0.0,0.0,0.0,0.0,0.0
1747230055278,10.2,0.0,16.0,0.0,0.0,0.1,73.8
1747230057290,10.7,0.0,15.6,0.1,0.0,0.1,73.6
1747230059303,10.2,0.0,15.6,0.0,0.0,0.1,74.1
1747230061316,0.0,0.0,0.0,0.0,0.0,0.0,0.0
1747230063330,9.7,0.0,14.9,0.0,0.0,0.0,75.4
1747230065343,8.8,0.0,15.0,0.0,0.0,0.0,76.2
1747230067365,9.6,0.0,14.1,0.0,0.0,0.0,76.3
1747230069384,8.9,0.0,13.9,0.0,0.0,0.0,77.1
1747230071399,8.9,0.0,14.2,0.0,0.0,0.2,76.8
1747230073411,9.0,0.0,14.8,0.0,0.0,0.1,76.1
1747230075423,9.3,0.0,14.2,0.0,0.0,0.0,76.5
1747230077435,9.4,0.0,15.2,0.0,0.0,0.1,75.4
1747230079448,6.7,0.0,11.0,0.0,0.0,0.1,82.3
1747230081464,6.4,0.0,12.2,0.0,0.0,0.3,81.2
1747230083475,6.1,0.0,12.2,0.0,0.0,0.1,81.5
1747230085487,7.2,0.0,11.7,0.0,0.0,0.1,81.0
1747230087498,7.7,0.0,11.8,0.0,0.0,0.1,80.3
1747230089509,6.9,0.0,12.4,0.0,0.0,0.1,80.6
1747230091520,7.1,0.0,12.7,0.0,0.0,0.3,80.0
1747230093531,7.6,0.0,12.5,0.0,0.0,0.1,79.8
1747230095540,0.2,0.0,0.3,0.0,0.0,0.0,99.5
1747230097548,6.9,0.0,12.0,0.0,0.0,0.1,81.0
1747230099557,6.3,0.0,12.4,0.0,0.0,0.0,81.2
1747230101566,6.3,0.0,12.9,0.0,0.0,0.2,80.6
1747230103578,0.1,0.0,0.3,0.0,0.0,0.0,99.6
1747230105589,6.4,0.0,13.1,0.0,0.0,0.0,80.5
1747230107601,7.3,0.0,12.6,0.0,0.0,0.0,80.1
1747230109612,7.2,0.0,12.6,0.0,0.0,0.1,80.1
1747230111622,0.2,0.0,0.3,0.0,0.0,0.0,99.5
1747230113632,7.8,0.0,12.9,0.0,0.0,0.1,79.1
1747230115642,8.1,0.0,13.7,0.0,0.0,0.1,78.1
1747230117654,7.8,0.0,13.9,0.0,0.0,0.0,78.2
1747230119666,0.2,0.0,0.3,0.0,0.0,0.0,99.5
1747230121677,8.8,0.0,14.2,0.0,0.0,0.4,76.6
1747230123687,7.7,0.0,13.9,0.0,0.0,0.3,78.2
1747230125697,7.9,0.0,14.2,0.0,0.0,0.1,77.9
1747230127707,8.3,0.0,13.4,0.0,0.0,0.2,78.1
1747230129727,7.6,0.0,13.2,0.1,0.0,0.1,79.0
1747230131736,7.7,0.0,13.0,0.0,0.0,0.1,79.2
1747230133758,7.6,0.0,13.1,0.0,0.0,0.1,79.2
1747230135771,9.1,0.0,14.2,0.0,0.0,0.1,76.6
1747230137782,7.8,0.0,14.0,0.0,0.0,0.2,78.1
1747230139793,8.0,0.0,14.3,0.0,0.0,0.1,77.6
1747230141805,8.0,0.0,13.9,0.0,0.0,0.3,77.9
1747230143816,8.8,0.0,13.9,0.0,0.0,0.1,77.2
1747230145826,7.8,0.0,14.2,0.0,0.0,0.1,77.9
1747230147838,8.2,0.0,13.9,0.0,0.0,0.1,77.7
1747230149850,7.3,0.0,13.6,0.1,0.0,0.1,79.0
1747230151862,8.6,0.0,13.8,0.0,0.0,0.1,77.5
1747230153872,7.7,0.0,13.1,0.0,0.0,0.1,79.2
1747230155885,7.7,0.0,13.0,0.0,0.0,0.1,79.2
1747230157897,8.0,0.0,13.2,0.0,0.0,0.1,78.8
1747230159909,8.3,0.0,13.3,0.0,0.0,0.1,78.3
1747230161920,7.9,0.0,13.8,0.0,0.0,0.2,78.2
1747230163932,7.4,0.0,14.2,0.0,0.0,0.1,78.2
1747230165942,7.8,0.0,14.1,0.0,0.0,0.2,77.9
1747230167955,8.3,0.0,14.6,0.0,0.0,0.1,77.1
1747230169965,8.6,0.0,12.9,0.1,0.0,0.1,78.3
1747230171972,7.2,0.0,14.1,0.0,0.0,0.1,78.6
1747230173985,8.4,0.0,13.1,0.0,0.0,0.1,78.4
1747230176006,8.6,0.0,13.1,0.0,0.0,0.1,78.3
1747230178014,7.8,0.0,13.2,0.0,0.0,0.1,79.0
1747230180026,7.2,0.0,13.8,0.0,0.0,0.1,78.8
1747230182035,7.7,0.0,14.3,0.0,0.0,0.1,77.8
1747230184046,8.7,0.0,13.8,0.0,0.0,0.1,77.4
1747230186056,7.6,0.0,14.3,0.0,0.0,0.1,78.0
1747230188066,7.1,0.0,14.1,0.0,0.0,0.1,78.6
1747230190077,8.4,0.0,13.8,0.0,0.0,0.2,77.5
1747230192088,8.4,0.0,15.1,0.0,0.0,0.2,76.2
1747230194098,7.2,0.0,14.2,0.0,0.0,0.1,78.5
1747230196106,7.6,0.0,13.6,0.0,0.0,0.2,78.6
1747230198115,7.3,0.0,13.9,0.0,0.0,0.1,78.7
1747230200127,8.6,0.0,13.9,0.0,0.0,0.2,77.3
1747230202145,6.9,0.0,14.5,0.0,0.0,0.1,78.6
1747230204160,7.6,0.0,13.6,0.0,0.0,0.1,78.7
1747230206174,7.8,0.0,13.7,0.1,0.0,0.1,78.4
1747230208185,8.9,0.0,13.6,0.0,0.0,0.1,77.4
1747230210195,8.4,0.0,13.3,0.0,0.0,0.1,78.2
1747230212204,7.3,0.0,14.4,0.0,0.0,0.1,78.1
1747230214215,8.0,0.0,13.7,0.0,0.0,0.1,78.2
1747230216226,0.0,0.0,0.0,0.0,0.0,0.0,0.0
1747230218236,11.8,0.0,18.2,0.0,0.0,0.0,70.0
1747230220247,11.6,0.0,18.1,0.0,0.0,0.1,70.2
1747230222258,12.4,0.0,17.7,0.0,0.0,0.1,69.8
1747230224269,12.3,0.0,17.4,0.0,0.0,0.1,70.1
1747230226281,11.4,0.0,15.5,0.0,0.0,0.1,72.9
1747230228292,11.4,0.0,17.6,0.0,0.0,0.0,70.9
1747230230304,11.9,0.0,16.4,0.0,0.0,0.1,71.6
1747230232317,11.6,0.0,17.7,0.0,0.0,0.1,70.6
1747230234331,10.3,0.0,15.9,0.0,0.0,0.0,73.9
1747230236348,11.1,0.0,15.8,0.0,0.0,0.1,73.0
1747230238362,10.4,0.0,16.6,0.0,0.0,0.1,72.8
1747230240380,11.5,0.0,16.7,0.0,0.0,0.1,71.7
1747230242400,8.3,0.0,12.3,0.0,0.0,0.2,79.2
1747230244423,7.7,0.0,13.7,0.0,0.0,0.0,78.5
1747230246434,7.8,0.0,12.6,0.0,0.0,0.1,79.4
1747230248445,7.5,0.0,13.4,0.0,0.0,0.1,78.9
1747230250457,8.8,0.0,12.7,0.0,0.0,0.2,78.4
1747230252466,7.4,0.0,13.2,0.0,0.0,0.2,79.1
1747230254476,7.4,0.0,14.0,0.0,0.0,0.1,78.5
1747230256488,7.9,0.0,14.3,0.0,0.0,0.1,77.7
1747230258498,7.9,0.0,13.2,0.0,0.0,0.1,78.8
1747230260508,7.0,0.0,13.1,0.0,0.0,0.0,79.9
1747230262517,7.3,0.0,14.3,0.0,0.0,0.2,78.2
1747230264526,8.2,0.0,14.2,0.0,0.0,0.1,77.5
1747230266537,8.3,0.0,13.0,0.0,0.0,0.2,78.5
1747230268546,7.7,0.0,12.5,0.0,0.0,0.1,79.7
1747230270555,6.5,0.0,14.1,0.0,0.0,0.0,79.4
1747230272566,7.5,0.0,13.2,0.0,0.0,0.0,79.2
1747230274576,8.1,0.0,13.3,0.0,0.0,0.2,78.4
1747230276586,7.7,0.0,13.2,0.0,0.0,0.1,78.9
1747230278597,7.3,0.0,13.1,0.0,0.0,0.0,79.6
1747230280608,7.1,0.0,13.6,0.0,0.0,0.0,79.2
1747230282618,9.2,0.0,13.3,0.0,0.0,0.0,77.5
1747230284627,8.6,0.0,13.0,0.0,0.0,0.0,78.4
1747230286636,8.2,0.0,13.4,0.0,0.0,0.2,78.2
1747230288648,8.2,0.0,13.9,0.0,0.0,0.0,77.9
1747230290659,8.1,0.0,13.5,0.0,0.0,0.1,78.3
1747230292668,7.7,0.0,13.7,0.0,0.0,0.1,78.5
1747230294677,7.1,0.0,12.4,0.0,0.0,0.1,80.4
1747230296697,7.0,0.0,12.3,0.0,0.0,0.3,80.5
1747230298708,7.6,0.0,12.6,0.0,0.0,0.0,79.8
1747230300718,7.2,0.0,12.0,0.0,0.0,0.1,80.6
1747230302729,7.7,0.0,12.5,0.0,0.0,0.0,79.8
1747230304738,7.2,0.0,13.0,0.0,0.0,0.1,79.7
1747230306750,8.0,0.0,13.4,0.0,0.0,0.0,78.6
1747230308763,8.6,0.0,12.4,0.0,0.0,0.0,79.0
1747230310773,7.5,0.0,13.4,0.0,0.0,0.1,79.1
1747230312783,7.9,0.0,14.2,0.0,0.0,0.0,77.8
1747230314793,8.8,0.0,12.4,0.0,0.0,0.1,78.6
1747230316805,7.4,0.0,13.1,0.0,0.0,0.1,79.4
1747230318816,7.2,0.0,12.8,0.0,0.0,0.0,80.0
1747230320828,7.0,0.0,12.7,0.1,0.0,0.1,80.1
1747230322848,8.3,0.0,12.6,0.0,0.0,0.1,79.0
1747230324860,6.8,0.0,13.2,0.0,0.0,0.1,79.9
1747230326872,7.6,0.0,12.3,0.0,0.0,0.1,80.0
1747230328883,7.1,0.0,12.9,0.0,0.0,0.0,79.9
1747230330894,8.5,0.0,13.3,0.1,0.0,0.0,78.1
1747230332904,7.8,0.0,13.2,0.0,0.0,0.0,79.0
1747230334914,7.6,0.0,13.6,0.0,0.0,0.1,78.7
1747230336922,7.4,0.0,12.7,0.0,0.0,0.1,79.8
1747230338931,8.7,0.0,12.8,0.0,0.0,0.1,78.4
1747230340950,7.8,0.0,13.6,0.1,0.0,0.1,78.4
1747230342962,7.2,0.0,13.9,0.0,0.0,0.0,78.9
1747230344971,7.3,0.0,14.3,0.0,0.0,0.1,78.3
1747230346980,8.4,0.0,14.0,0.0,0.0,0.2,77.5
1747230348991,6.9,0.0,14.3,0.0,0.0,0.1,78.6
1747230351002,7.8,0.0,12.3,0.0,0.0,0.1,79.8
1747230353011,7.2,0.0,14.6,0.0,0.0,0.1,78.2
1747230355020,8.7,0.0,13.4,0.0,0.0,0.1,77.8
1747230357028,7.5,0.0,11.9,0.0,0.0,0.2,80.4
1747230359036,7.2,0.0,12.4,0.0,0.0,0.0,80.3
1747230361047,6.9,0.0,12.0,0.0,0.0,0.0,81.0
1747230363057,7.6,0.0,12.4,0.0,0.0,0.1,79.9
1747230365069,7.2,0.0,12.5,0.0,0.0,0.0,80.3
1747230367077,7.2,0.0,13.4,0.0,0.0,0.1,79.4
1747230369087,7.2,0.0,13.6,0.0,0.0,0.0,79.2
1747230371096,8.1,0.0,13.9,0.0,0.0,0.0,78.0
1747230373104,7.6,0.0,12.9,0.0,0.0,0.1,79.4
1747230375113,7.3,0.0,13.3,0.0,0.0,0.1,79.2
1747230377123,7.5,0.0,13.8,0.0,0.0,0.1,78.6
1747230379133,9.2,0.0,13.8,0.0,0.0,0.1,76.9
1747230381145,8.6,0.0,13.7,0.0,0.0,0.0,77.7
1747230383156,7.3,0.0,13.0,0.0,0.0,0.0,79.6
1747230385167,7.8,0.0,13.2,0.0,0.0,0.1,78.9
1747230387177,7.9,0.0,13.0,0.0,0.0,0.1,78.9
1747230389189,7.6,0.0,13.1,0.0,0.0,0.1,79.3
1747230391202,8.0,0.0,13.1,0.0,0.0,0.0,78.9
1747230393212,8.3,0.0,14.0,0.0,0.0,0.1,77.6
1747230395222,10.0,0.0,13.6,0.0,0.0,0.0,76.3
1747230397234,8.1,0.0,12.6,0.0,0.0,0.2,79.0
1747230399245,7.7,0.0,13.5,0.0,0.0,0.1,78.7
1747230401257,8.1,0.0,12.8,0.0,0.0,0.1,79.0
1747230403268,8.8,0.0,13.8,0.0,0.0,0.1,77.3
1747230405278,7.8,0.0,14.1,0.0,0.0,0.1,78.0
1747230407287,8.0,0.0,14.5,0.0,0.0,0.1,77.4
1747230409295,7.8,0.0,13.9,0.0,0.0,0.0,78.2
1747230411313,7.6,0.0,12.9,0.0,0.0,0.0,79.5
1747230413322,7.2,0.0,13.5,0.0,0.0,0.1,79.3
1747230415338,6.8,0.0,14.0,0.0,0.0,0.1,79.1
1747230417354,7.1,0.0,13.6,0.0,0.0,0.1,79.2
1747230419365,8.3,0.0,14.0,0.0,0.0,0.1,77.6
1747230421375,7.7,0.0,13.6,0.0,0.0,0.2,78.5
1747230423386,7.8,0.0,13.5,0.0,0.0,0.1,78.6
1747230425397,7.5,0.0,14.1,0.0,0.0,0.2,78.3
1747230427407,7.5,0.0,13.2,0.0,0.0,0.1,79.2
1747230429416,6.9,0.0,13.3,0.0,0.0,0.0,79.8
1747230431427,7.2,0.0,13.1,0.0,0.0,0.1,79.5
1747230433441,7.5,0.0,12.9,0.0,0.0,0.1,79.5
1747230435453,7.1,0.0,13.3,0.0,0.0,0.1,79.5
1747230437464,7.1,0.0,12.7,0.0,0.0,0.1,80.1
1747230439473,6.9,0.0,13.6,0.0,0.0,0.1,79.4
1747230441484,7.8,0.0,13.5,0.0,0.0,0.1,78.6
1747230443494,7.9,0.0,13.3,0.0,0.0,0.0,78.7
1747230445502,7.1,0.0,13.2,0.0,0.0,0.0,79.6
1747230447512,7.4,0.0,14.7,0.0,0.0,0.1,77.8
1747230449523,7.8,0.0,13.2,0.0,0.0,0.0,79.0
1747230451535,7.4,0.0,13.8,0.0,0.0,0.1,78.7
1747230453547,7.9,0.0,13.7,0.0,0.0,0.1,78.3
1747230455559,7.3,0.0,14.1,0.0,0.0,0.0,78.5
1747230457570,7.9,0.0,13.3,0.0,0.0,0.0,78.9
1747230459580,8.2,0.0,13.5,0.0,0.0,0.1,78.2
1747230461590,7.4,0.0,13.1,0.0,0.0,0.1,79.4
1747230463597,8.1,0.0,12.2,0.0,0.0,0.0,79.7
1747230465607,7.7,0.0,13.4,0.0,0.0,0.1,78.9
1747230467618,8.1,0.0,13.3,0.0,0.0,0.1,78.5
1747230469629,7.0,0.0,13.6,0.0,0.0,0.0,79.4
1747230471640,8.1,0.0,12.9,0.0,0.0,0.1,78.9
1747230473651,7.5,0.0,12.8,0.0,0.0,0.1,79.5
1747230475661,8.4,0.0,14.2,0.0,0.0,0.1,77.3
1747230477670,7.2,0.0,13.5,0.0,0.0,0.1,79.2
1747230479679,7.9,0.0,13.1,0.0,0.0,0.1,78.9
1747230481689,7.6,0.0,13.1,0.0,0.0,0.2,79.2
1747230483699,8.5,0.0,13.6,0.0,0.0,0.1,77.8
1747230485709,8.0,0.0,12.9,0.0,0.0,0.0,79.1
1747230487717,7.2,0.0,13.5,0.0,0.0,0.0,79.2
1747230489727,6.8,0.0,13.9,0.0,0.0,0.1,79.2
1747230491738,8.5,0.0,13.3,0.0,0.0,0.1,78.2
1747230493750,8.1,0.0,12.8,0.0,0.0,0.2,78.8
1747230495762,7.8,0.0,13.8,0.0,0.0,0.0,78.4
1747230497773,7.0,0.0,14.3,0.0,0.0,0.0,78.7
1747230499782,8.0,0.0,14.1,0.0,0.0,0.1,77.9
1747230501796,8.3,0.0,13.5,0.0,0.0,0.3,77.9
1747230503808,7.4,0.0,14.1,0.0,0.0,0.1,78.4
1747230505818,7.5,0.0,14.1,0.0,0.0,0.0,78.3
1747230507829,8.5,0.0,14.2,0.0,0.0,0.1,77.2
1747230509837,8.6,0.0,14.3,0.0,0.0,0.1,76.9
1747230511847,8.0,0.0,14.4,0.0,0.0,0.2,77.3
1747230513858,7.5,0.0,13.9,0.0,0.0,0.1,78.5
1747230515870,8.2,0.0,13.5,0.0,0.0,0.1,78.2
1747230517882,8.5,0.0,13.3,0.0,0.0,0.1,78.1
1747230519891,7.6,0.0,13.8,0.0,0.0,0.1,78.5
1747230521902,7.5,0.0,13.9,0.0,0.0,0.2,78.5
1747230523913,7.9,0.0,14.3,0.0,0.0,0.1,77.7
1747230525924,8.4,0.0,13.9,0.0,0.0,0.1,77.6
1747230527934,8.0,0.0,13.6,0.0,0.0,0.1,78.2
1747230529944,7.8,0.0,14.2,0.0,0.0,0.1,78.0
1747230531954,8.6,0.0,14.6,0.0,0.0,0.1,76.7
1747230533964,10.3,0.0,14.9,0.0,0.0,0.1,74.7
1747230535973,7.8,0.0,13.8,0.0,0.0,0.0,78.4
1747230537984,8.1,0.0,13.2,0.0,0.0,0.2,78.6
1747230539992,7.0,0.0,14.6,0.0,0.0,0.2,78.2
1747230542000,8.9,0.0,13.1,0.0,0.0,0.1,77.9
1747230544012,7.4,0.0,14.5,0.0,0.0,0.1,78.0
1747230546024,7.7,0.0,14.1,0.0,0.0,0.0,78.2
1747230548036,7.9,0.0,13.4,0.0,0.0,0.0,78.6
1747230550047,8.2,0.0,14.0,0.0,0.0,0.1,77.7
1747230552059,7.8,0.0,13.2,0.0,0.0,0.2,78.8
1747230554070,8.4,0.0,12.7,0.0,0.0,0.1,78.7
1747230556082,7.9,0.0,13.6,0.0,0.0,0.1,78.4
1747230558093,11.1,0.0,14.9,0.0,0.0,0.1,73.9
1747230560102,10.3,0.0,15.2,0.0,0.0,0.1,74.5
1747230562112,8.0,0.0,15.1,0.0,0.0,0.1,76.9
1747230564136,7.1,0.0,13.2,0.0,0.0,0.1,79.6
1747230566157,0.0,0.0,0.0,0.0,0.0,0.0,0.0
1747230568180,10.7,0.0,16.9,0.0,0.0,0.1,72.3
1747230570196,10.9,0.0,16.5,0.0,0.0,0.1,72.5
1747230572218,10.5,0.0,16.7,0.0,0.0,0.3,72.5
1747230574239,10.8,0.0,17.0,0.0,0.0,0.0,72.1
1747230576255,10.5,0.0,15.3,0.0,0.0,0.2,74.1
1747230578266,10.7,0.0,16.7,0.0,0.0,0.0,72.5
1747230580277,10.5,0.0,16.2,0.0,0.0,0.0,73.2
1747230582288,11.4,0.0,16.5,0.0,0.0,0.2,71.8
1747230584298,9.5,0.0,14.7,0.0,0.0,0.1,75.7
1747230586308,10.3,0.0,15.4,0.0,0.0,0.1,74.2
1747230588319,9.7,0.0,15.8,0.0,0.0,0.1,74.4
1747230590330,10.4,0.0,16.7,0.0,0.0,0.1,72.8
1747230592342,8.9,0.0,12.2,0.0,0.0,0.1,78.8
1747230594352,7.9,0.0,12.0,0.0,0.0,0.1,80.0
1747230596361,8.2,0.0,11.9,0.0,0.0,0.1,79.7
1747230598373,7.7,0.0,13.0,0.0,0.0,0.1,79.2
1747230600384,0.1,0.0,0.1,0.0,0.0,0.0,99.8
1747230602395,8.1,0.0,13.3,0.0,0.0,0.2,78.4
1747230604403,7.7,0.0,13.6,0.0,0.0,0.2,78.5
1747230606413,8.0,0.0,13.1,0.0,0.0,0.1,78.8
1747230608423,0.2,0.0,0.3,0.0,0.0,0.0,99.5
1747230610431,7.8,0.0,13.5,0.0,0.0,0.1,78.7
1747230612441,8.0,0.0,13.5,0.0,0.0,0.3,78.2
1747230614460,7.9,0.0,14.2,0.0,0.0,0.2,77.7
1747230616472,0.2,0.0,0.2,0.0,0.0,0.0,99.6
1747230618482,7.7,0.0,14.6,0.0,0.0,0.1,77.7
1747230620493,8.1,0.0,14.1,0.0,0.0,0.1,77.8
1747230622504,7.9,0.0,14.2,0.0,0.0,0.2,77.7
1747230624515,8.8,0.0,14.1,0.0,0.0,0.1,77.0
1747230626525,8.1,0.0,13.6,0.0,0.0,0.1,78.2
1747230628534,7.9,0.0,14.7,0.0,0.0,0.1,77.3
1747230630542,7.7,0.0,15.1,0.0,0.0,0.1,77.2
1747230632556,8.3,0.0,13.4,0.0,0.0,0.2,78.1
1747230634573,7.0,0.0,13.2,0.0,0.0,0.1,79.7
1747230636589,7.9,0.0,15.2,0.0,0.0,0.2,76.7
1747230638601,7.8,0.0,13.2,0.0,0.0,0.1,78.9
1747230640612,8.8,0.0,14.1,0.0,0.0,0.1,77.1
1747230642625,7.5,0.0,14.0,0.0,0.0,0.2,78.4
1747230644637,7.1,0.0,13.8,0.0,0.0,0.1,78.9
1747230646648,7.6,0.0,14.1,0.0,0.0,0.1,78.1
1747230648660,9.7,0.0,14.0,0.0,0.0,0.0,76.2
1747230650672,7.4,0.0,12.9,0.0,0.0,0.1,79.6
1747230652685,7.2,0.0,13.1,0.0,0.0,0.2,79.5
1747230654697,7.1,0.0,13.6,0.0,0.0,0.1,79.2
1747230656708,8.1,0.0,13.2,0.0,0.0,0.2,78.5
1747230658719,7.4,0.0,13.4,0.0,0.0,0.0,79.1
1747230660731,7.7,0.0,13.5,0.0,0.0,0.1,78.7
1747230662744,8.1,0.0,13.2,0.0,0.0,0.2,78.5
1747230664755,8.9,0.0,14.2,0.0,0.0,0.1,76.8
1747230666767,7.5,0.0,13.9,0.0,0.0,0.2,78.4
1747230668778,7.5,0.0,14.0,0.0,0.0,0.0,78.5
1747230670790,8.5,0.0,13.6,0.0,0.0,0.0,78.0
1747230672801,9.7,0.0,14.1,0.0,0.0,0.2,76.1
1747230674812,7.3,0.0,13.7,0.0,0.0,0.0,79.0
1747230676822,7.7,0.0,13.3,0.0,0.0,0.2,78.8
1747230678832,7.2,0.0,13.7,0.0,0.0,0.0,79.1
1747230680842,8.7,0.0,13.4,0.0,0.0,0.1,77.8
1747230682851,7.0,0.0,12.8,0.0,0.0,0.1,80.1
1747230684863,7.2,0.0,13.5,0.0,0.0,0.0,79.3
1747230686871,7.3,0.0,13.7,0.0,0.0,0.1,79.0
1747230688879,8.2,0.0,13.2,0.0,0.0,0.1,78.5
1747230690888,7.5,0.0,14.8,0.0,0.0,0.0,77.7
1747230692905,8.3,0.0,14.8,0.0,0.0,0.1,76.8
1747230694919,8.4,0.0,13.6,0.0,0.0,0.0,78.0
1747230696930,8.5,0.0,13.5,0.0,0.0,0.2,77.7
1747230698940,7.3,0.0,13.9,0.0,0.0,0.0,78.7
1747230700951,8.0,0.0,13.1,0.0,0.0,0.0,78.9
1747230702963,7.3,0.0,13.6,0.0,0.0,0.0,79.0
1747230704975,8.7,0.0,13.0,0.0,0.0,0.1,78.2
1747230706987,7.1,0.0,13.9,0.0,0.0,0.1,78.9
1747230708998,7.8,0.0,13.2,0.0,0.0,0.0,79.0
1747230711008,7.8,0.0,13.6,0.0,0.0,0.0,78.5
1747230713019,8.3,0.0,14.2,0.0,0.0,0.1,77.4
1747230715031,8.3,0.0,13.1,0.0,0.0,0.1,78.6
1747230717044,8.4,0.0,14.2,0.0,0.0,0.1,77.3
1747230719055,7.6,0.0,13.7,0.0,0.0,0.1,78.6
1747230721067,10.2,0.0,16.0,0.0,0.0,0.1,73.8
1747230723078,7.5,0.0,13.3,0.0,0.0,0.1,79.0
1747230725090,7.7,0.0,13.6,0.0,0.0,0.1,78.6
1747230727101,7.4,0.0,13.9,0.0,0.0,0.2,78.5
1747230729112,0.0,0.0,0.0,0.0,0.0,0.0,0.0
1747230731122,11.4,0.0,18.9,0.0,0.0,0.1,69.6
1747230733132,10.8,0.0,16.1,0.0,0.0,0.1,73.0
1747230735150,11.8,0.0,17.2,0.0,0.0,0.1,70.9
1747230737162,11.0,0.0,18.4,0.0,0.0,0.1,70.5
1747230739176,9.5,0.0,12.8,0.4,0.0,0.0,77.3
1747230741196,10.7,0.0,15.2,1.3,0.0,0.0,72.8
1747230743214,10.6,0.0,15.1,0.0,0.0,0.0,74.2
1747230745233,10.6,0.0,15.9,0.0,0.0,0.1,73.4
1747230747248,0.0,0.0,0.0,0.0,0.0,0.0,0.0
1747230749260,10.3,0.0,14.6,0.0,0.0,0.0,75.1
1747230751274,10.1,0.0,15.1,0.0,0.0,0.1,74.8
1747230753287,10.1,0.0,15.3,0.0,0.0,0.0,74.5
1747230755299,0.2,0.0,0.3,0.0,0.0,0.0,99.4
1747230757310,7.4,0.0,12.0,0.0,0.0,0.1,80.6
1747230759325,7.1,0.0,11.1,0.0,0.0,0.0,81.7
1747230761343,7.8,0.0,11.7,0.0,0.0,0.0,80.5
1747230763355,0.2,0.0,0.3,0.0,0.0,0.0,99.5
1747230765366,7.3,0.0,12.8,0.0,0.0,0.1,79.8
1747230767375,7.1,0.0,13.1,0.0,0.0,0.2,79.6
1747230769386,7.6,0.0,12.6,0.0,0.0,0.1,79.7
1747230771397,0.1,0.0,0.2,0.0,0.0,0.0,99.6
1747230773409,7.7,0.0,13.3,0.0,0.0,0.1,78.9
1747230775419,7.0,0.0,14.5,0.0,0.0,0.1,78.4
1747230777432,7.8,0.0,13.4,0.0,0.0,0.2,78.6
1747230779443,8.4,0.0,13.4,0.0,0.0,0.0,78.2
1747230781457,7.8,0.0,14.0,0.0,0.0,0.1,78.1
1747230783468,7.8,0.0,15.2,0.0,0.0,0.1,76.8
1747230785479,9.1,0.0,14.9,0.0,0.0,0.0,75.9
1747230787490,7.4,0.0,14.7,0.0,0.0,0.1,77.8
1747230789501,7.2,0.0,14.2,0.0,0.0,0.1,78.4
1747230791511,7.7,0.0,14.3,0.0,0.0,0.0,77.9
1747230793522,7.9,0.0,15.5,0.0,0.0,0.0,76.5
1747230795533,7.8,0.0,14.8,0.0,0.0,0.0,77.3
1747230797544,7.5,0.0,15.3,0.0,0.0,0.2,77.0
1747230799555,7.3,0.0,14.9,0.0,0.0,0.1,77.7
1747230801565,7.7,0.0,14.3,0.0,0.0,0.1,77.9
1747230803573,9.2,0.0,13.9,0.0,0.0,0.0,76.9
1747230805596,10.4,0.0,15.0,0.0,0.0,0.0,74.5
1747230807617,10.9,0.0,16.0,0.0,0.0,0.1,73.0
1747230809644,10.8,0.0,16.3,0.0,0.0,0.0,72.8
1747230811657,10.4,0.0,17.0,0.0,0.0,0.0,72.6
1747230813669,0.0,0.0,0.0,0.0,0.0,0.0,0.0
1747230815682,10.8,0.0,16.0,0.0,0.0,0.1,73.1
1747230817695,10.9,0.0,16.3,0.0,0.0,0.1,72.7
1747230819707,11.1,0.0,16.3,0.0,0.0,0.0,72.6
1747230821718,0.0,0.0,0.0,0.0,0.0,0.0,0.0
1747230823729,10.3,0.0,15.3,0.0,0.0,0.0,74.3
1747230825739,10.0,0.0,15.9,0.0,0.0,0.1,74.0
1747230827750,10.6,0.0,15.1,0.0,0.0,0.1,74.2
1747230829761,0.1,0.0,0.1,0.0,0.0,0.0,99.8
1747230831771,7.4,0.0,11.1,0.0,0.0,0.0,81.4
1747230833783,7.0,0.0,11.9,0.0,0.0,0.0,81.0
1747230835795,7.8,0.0,11.3,0.0,0.0,0.0,80.8
1747230837806,6.6,0.0,13.0,0.0,0.0,0.2,80.2
1747230839816,7.3,0.0,12.8,0.0,0.0,0.0,79.9
1747230841827,6.9,0.0,14.0,0.0,0.0,0.0,79.1
1747230843838,7.4,0.0,13.7,0.0,0.0,0.0,78.9
1747230845849,8.0,0.0,13.4,0.0,0.0,0.2,78.4
1747230847860,8.1,0.0,13.5,0.0,0.0,0.1,78.2
1747230849871,9.2,0.0,13.4,0.0,0.0,0.0,77.4
1747230851881,7.6,0.0,13.4,0.0,0.0,0.1,78.9
1747230853893,7.8,0.0,15.1,0.0,0.0,0.1,77.0
1747230855902,7.0,0.0,13.1,0.0,0.0,0.0,79.8
1747230857910,7.1,0.0,13.6,0.0,0.0,0.2,79.1
1747230859919,7.6,0.0,12.9,0.0,0.0,0.1,79.4
1747230861930,7.9,0.0,14.4,0.0,0.0,0.0,77.7
1747230863942,7.7,0.0,13.4,0.0,0.0,0.1,78.8
1747230865954,7.5,0.0,14.3,0.0,0.0,0.2,78.0
1747230867965,7.1,0.0,14.2,0.0,0.0,0.1,78.6
1747230869975,7.7,0.0,14.2,0.0,0.0,0.1,77.9
1747230871985,7.5,0.0,13.9,0.0,0.0,0.1,78.5
1747230873998,7.7,0.0,13.2,0.0,0.0,0.1,79.0
1747230876009,7.0,0.0,14.3,0.0,0.0,0.1,78.6
1747230878020,7.0,0.0,13.4,0.0,0.0,0.1,79.5
1747230880031,6.9,0.0,13.6,0.0,0.0,0.1,79.4
1747230882043,7.3,0.0,13.5,0.0,0.0,0.1,79.0
1747230884054,8.2,0.0,12.6,0.0,0.0,0.1,79.1
1747230886065,7.6,0.0,13.6,0.0,0.0,0.1,78.7
1747230888077,7.1,0.0,13.8,0.0,0.0,0.0,79.1
1747230890088,7.8,0.0,12.8,0.0,0.0,0.1,79.2
1747230892099,6.9,0.0,14.5,0.0,0.0,0.1,78.5
1747230894110,6.9,0.0,14.8,0.0,0.0,0.1,78.2
1747230896121,7.4,0.0,13.9,0.0,0.0,0.1,78.5
1747230898132,8.7,0.0,13.7,0.0,0.0,0.0,77.6
1747230900143,7.5,0.0,13.1,0.0,0.0,0.1,79.3
1747230902154,7.7,0.0,13.6,0.0,0.0,0.0,78.6
1747230904165,7.5,0.0,14.1,0.0,0.0,0.0,78.3
1747230906176,7.3,0.0,14.4,0.0,0.0,0.1,78.2
1747230908187,7.1,0.0,13.1,0.0,0.0,0.0,79.8
1747230910197,7.3,0.0,13.4,0.0,0.0,0.0,79.3
1747230912207,11.7,0.0,16.5,0.0,0.0,0.2,71.6
1747230914216,9.5,0.0,17.2,0.0,0.0,0.1,73.3
1747230916233,10.6,0.0,16.3,0.0,0.0,0.0,73.0
1747230918246,11.4,0.0,17.4,0.0,0.0,0.0,71.1
1747230920259,0.0,0.0,0.0,0.0,0.0,0.0,0.0
1747230922275,10.7,0.0,14.8,0.1,0.0,0.1,74.3
1747230924289,10.2,0.0,15.7,0.0,0.0,0.1,74.0
1747230926307,10.2,0.0,15.3,0.0,0.0,0.0,74.4
1747230928325,0.0,0.0,0.0,0.0,0.0,0.0,0.0
1747230930339,9.6,0.0,15.1,0.0,0.0,0.1,75.2
1747230932353,10.2,0.0,14.8,0.0,0.0,0.1,74.8
1747230934373,10.0,0.0,14.7,0.0,0.0,0.0,75.3
1747230936390,0.2,0.0,0.3,0.0,0.0,0.0,99.4
1747230938404,7.5,0.0,11.4,0.0,0.0,0.2,80.8
1747230940415,7.7,0.0,11.1,0.0,0.0,0.1,81.1
1747230942425,7.0,0.0,12.0,0.0,0.0,0.2,80.8
1747230944436,0.1,0.0,0.2,0.0,0.0,0.0,99.7
1747230946448,6.8,0.0,12.6,0.0,0.0,0.1,80.4
1747230948459,7.0,0.0,13.1,0.0,0.0,0.0,79.8
1747230950470,7.2,0.0,12.5,0.0,0.0,0.1,80.3
1747230952481,7.3,0.0,13.1,0.0,0.0,0.2,79.4
1747230954490,6.9,0.0,14.3,0.0,0.0,0.1,78.6
1747230956498,8.0,0.0,13.3,0.0,0.0,0.2,78.5
1747230958509,7.3,0.0,13.6,0.0,0.0,0.1,79.0
1747230960521,8.0,0.0,15.2,0.0,0.0,0.1,76.7
1747230962532,6.6,0.0,14.0,0.0,0.0,0.2,79.3
1747230964543,7.0,0.0,13.2,0.0,0.0,0.1,79.7
1747230966553,7.3,0.0,13.4,0.0,0.0,0.1,79.3
1747230968562,7.5,0.0,12.5,0.0,0.0,0.1,79.9
1747230970572,7.3,0.0,12.6,0.0,0.0,0.1,80.0
1747230972582,6.9,0.0,12.8,0.0,0.0,0.1,80.2
1747230974591,7.0,0.0,11.6,0.0,0.0,0.1,81.3
1747230976601,7.5,0.0,12.6,0.0,0.0,0.1,79.8
1747230978612,7.4,0.0,12.5,0.0,0.0,0.1,80.0
1747230980623,7.8,0.0,13.6,0.0,0.0,0.0,78.6
1747230982634,7.8,0.0,12.6,0.0,0.0,0.3,79.2
1747230984643,7.2,0.0,13.0,0.0,0.0,0.1,79.7
1747230986651,6.9,0.0,12.9,0.0,0.0,0.1,80.1
1747230988663,6.0,0.0,12.8,0.0,0.0,0.1,81.2
1747230990677,6.8,0.0,12.7,0.0,0.0,0.0,80.5
1747230992688,6.7,0.0,12.0,0.0,0.0,0.2,81.1
1747230994704,7.0,0.0,12.0,0.0,0.0,0.1,80.9
1747230996712,6.6,0.0,12.4,0.0,0.0,0.0,81.0
1747230998724,7.0,0.0,11.9,0.0,0.0,0.1,81.0
1747231000736,6.8,0.0,11.9,0.0,0.0,0.0,81.3
1747231002748,7.4,0.0,12.4,0.0,0.0,0.1,80.1
1747231004759,7.6,0.0,12.5,0.0,0.0,0.1,79.8
1747231006770,8.5,0.0,13.7,0.0,0.0,0.1,77.7
1747231008781,6.8,0.0,12.4,0.0,0.0,0.0,80.7
1747231010793,7.0,0.0,11.8,0.0,0.0,0.1,81.1
1747231012804,6.7,0.0,12.7,0.0,0.0,0.1,80.5
1747231014816,6.8,0.0,12.2,0.0,0.0,0.1,80.9
1747231016827,6.8,0.0,13.0,0.0,0.0,0.1,80.0
1747231018838,7.0,0.0,12.5,0.0,0.0,0.1,80.4
1747231020849,7.4,0.0,12.1,0.0,0.0,0.0,80.5
1747231022860,7.4,0.0,12.2,0.0,0.0,0.1,80.3
1747231024871,7.1,0.0,13.6,0.0,0.0,0.2,79.1
1747231026882,7.7,0.0,13.2,0.0,0.0,0.1,79.0
1747231028892,8.5,0.0,14.9,0.0,0.0,0.0,76.6
1747231030903,7.3,0.0,12.9,0.0,0.0,0.1,79.5
1747231032914,7.5,0.0,14.0,0.0,0.0,0.2,78.3
1747231034925,6.2,0.0,14.6,0.0,0.0,0.2,79.1
1747231036934,6.8,0.0,13.6,0.0,0.0,0.1,79.5
1747231038943,6.7,0.0,15.4,0.0,0.0,0.0,77.9
1747231040955,6.0,0.0,14.5,0.0,0.0,0.2,79.3
1747231043008,7.8,0.0,14.5,0.0,0.0,0.2,77.5
1747231045028,7.1,0.0,13.7,0.0,0.0,0.2,79.0
1747231047045,6.4,0.0,11.9,0.0,0.0,0.2,81.5
1747231049079,6.6,0.0,10.8,0.0,0.0,0.0,82.5
1747231051090,7.0,0.0,11.9,0.0,0.0,0.1,81.0
1747231053101,6.3,0.0,12.7,0.0,0.0,0.1,80.8
1747231055112,6.4,0.0,11.9,0.0,0.0,0.1,81.7
1747231057124,6.8,0.0,12.2,0.0,0.0,0.0,81.0
1747231059135,6.9,0.0,12.6,0.0,0.0,0.0,80.5
1747231061146,8.3,0.0,13.1,0.0,0.0,0.1,78.5
1747231063157,7.3,0.0,12.4,0.0,0.0,0.1,80.1
1747231065168,7.5,0.0,12.6,0.0,0.0,0.2,79.6
1747231067180,7.0,0.0,11.8,0.0,0.0,0.0,81.2
1747231069191,6.8,0.0,12.1,0.0,0.0,0.1,81.0
1747231071202,6.8,0.0,12.6,0.0,0.0,0.1,80.5
1747231073213,7.6,0.0,12.9,0.0,0.0,0.2,79.4
1747231075224,7.0,0.0,12.2,0.0,0.0,0.1,80.8
1747231077234,6.5,0.0,13.8,0.0,0.0,0.1,79.6
1747231079246,7.2,0.0,13.9,0.0,0.0,0.0,78.9
1747231081256,7.4,0.0,14.0,0.0,0.0,0.0,78.6
1747231083267,7.3,0.0,12.3,0.0,0.0,0.2,80.3
1747231085278,7.8,0.0,12.8,0.0,0.0,0.1,79.3
1747231087290,7.2,0.0,12.5,0.0,0.0,0.0,80.2
1747231089303,7.3,0.0,13.2,0.0,0.0,0.0,79.5
1747231091314,6.7,0.0,13.9,0.0,0.0,0.1,79.3
1747231093326,6.9,0.0,13.6,0.0,0.0,0.1,79.4
1747231095341,6.5,0.0,12.5,0.0,0.0,0.0,81.0
1747231097364,6.6,0.0,13.2,0.0,0.0,0.1,80.1
1747231099380,6.7,0.0,13.1,0.0,0.0,0.0,80.2
1747231101400,7.3,0.0,12.3,0.0,0.0,0.1,80.3
1747231103410,7.6,0.0,13.1,0.0,0.0,0.0,79.3
1747231105432,8.4,0.0,13.8,0.0,0.0,0.0,77.8
1747231107446,7.0,0.0,12.5,0.0,0.0,0.2,80.3
1747231109457,6.9,0.0,12.0,0.0,0.0,0.0,81.0
1747231111468,6.8,0.0,12.7,0.0,0.0,0.0,80.4
1747231113479,7.8,0.0,12.1,0.0,0.0,0.0,80.1
1747231115490,8.1,0.0,12.3,0.0,0.0,0.0,79.6
1747231117501,10.6,0.0,16.5,0.0,0.0,0.1,72.8
1747231119512,11.3,0.0,15.9,0.0,0.0,0.1,72.7
1747231121524,10.7,0.0,16.4,0.0,0.0,0.0,72.8
1747231123536,0.0,0.0,0.0,0.0,0.0,0.0,0.0
1747231125547,10.0,0.0,15.4,0.0,0.0,0.1,74.5
1747231127559,10.5,0.0,15.1,0.0,0.0,0.0,74.4
1747231129570,10.2,0.0,15.5,0.0,0.0,0.1,74.2
1747231131581,0.0,0.0,0.0,0.0,0.0,0.0,0.0
1747231133592,10.1,0.0,14.3,0.0,0.0,0.1,75.5
1747231135604,9.5,0.0,15.6,0.0,0.0,0.0,75.0
1747231137615,9.4,0.0,15.9,0.0,0.0,0.0,74.6
1747231139630,10.2,0.0,15.3,0.0,0.0,0.1,74.4
1747231141646,6.4,0.0,11.4,0.0,0.0,0.1,82.0
1747231143654,7.2,0.0,11.8,0.0,0.0,0.0,80.9
1747231145663,6.9,0.0,11.7,0.0,0.0,0.0,81.3
1747231147670,5.8,0.0,12.4,0.0,0.0,0.1,81.7
1747231149685,6.6,0.0,11.3,0.0,0.0,0.1,82.0
1747231151704,5.7,0.0,11.9,0.0,0.0,0.0,82.4
1747231153737,6.0,0.0,11.7,0.0,0.0,0.1,82.2
1747231155752,6.4,0.0,11.4,0.0,0.0,0.1,82.1
1747231157762,7.8,0.0,12.2,0.0,0.0,0.1,79.8
1747231159772,7.5,0.0,11.7,0.0,0.0,0.0,80.8
1747231161783,8.2,0.0,12.4,0.0,0.0,0.1,79.4
1747231163793,8.3,0.0,14.2,0.0,0.0,0.0,77.5
1747231165804,0.2,0.0,0.2,0.0,0.0,0.0,99.6
1747231167815,7.6,0.0,12.9,0.0,0.0,0.0,79.4
1747231169828,6.9,0.0,13.4,0.0,0.0,0.0,79.7
1747231171839,7.7,0.0,12.6,0.0,0.0,0.1,79.5
1747231173851,8.0,0.0,14.2,0.0,0.0,0.1,77.7
1747231175862,7.2,0.0,13.7,0.0,0.0,0.1,79.0
1747231177873,8.0,0.0,13.5,0.0,0.0,0.0,78.4
1747231179884,7.2,0.0,14.4,0.0,0.0,0.0,78.2
1747231181895,8.9,0.0,14.1,0.0,0.0,0.1,77.0
1747231183906,7.8,0.0,13.9,0.0,0.0,0.1,78.2
1747231185917,8.3,0.0,14.0,0.0,0.0,0.1,77.6
1747231187929,8.0,0.0,13.5,0.0,0.0,0.0,78.5
1747231189940,9.5,0.0,13.6,0.0,0.0,0.1,76.8
1747231191948,7.6,0.0,13.5,0.0,0.0,0.1,78.8
1747231193958,7.4,0.0,14.0,0.0,0.0,0.0,78.6
1747231195967,7.1,0.0,13.4,0.0,0.0,0.0,79.5
1747231197977,8.5,0.0,13.7,0.0,0.0,0.0,77.7
1747231199987,7.0,0.0,12.9,0.0,0.0,0.0,80.1
1747231201998,7.3,0.0,13.8,0.0,0.0,0.1,78.8
1747231204008,7.2,0.0,15.6,0.0,0.0,0.0,77.1
1747231206020,8.0,0.0,13.7,0.0,0.0,0.1,78.2
1747231208052,7.7,0.0,12.7,0.0,0.0,0.1,79.4
1747231210104,8.3,0.0,12.6,0.0,0.0,0.0,79.1
1747231212117,6.4,0.0,12.5,0.0,0.0,0.0,81.1
1747231214129,8.0,0.0,11.1,0.0,0.0,0.0,80.9
1747231216139,6.8,0.0,11.2,0.0,0.0,0.0,82.0
1747231218148,6.7,0.0,11.5,0.0,0.0,0.0,81.8
1747231220156,6.9,0.0,11.8,0.0,0.0,0.1,81.3
1747231222169,7.3,0.0,12.3,0.0,0.0,0.1,80.2
1747231224178,6.9,0.0,11.7,0.0,0.0,0.0,81.3
1747231226188,7.2,0.0,12.3,0.0,0.0,0.0,80.5
1747231228197,7.3,0.0,12.1,0.0,0.0,0.0,80.6
1747231230209,9.6,0.0,13.6,0.0,0.0,0.1,76.6
1747231232220,7.8,0.0,12.7,0.0,0.0,0.2,79.3
1747231234231,8.7,0.0,14.4,0.0,0.0,0.0,76.9
1747231236242,7.7,0.0,12.2,0.0,0.0,0.0,80.0
1747231238253,8.2,0.0,12.9,0.0,0.0,0.1,78.7
1747231240263,7.4,0.0,13.2,0.0,0.0,0.1,79.3
1747231242276,7.0,0.0,13.4,0.0,0.0,0.1,79.5
1747231244287,7.5,0.0,13.7,0.0,0.0,0.1,78.7
1747231246298,0.0,0.0,0.0,0.0,0.0,0.0,0.0
1747231248307,11.1,0.0,17.6,0.0,0.0,0.1,71.1
1747231250319,11.3,0.0,17.3,0.0,0.0,0.1,71.3
1747231252331,11.3,0.0,16.8,0.0,0.0,0.1,71.8
1747231254344,11.6,0.0,17.2,0.0,0.0,0.1,71.0
1747231256356,10.4,0.0,15.1,0.0,0.0,0.1,74.4
1747231258369,9.5,0.0,16.9,0.0,0.0,0.1,73.5
1747231260393,9.8,0.0,16.3,0.0,0.0,0.1,73.8
1747231262425,11.1,0.0,16.2,0.0,0.0,0.2,72.5
1747231264452,8.6,0.0,13.7,0.0,0.0,0.0,77.7
1747231266466,10.3,0.0,14.9,0.0,0.0,0.1,74.7
1747231268486,9.7,0.0,15.4,0.0,0.0,0.1,74.9
1747231270501,10.4,0.0,15.3,0.0,0.0,0.0,74.2
1747231272514,6.7,0.0,11.5,0.0,0.0,0.2,81.6
1747231274529,6.3,0.0,10.6,0.0,0.0,0.1,83.0
1747231276556,6.4,0.0,11.4,0.0,0.0,0.0,82.2
1747231278566,7.0,0.0,11.6,0.0,0.0,0.0,81.3
1747231280577,7.6,0.0,12.2,0.0,0.0,0.0,80.2
1747231282589,6.6,0.0,12.1,0.0,0.0,0.2,81.2
1747231284601,7.2,0.0,11.9,0.0,0.0,0.0,80.9
1747231286613,7.8,0.0,12.4,0.0,0.0,0.1,79.7
1747231288624,0.2,0.0,0.3,0.0,0.0,0.0,99.5
1747231290636,8.4,0.0,13.2,0.0,0.0,0.1,78.2
1747231292647,7.6,0.0,13.2,0.0,0.0,0.3,78.9
1747231294658,7.0,0.0,12.8,0.0,0.0,0.0,80.1
1747231296668,7.7,0.0,12.8,0.0,0.0,0.0,79.5
1747231298680,7.2,0.0,12.4,0.0,0.0,0.0,80.3
1747231300690,7.5,0.0,12.1,0.0,0.0,0.0,80.5
1747231302701,7.2,0.0,12.1,0.0,0.0,0.2,80.5
1747231304713,8.0,0.0,13.2,0.0,0.0,0.1,78.7
1747231306725,6.9,0.0,13.0,0.0,0.0,0.0,80.0
1747231308736,6.8,0.0,15.1,0.0,0.0,0.0,78.0
1747231310748,8.6,0.0,14.7,0.0,0.0,0.1,76.6
1747231312758,0.0,0.0,0.0,0.0,0.0,0.0,0.0
1747231314773,11.0,0.0,14.8,0.0,0.0,0.1,74.0
1747231316794,10.7,0.0,15.9,0.0,0.0,0.0,73.4
1747231318812,10.5,0.0,17.3,0.0,0.0,0.0,72.2
1747231320834,10.5,0.0,15.5,0.0,0.0,0.1,73.9
1747231322852,9.5,0.0,15.6,0.0,0.0,0.2,74.7
1747231324893,10.6,0.0,16.2,0.0,0.0,0.0,73.2
1747231326933,9.8,0.0,15.9,0.0,0.0,0.1,74.2
1747231328972,10.6,0.0,16.4,0.0,0.0,0.0,73.1
1747231330993,9.9,0.0,14.1,0.0,0.0,0.2,75.9
1747231333008,10.1,0.0,15.2,0.0,0.0,0.2,74.5
1747231335020,10.4,0.0,15.2,0.0,0.0,0.1,74.3
1747231337031,10.6,0.0,16.5,0.0,0.0,0.1,72.8
1747231339043,8.0,0.0,11.2,0.0,0.0,0.2,80.6
1747231341053,6.3,0.0,12.8,0.0,0.0,0.0,80.9
1747231343063,7.0,0.0,13.1,0.0,0.0,0.3,79.5
1747231345072,8.5,0.0,13.9,0.0,0.0,0.1,77.5
1747231347082,7.2,0.0,12.2,0.0,0.0,0.1,80.6
1747231349093,6.8,0.0,11.6,0.0,0.0,0.0,81.5
1747231351103,7.0,0.0,11.8,0.0,0.0,0.2,81.0
1747231353113,6.5,0.0,13.5,0.0,0.0,0.2,79.8
1747231355123,7.8,0.0,12.0,0.0,0.0,0.2,80.0
1747231357132,6.6,0.0,12.7,0.0,0.0,0.1,80.6
1747231359142,6.9,0.0,13.7,0.0,0.0,0.1,79.3
1747231361153,8.5,0.0,15.6,0.0,0.0,0.1,75.8
1747231363162,9.9,0.0,13.4,0.0,0.0,0.2,76.5
1747231365172,7.0,0.0,12.5,0.0,0.0,0.1,80.5
1747231367183,6.2,0.0,12.3,0.0,0.0,0.2,81.3
1747231369200,6.5,0.0,12.4,0.0,0.0,0.0,81.1
1747231371228,0.0,0.0,0.0,0.0,0.0,0.0,0.0
1747231373247,10.5,0.0,15.7,0.0,0.0,0.1,73.7
1747231375259,10.3,0.0,16.2,0.0,0.0,0.1,73.4
1747231377272,10.5,0.0,16.1,0.0,0.0,0.1,73.3
1747231379284,0.0,0.0,0.0,0.0,0.0,0.0,0.0
1747231381299,10.0,0.0,14.9,0.0,0.0,0.2,74.8
1747231383309,10.3,0.0,15.3,0.0,0.0,0.1,74.3
1747231385321,9.3,0.0,16.3,0.0,0.0,0.0,74.3
1747231387331,10.5,0.0,15.4,0.0,0.0,0.1,73.9
1747231389342,9.7,0.0,15.0,0.0,0.0,0.0,75.3
1747231391353,10.2,0.0,15.9,0.0,0.0,0.0,73.8
1747231393364,9.7,0.0,16.7,0.0,0.0,0.1,73.4
1747231395376,10.1,0.0,16.9,0.0,0.0,0.0,72.9
1747231397386,8.5,0.0,14.8,0.0,0.0,0.1,76.6
1747231399395,9.4,0.0,14.8,0.0,0.0,0.0,75.7
1747231401411,8.9,0.0,14.6,0.0,0.0,0.0,76.5
1747231403444,9.2,0.0,14.7,0.0,0.0,0.1,76.0
1747231405479,0.0,0.0,0.0,0.0,0.0,0.0,100.0
1747231407495,5.8,0.0,11.2,0.0,0.0,0.1,82.9
1747231409503,5.8,0.0,10.9,0.0,0.0,0.1,83.2
1747231411511,6.2,0.0,10.7,0.0,0.0,0.0,83.1
1747231413521,0.0,0.0,0.0,0.0,0.0,0.0,100.0
1747231415547,7.0,0.0,11.3,0.0,0.0,0.0,81.7
1747231417556,6.4,0.0,9.7,0.0,0.0,0.1,83.8
1747231419565,6.0,0.0,9.9,0.0,0.0,0.1,83.9
1747231421578,0.0,0.0,0.0,0.0,0.0,0.0,0.0
