timestamp_ms,usr%,nice%,sys%,iowait%,irq%,soft%,steal%,idle%
1747229895515,0.2,0.0,0.2,0.0,0.0,0.0,99.6
1747229897526,7.9,0.0,13.3,0.0,0.0,0.1,78.8
1747229899536,7.3,0.0,13.3,0.0,0.0,0.1,79.3
1747229901545,6.5,0.0,12.7,0.0,0.0,0.2,80.7
1747229903554,8.1,0.0,11.9,0.0,0.0,0.1,79.9
1747229905576,7.0,0.0,12.5,0.0,0.0,0.1,80.4
1747229907589,6.9,0.0,13.1,0.0,0.0,0.0,80.0
1747229909620,7.6,0.0,13.5,0.0,0.0,0.0,78.9
1747229911631,0.0,0.0,0.0,0.0,0.0,0.0,0.0
1747229913642,10.9,0.0,15.1,0.0,0.0,0.1,73.9
1747229915654,10.1,0.0,15.5,0.0,0.0,0.1,74.3
1747229917666,10.4,0.0,14.9,0.0,0.0,0.2,74.5
1747229919679,10.0,0.0,15.4,0.0,0.0,0.2,74.5
1747229921691,8.9,0.0,14.5,0.0,0.0,0.2,76.4
1747229923707,9.5,0.0,13.6,0.0,0.0,0.2,76.8
1747229925725,9.8,0.0,13.9,0.0,0.0,0.2,76.2
1747229927739,9.5,0.0,14.9,0.0,0.0,0.2,75.4
1747229929750,8.7,0.0,12.8,0.0,0.0,0.1,78.4
1747229931764,9.3,0.0,14.3,0.0,0.0,0.2,76.2
1747229933776,9.4,0.0,13.6,0.0,0.0,0.1,77.0
1747229935790,9.8,0.0,15.4,0.0,0.0,0.2,74.7
1747229937803,7.1,0.0,11.6,0.0,0.0,0.2,81.2
1747229939814,7.8,0.0,11.5,0.0,0.0,0.1,80.6
1747229941826,7.1,0.0,11.5,0.0,0.0,0.2,81.2
1747229943837,7.3,0.0,12.4,0.0,0.0,0.1,80.2
1747229945848,7.7,0.0,12.8,0.0,0.0,0.2,79.2
1747229947858,7.3,0.0,13.4,0.0,0.0,0.0,79.3
1747229949870,7.4,0.0,13.3,0.0,0.0,0.2,79.1
1747229951881,7.1,0.0,13.8,0.0,0.0,0.3,78.8
1747229953891,0.2,0.0,0.3,0.0,0.0,0.0,99.5
1747229955901,7.1,0.0,13.3,0.0,0.0,0.3,79.3
1747229957910,7.5,0.0,12.4,0.0,0.0,0.2,79.8
1747229959921,7.9,0.0,13.6,0.0,0.0,0.0,78.4
1747229961932,7.9,0.0,13.3,0.0,0.0,0.2,78.5
1747229963941,7.2,0.0,12.5,0.0,0.0,0.0,80.2
1747229965955,7.6,0.0,13.6,0.0,0.0,0.1,78.7
1747229967966,7.2,0.0,13.4,0.0,0.0,0.1,79.3
1747229969978,0.0,0.0,0.0,0.0,0.0,0.0,0.0
1747229971990,10.0,0.0,15.7,0.0,0.0,0.2,74.0
1747229974002,9.9,0.0,16.1,0.0,0.0,0.2,73.9
1747229976015,10.3,0.0,16.2,0.0,0.0,0.2,73.3
1747229978026,10.2,0.0,15.5,0.0,0.0,0.0,74.2
1747229980038,9.7,0.0,14.8,0.0,0.0,0.1,75.4
1747229982049,10.2,0.0,14.8,0.0,0.0,0.2,74.7
1747229984061,10.4,0.0,14.5,0.0,0.0,0.2,75.0
1747229986073,9.9,0.0,15.1,0.0,0.0,0.0,75.0
1747229988086,9.2,0.0,12.3,0.0,0.0,0.0,78.5
1747229990101,9.1,0.0,14.3,0.0,0.0,0.0,76.5
1747229992115,9.4,0.0,13.7,0.0,0.0,0.1,76.7
1747229994130,9.6,0.0,15.3,0.0,0.0,0.0,75.0
1747229996142,6.8,0.0,10.9,0.0,0.0,0.2,82.1
1747229998153,6.7,0.0,11.8,0.0,0.0,0.1,81.4
1747230000165,7.0,0.0,11.5,0.0,0.0,0.1,81.4
1747230002177,6.7,0.0,12.3,0.0,0.0,0.2,80.8
1747230004188,7.6,0.0,13.4,0.0,0.0,0.1,78.9
1747230006199,7.3,0.0,13.9,0.0,0.0,0.1,78.6
1747230008211,8.4,0.0,14.2,0.0,0.0,0.1,77.4
1747230010222,7.7,0.0,13.4,0.0,0.0,0.1,78.8
1747230012233,7.4,0.0,13.4,0.0,0.0,0.5,78.7
1747230014245,7.5,0.0,12.2,0.0,0.0,0.1,80.2
1747230016255,6.9,0.0,12.6,0.0,0.0,0.1,80.3
1747230018274,7.0,0.0,12.5,0.0,0.0,0.0,80.4
1747230020286,7.3,0.0,11.7,0.0,0.0,0.1,81.0
1747230022295,6.8,0.0,12.9,0.0,0.0,0.2,80.0
1747230024312,6.8,0.0,12.1,0.0,0.0,0.1,81.0
1747230026323,7.8,0.0,12.7,0.0,0.0,0.2,79.4
1747230028335,8.4,0.0,13.4,0.0,0.0,0.2,78.0
1747230030346,7.3,0.0,13.2,0.0,0.0,0.0,79.5
1747230032358,7.7,0.0,13.2,0.0,0.0,0.2,79.0
1747230034369,7.3,0.0,12.8,0.0,0.0,0.2,79.8
1747230036379,7.4,0.0,12.0,0.0,0.0,0.1,80.5
1747230038390,7.0,0.0,12.0,0.0,0.0,0.1,80.9
1747230040401,6.3,0.0,12.5,0.0,0.0,0.0,81.1
1747230042413,6.5,0.0,12.7,0.0,0.0,0.1,80.6
1747230044424,0.0,0.0,0.0,0.0,0.0,0.0,0.0
1747230046434,10.5,0.0,15.5,0.0,0.0,0.2,73.8
1747230048446,9.6,0.0,15.0,0.0,0.0,0.1,75.3
1747230050459,9.7,0.0,15.2,0.0,0.0,0.1,75.0
1747230052472,9.9,0.0,14.6,0.0,0.0,0.2,75.4
1747230054486,9.6,0.0,14.3,0.0,0.0,0.1,76.0
1747230056500,9.3,0.0,14.4,0.1,0.0,0.3,76.0
1747230058514,9.3,0.0,14.3,0.0,0.0,0.1,76.3
1747230060530,9.8,0.0,15.6,0.0,0.0,0.2,74.4
1747230062542,9.1,0.0,14.4,0.0,0.0,0.1,76.4
1747230064554,9.3,0.0,14.7,0.0,0.0,0.1,75.9
1747230066566,9.8,0.0,14.2,0.0,0.0,0.1,75.9
1747230068579,9.9,0.0,15.2,0.0,0.0,0.1,74.8
1747230070591,9.3,0.0,13.2,0.0,0.0,0.1,77.4
1747230072603,8.7,0.0,13.6,0.0,0.0,0.1,77.7
1747230074625,8.8,0.0,13.8,0.0,0.0,0.0,77.3
1747230076640,9.2,0.0,13.3,0.0,0.0,0.1,77.5
1747230078652,0.0,0.0,0.0,0.0,0.0,0.0,99.9
1747230080663,6.4,0.0,11.2,0.0,0.0,0.1,82.2
1747230082672,6.6,0.0,11.8,0.0,0.0,0.1,81.6
1747230084681,6.3,0.0,12.3,0.0,0.0,0.1,81.3
1747230086693,0.0,0.0,0.0,0.0,0.0,0.0,100.0
1747230088704,7.0,0.0,11.8,0.0,0.0,0.1,81.2
1747230090716,6.9,0.0,12.1,0.0,0.0,0.0,81.0
1747230092727,6.5,0.0,11.9,0.0,0.0,0.0,81.6
1747230094737,0.2,0.0,0.3,0.0,0.0,0.0,99.5
1747230096746,7.0,0.0,11.5,0.0,0.0,0.2,81.4
1747230098757,6.5,0.0,12.3,0.0,0.0,0.0,81.2
1747230100769,6.5,0.0,12.6,0.0,0.0,0.0,80.9
1747230102780,0.1,0.0,0.2,0.0,0.0,0.0,99.6
1747230104791,7.2,0.0,11.9,0.0,0.0,0.1,80.8
1747230106802,6.8,0.0,12.4,0.0,0.0,0.0,80.8
1747230108812,7.2,0.0,11.7,0.0,0.0,0.1,81.0
1747230110822,7.2,0.0,12.2,0.0,0.0,0.0,80.6
1747230112836,6.9,0.0,11.7,0.0,0.0,0.2,81.2
1747230114847,7.3,0.0,12.7,0.0,0.0,0.1,80.0
1747230116861,7.2,0.0,13.0,0.0,0.0,0.2,79.7
1747230118870,7.4,0.0,13.2,0.0,0.0,0.1,79.2
1747230120881,7.8,0.0,13.9,0.0,0.0,0.2,78.1
1747230122891,8.0,0.0,13.2,0.0,0.0,0.2,78.6
1747230124901,7.3,0.0,13.9,0.0,0.0,0.1,78.7
1747230126913,7.8,0.0,13.6,0.0,0.0,0.1,78.5
1747230128924,7.3,0.0,13.3,0.1,0.0,0.1,79.2
1747230130935,7.8,0.0,13.1,0.0,0.0,0.1,79.0
1747230132947,7.6,0.0,13.5,0.0,0.0,0.1,78.9
1747230134957,7.7,0.0,14.7,0.1,0.0,0.1,77.5
1747230136969,7.6,0.0,14.2,0.0,0.0,0.1,78.1
1747230138979,7.7,0.0,13.8,0.0,0.0,0.1,78.3
1747230140991,7.9,0.0,13.3,0.0,0.0,0.1,78.8
1747230143004,8.0,0.0,13.1,0.0,0.0,0.1,78.9
1747230145014,6.8,0.0,14.3,0.0,0.0,0.1,78.8
1747230147025,7.8,0.0,13.3,0.0,0.0,0.1,78.8
1747230149037,7.2,0.0,14.7,0.0,0.0,0.1,78.0
1747230151049,7.8,0.0,13.5,0.0,0.0,0.1,78.6
1747230153060,8.2,0.0,12.8,0.0,0.0,0.1,78.9
1747230155071,7.8,0.0,13.6,0.1,0.0,0.1,78.4
1747230157082,7.7,0.0,12.9,0.0,0.0,0.1,79.3
1747230159093,8.0,0.0,14.0,0.0,0.0,0.1,77.9
1747230161103,7.7,0.0,13.7,0.0,0.0,0.1,78.5
1747230163116,7.2,0.0,14.5,0.0,0.0,0.1,78.2
1747230165127,8.2,0.0,14.2,0.1,0.0,0.1,77.5
1747230167138,8.4,0.0,15.2,0.0,0.0,0.1,76.4
1747230169148,8.3,0.0,13.4,0.0,0.0,0.2,78.1
1747230171158,8.0,0.0,14.0,0.0,0.0,0.1,77.8
1747230173169,7.8,0.0,14.1,0.0,0.0,0.1,78.0
1747230175178,8.5,0.0,14.1,0.0,0.0,0.1,77.3
1747230177190,8.0,0.0,13.5,0.0,0.0,0.2,78.3
1747230179202,7.4,0.0,14.7,0.0,0.0,0.1,77.8
1747230181213,7.7,0.0,15.1,0.1,0.0,0.1,77.1
1747230183223,8.4,0.0,14.2,0.0,0.0,0.2,77.2
1747230185232,7.9,0.0,13.5,0.0,0.0,0.1,78.5
1747230187244,6.9,0.0,14.5,0.0,0.0,0.1,78.6
1747230189257,7.6,0.0,14.1,0.0,0.0,0.1,78.3
1747230191270,8.1,0.0,14.9,0.1,0.0,0.2,76.8
1747230193284,8.0,0.0,13.9,0.0,0.0,0.1,78.0
1747230195297,7.9,0.0,14.2,0.0,0.0,0.1,77.7
1747230197308,8.2,0.0,14.1,0.0,0.0,0.1,77.7
1747230199319,8.4,0.0,14.3,0.0,0.0,0.1,77.2
1747230201329,8.7,0.0,14.7,0.1,0.0,0.1,76.6
1747230203339,7.5,0.0,14.7,0.0,0.0,0.1,77.8
1747230205350,8.3,0.0,13.5,0.0,0.0,0.1,78.1
1747230207360,7.8,0.0,14.3,0.0,0.0,0.1,77.8
1747230209369,8.0,0.0,13.4,0.0,0.0,0.1,78.5
1747230211377,6.8,0.0,14.1,0.0,0.0,0.1,79.0
1747230213388,7.4,0.0,13.6,0.0,0.0,0.1,79.0
1747230215401,7.2,0.0,14.6,0.0,0.0,0.1,78.1
1747230217412,11.4,0.0,15.6,0.0,0.0,0.1,73.0
1747230219423,11.2,0.0,17.7,0.0,0.0,0.0,71.1
1747230221435,11.8,0.0,17.0,0.0,0.0,0.2,71.0
1747230223447,12.8,0.0,18.2,0.0,0.0,0.0,69.0
1747230225459,0.0,0.0,0.0,0.0,0.0,0.0,0.0
1747230227471,11.1,0.0,16.8,0.0,0.0,0.1,72.1
1747230229483,11.7,0.0,16.3,0.0,0.0,0.0,72.0
1747230231495,11.4,0.0,17.5,0.0,0.0,0.0,71.1
1747230233507,0.0,0.0,0.0,0.0,0.0,0.0,0.0
1747230235520,10.4,0.0,16.2,0.0,0.0,0.1,73.2
1747230237532,10.8,0.0,15.9,0.0,0.0,0.0,73.2
1747230239543,10.9,0.0,15.3,0.0,0.0,0.0,73.8
1747230241556,0.2,0.0,0.2,0.0,0.0,0.0,99.6
1747230243567,7.4,0.0,12.9,0.0,0.0,0.1,79.6
1747230245576,7.4,0.0,12.8,0.0,0.0,0.0,79.8
1747230247585,7.2,0.0,12.4,0.0,0.0,0.1,80.4
1747230249596,7.6,0.0,12.1,0.0,0.0,0.1,80.2
1747230251609,6.7,0.0,12.7,0.0,0.0,0.2,80.4
1747230253622,6.7,0.0,13.5,0.0,0.0,0.0,79.8
1747230255634,7.0,0.0,13.9,0.0,0.0,0.1,79.0
1747230257645,7.5,0.0,14.1,0.0,0.0,0.1,78.3
1747230259656,7.3,0.0,13.0,0.0,0.0,0.0,79.8
1747230261667,7.0,0.0,13.6,0.0,0.0,0.1,79.3
1747230263678,7.7,0.0,12.8,0.0,0.0,0.1,79.4
1747230265687,8.0,0.0,12.8,0.0,0.0,0.2,79.0
1747230267696,7.2,0.0,12.5,0.0,0.0,0.2,80.2
1747230269705,6.7,0.0,14.0,0.0,0.0,0.1,79.3
1747230271714,6.8,0.0,13.4,0.0,0.0,0.0,79.7
1747230273724,6.4,0.0,13.9,0.0,0.0,0.0,79.7
1747230275736,7.3,0.0,13.6,0.0,0.0,0.1,79.0
1747230277747,6.4,0.0,13.0,0.0,0.0,0.1,80.5
1747230279758,7.0,0.0,12.7,0.0,0.0,0.1,80.2
1747230281770,7.2,0.0,12.4,0.0,0.0,0.1,80.3
1747230283782,7.4,0.0,14.2,0.0,0.0,0.1,78.4
1747230285793,7.8,0.0,13.0,0.0,0.0,0.0,79.2
1747230287805,7.3,0.0,13.0,0.0,0.0,0.1,79.5
1747230289816,7.3,0.0,13.2,0.0,0.0,0.1,79.5
1747230291828,7.0,0.0,12.6,0.0,0.0,0.2,80.2
1747230293839,7.7,0.0,11.5,0.0,0.0,0.0,80.8
1747230295850,7.7,0.0,12.3,0.0,0.0,0.0,79.9
1747230297860,7.1,0.0,12.5,0.0,0.0,0.0,80.4
1747230299872,7.5,0.0,12.4,0.0,0.0,0.1,80.0
1747230301883,7.7,0.0,12.5,0.0,0.0,0.2,79.7
1747230303892,7.3,0.0,12.5,0.0,0.0,0.1,80.1
1747230305902,6.9,0.0,13.9,0.0,0.0,0.0,79.2
1747230307914,7.0,0.0,12.1,0.0,0.0,0.0,80.9
1747230309927,7.4,0.0,13.4,0.0,0.0,0.1,79.1
1747230311937,7.2,0.0,12.9,0.0,0.0,0.1,79.8
1747230313948,7.8,0.0,13.4,0.0,0.0,0.2,78.6
1747230315960,7.4,0.0,13.3,0.0,0.0,0.1,79.2
1747230317971,7.6,0.0,12.7,0.0,0.0,0.0,79.6
1747230319982,7.6,0.0,12.2,0.0,0.0,0.0,80.1
1747230321990,7.7,0.0,12.5,0.0,0.0,0.2,79.7
1747230324002,7.1,0.0,14.4,0.0,0.0,0.0,78.5
1747230326013,6.6,0.0,14.0,0.0,0.0,0.1,79.3
1747230328024,7.4,0.0,13.0,0.0,0.0,0.0,79.6
1747230330035,7.5,0.0,13.3,0.0,0.0,0.1,79.1
1747230332044,7.1,0.0,13.0,0.0,0.0,0.2,79.7
1747230334053,7.9,0.0,13.7,0.0,0.0,0.1,78.3
1747230336064,8.4,0.0,13.3,0.0,0.0,0.0,78.2
1747230338075,8.1,0.0,13.4,0.0,0.0,0.0,78.5
1747230340086,8.2,0.0,13.1,0.0,0.0,0.0,78.6
1747230342096,7.2,0.0,13.9,0.0,0.0,0.2,78.8
1747230344103,7.7,0.0,14.2,0.0,0.0,0.1,78.0
1747230346112,6.9,0.0,13.6,0.0,0.0,0.1,79.3
1747230348124,7.2,0.0,13.0,0.0,0.0,0.1,79.7
1747230350133,6.5,0.0,13.6,0.0,0.0,0.2,79.7
1747230352143,7.5,0.0,13.4,0.0,0.0,0.2,78.9
1747230354153,8.2,0.0,13.6,0.0,0.0,0.1,78.2
1747230356166,8.3,0.0,12.9,0.0,0.0,0.1,78.7
1747230358178,7.8,0.0,12.3,0.0,0.0,0.0,79.8
1747230360189,7.0,0.0,12.3,0.0,0.0,0.0,80.6
1747230362200,7.5,0.0,12.8,0.0,0.0,0.2,79.5
1747230364211,7.5,0.0,12.6,0.0,0.0,0.0,79.9
1747230366222,6.9,0.0,13.7,0.0,0.0,0.0,79.4
1747230368231,6.7,0.0,13.1,0.0,0.0,0.0,80.2
1747230370242,6.7,0.0,13.0,0.0,0.0,0.1,80.2
1747230372256,7.2,0.0,11.9,0.0,0.0,0.1,80.7
1747230374274,7.3,0.0,11.9,0.0,0.0,0.0,80.7
1747230376283,7.6,0.0,13.6,0.0,0.0,0.1,78.7
1747230378292,8.1,0.0,13.2,0.0,0.0,0.0,78.7
1747230380301,7.9,0.0,12.9,0.0,0.0,0.1,79.0
1747230382311,7.9,0.0,12.6,0.0,0.0,0.2,79.3
1747230384321,7.1,0.0,12.0,0.0,0.0,0.1,80.8
1747230386331,7.6,0.0,12.1,0.0,0.0,0.1,80.2
1747230388341,7.5,0.0,12.1,0.0,0.0,0.1,80.3
1747230390351,7.5,0.0,12.8,0.0,0.0,0.1,79.6
1747230392362,7.5,0.0,13.2,0.0,0.0,0.2,79.2
1747230394374,7.9,0.0,13.9,0.0,0.0,0.0,78.2
1747230396386,8.2,0.0,12.0,0.0,0.0,0.2,79.6
1747230398398,7.9,0.0,12.7,0.0,0.0,0.1,79.3
1747230400410,7.3,0.0,13.4,0.0,0.0,0.1,79.2
1747230402421,7.8,0.0,13.2,0.0,0.0,0.2,78.8
1747230404433,7.5,0.0,13.1,0.0,0.0,0.1,79.3
1747230406445,7.9,0.0,13.1,0.0,0.0,0.2,78.8
1747230408456,7.7,0.0,13.7,0.0,0.0,0.0,78.6
1747230410468,8.7,0.0,14.7,0.0,0.0,0.0,76.5
1747230412479,7.7,0.0,13.5,0.0,0.0,0.1,78.6
1747230414489,6.9,0.0,13.7,0.0,0.0,0.1,79.3
1747230416500,7.4,0.0,13.3,0.0,0.0,0.2,79.1
1747230418510,8.3,0.0,13.8,0.0,0.0,0.1,77.7
1747230420519,7.8,0.0,13.1,0.0,0.0,0.1,79.1
1747230422530,7.7,0.0,12.7,0.0,0.0,0.1,79.5
1747230424538,7.0,0.0,13.4,0.0,0.0,0.0,79.5
1747230426547,7.2,0.0,13.1,0.0,0.0,0.2,79.5
1747230428558,7.9,0.0,12.3,0.0,0.0,0.2,79.6
1747230430567,7.3,0.0,13.5,0.0,0.0,0.1,79.1
1747230432578,7.9,0.0,13.7,0.0,0.0,0.0,78.4
1747230434589,7.7,0.0,13.9,0.0,0.0,0.1,78.3
1747230436599,8.5,0.0,12.3,0.0,0.0,0.2,79.0
1747230438609,7.5,0.0,12.2,0.0,0.0,0.1,80.2
1747230440623,6.8,0.0,12.9,0.0,0.0,0.0,80.3
1747230442642,7.7,0.0,13.1,0.0,0.0,0.1,79.1
1747230444651,8.4,0.0,12.8,0.0,0.0,0.1,78.7
1747230446661,7.7,0.0,12.5,0.0,0.0,0.1,79.7
1747230448671,7.7,0.0,13.4,0.0,0.0,0.2,78.8
1747230450683,8.2,0.0,13.6,0.0,0.0,0.0,78.2
1747230452694,8.4,0.0,13.6,0.0,0.0,0.1,77.9
1747230454706,7.9,0.0,13.4,0.0,0.0,0.0,78.7
1747230456718,7.4,0.0,13.7,0.0,0.0,0.2,78.7
1747230458730,8.3,0.0,13.5,0.0,0.0,0.1,78.1
1747230460742,9.7,0.0,13.3,0.0,0.0,0.0,77.0
1747230462754,7.5,0.0,12.9,0.0,0.0,0.1,79.5
1747230464765,8.0,0.0,12.5,0.0,0.0,0.1,79.4
1747230466777,8.2,0.0,13.5,0.0,0.0,0.2,78.0
1747230468788,8.5,0.0,13.3,0.0,0.0,0.1,78.1
1747230470800,7.8,0.0,13.0,0.0,0.0,0.1,79.1
1747230472812,7.3,0.0,13.4,0.0,0.0,0.1,79.2
1747230474824,7.9,0.0,12.7,0.0,0.0,0.1,79.3
1747230476836,9.0,0.0,12.9,0.0,0.0,0.2,78.0
1747230478847,8.0,0.0,12.7,0.0,0.0,0.1,79.2
1747230480857,7.9,0.0,14.3,0.0,0.0,0.1,77.7
1747230482869,8.2,0.0,13.1,0.0,0.0,0.1,78.6
1747230484880,9.1,0.0,13.1,0.0,0.0,0.1,77.7
1747230486890,7.8,0.0,13.4,0.0,0.0,0.1,78.7
1747230488900,7.4,0.0,13.8,0.0,0.0,0.1,78.8
1747230490911,7.6,0.0,13.7,0.0,0.0,0.1,78.6
1747230492922,9.3,0.0,13.1,0.0,0.0,0.1,77.5
1747230494931,6.9,0.0,14.4,0.0,0.0,0.1,78.6
1747230496941,7.3,0.0,13.7,0.0,0.0,0.1,78.9
1747230498953,7.6,0.0,14.0,0.0,0.0,0.0,78.3
1747230500962,8.2,0.0,12.9,0.0,0.0,0.1,78.8
1747230502972,7.0,0.0,13.8,0.0,0.0,0.0,79.2
1747230504980,7.6,0.0,12.9,0.0,0.0,0.1,79.4
1747230506990,8.1,0.0,13.0,0.0,0.0,0.1,78.8
1747230509000,8.3,0.0,13.5,0.0,0.0,0.1,78.2
1747230511012,6.9,0.0,13.7,0.0,0.0,0.0,79.4
1747230513022,6.7,0.0,14.0,0.0,0.0,0.1,79.2
1747230515031,7.4,0.0,12.9,0.0,0.0,0.1,79.6
1747230517043,8.2,0.0,13.1,0.0,0.0,0.1,78.6
1747230519052,8.2,0.0,13.2,0.0,0.0,0.1,78.5
1747230521062,7.4,0.0,13.3,0.0,0.0,0.0,79.3
1747230523072,7.5,0.0,14.0,0.0,0.0,0.1,78.4
1747230525084,8.8,0.0,13.4,0.0,0.0,0.0,77.8
1747230527095,8.0,0.0,12.9,0.0,0.0,0.1,79.0
1747230529106,7.8,0.0,13.6,0.0,0.0,0.0,78.5
1747230531117,8.2,0.0,14.2,0.0,0.0,0.1,77.5
1747230533129,8.8,0.0,15.1,0.0,0.0,0.0,76.0
1747230535142,8.9,0.0,14.4,0.0,0.0,0.1,76.5
1747230537153,8.3,0.0,12.9,0.0,0.0,0.1,78.8
1747230539163,8.2,0.0,13.6,0.0,0.0,0.1,78.1
1747230541172,7.8,0.0,13.2,0.0,0.0,0.1,78.9
1747230543182,7.7,0.0,13.6,0.0,0.0,0.1,78.6
1747230545194,7.2,0.0,13.1,0.0,0.0,0.1,79.5
1747230547205,7.1,0.0,14.4,0.0,0.0,0.1,78.4
1747230549217,7.3,0.0,12.7,0.0,0.0,0.0,80.0
1747230551227,7.5,0.0,13.8,0.0,0.0,0.1,78.6
1747230553239,8.0,0.0,13.1,0.0,0.0,0.0,78.9
1747230555250,7.9,0.0,12.7,0.0,0.0,0.0,79.3
1747230557262,8.4,0.0,14.0,0.0,0.0,0.1,77.5
1747230559273,10.8,0.0,14.4,0.0,0.0,0.1,74.7
1747230561284,9.1,0.0,15.5,0.0,0.0,0.1,75.4
1747230563295,8.7,0.0,13.8,0.0,0.0,0.0,77.5
1747230565305,7.6,0.0,13.5,0.0,0.0,0.0,78.9
1747230567325,9.2,0.0,14.4,0.0,0.0,0.2,76.2
1747230569348,10.7,0.0,17.1,0.0,0.0,0.1,72.1
1747230571360,11.3,0.0,16.9,0.0,0.0,0.0,71.8
1747230573374,11.8,0.0,18.2,0.0,0.0,0.2,69.8
1747230575392,0.0,0.0,0.0,0.0,0.0,0.0,0.0
1747230577406,10.9,0.0,15.6,0.0,0.0,0.0,73.5
1747230579419,10.8,0.0,15.1,0.0,0.0,0.1,74.0
1747230581431,10.7,0.0,15.4,0.0,0.0,0.1,73.8
1747230583444,0.0,0.0,0.0,0.0,0.0,0.0,0.0
1747230585457,10.1,0.0,15.2,0.0,0.0,0.1,74.6
1747230587470,10.3,0.0,15.4,0.0,0.0,0.1,74.2
1747230589483,10.3,0.0,15.8,0.0,0.0,0.1,73.7
1747230591495,0.0,0.0,0.0,0.0,0.0,0.0,99.9
1747230593507,7.7,0.0,11.4,0.0,0.0,0.1,80.8
1747230595518,7.7,0.0,11.3,0.0,0.0,0.1,80.8
1747230597529,7.2,0.0,12.4,0.0,0.0,0.1,80.3
1747230599541,7.6,0.0,12.7,0.0,0.0,0.1,79.6
1747230601552,7.6,0.0,12.7,0.0,0.0,0.2,79.5
1747230603562,7.4,0.0,12.9,0.0,0.0,0.2,79.6
1747230605574,7.6,0.0,13.5,0.0,0.0,0.1,78.8
1747230607586,8.1,0.0,13.7,0.0,0.0,0.2,78.0
1747230609599,7.6,0.0,14.0,0.0,0.0,0.1,78.3
1747230611610,8.1,0.0,14.1,0.0,0.0,0.1,77.8
1747230613621,8.5,0.0,14.1,0.0,0.0,0.2,77.2
1747230615632,8.4,0.0,14.3,0.0,0.0,0.0,77.2
1747230617641,7.6,0.0,14.3,0.0,0.0,0.2,77.9
1747230619650,7.8,0.0,13.8,0.0,0.0,0.2,78.2
1747230621668,7.1,0.0,14.0,0.0,0.0,0.1,78.8
1747230623682,7.8,0.0,13.4,0.0,0.0,0.1,78.7
1747230625691,7.8,0.0,13.2,0.0,0.0,0.0,78.9
1747230627702,7.7,0.0,14.0,0.0,0.0,0.0,78.2
1747230629710,8.6,0.0,15.5,0.0,0.0,0.0,75.8
1747230631720,8.0,0.0,15.4,0.0,0.0,0.1,76.4
1747230633730,7.8,0.0,14.3,0.0,0.0,0.1,77.8
1747230635738,7.8,0.0,14.6,0.0,0.0,0.1,77.5
1747230637746,8.6,0.0,13.4,0.0,0.0,0.1,77.9
1747230639774,7.5,0.0,13.9,0.0,0.0,0.1,78.5
1747230641784,7.2,0.0,13.1,0.0,0.0,0.1,79.5
1747230643805,7.3,0.0,12.7,0.0,0.0,0.1,79.9
1747230645822,7.5,0.0,13.2,0.0,0.0,0.0,79.2
1747230647833,8.3,0.0,15.2,0.0,0.0,0.1,76.4
1747230649844,8.1,0.0,12.8,0.0,0.0,0.1,79.0
1747230651856,7.4,0.0,13.3,0.0,0.0,0.1,79.2
1747230653867,7.1,0.0,13.7,0.0,0.0,0.1,79.2
1747230655878,7.4,0.0,13.4,0.0,0.0,0.0,79.1
1747230657889,7.9,0.0,13.0,0.0,0.0,0.0,79.1
1747230659900,8.4,0.0,12.5,0.0,0.0,0.1,79.1
1747230661911,7.5,0.0,14.1,0.0,0.0,0.1,78.4
1747230663922,8.9,0.0,13.6,0.0,0.0,0.1,77.4
1747230665933,7.7,0.0,14.3,0.0,0.0,0.0,78.0
1747230667944,7.5,0.0,14.5,0.0,0.0,0.1,78.0
1747230669954,8.2,0.0,14.4,0.0,0.0,0.0,77.3
1747230671965,9.2,0.0,13.9,0.0,0.0,0.1,76.7
1747230673976,8.0,0.0,13.2,0.0,0.0,0.1,78.8
1747230675987,7.7,0.0,13.5,0.0,0.0,0.1,78.6
1747230677997,7.3,0.0,13.7,0.0,0.0,0.0,78.9
1747230680008,7.9,0.0,13.9,0.0,0.0,0.0,78.2
1747230682018,7.5,0.0,13.2,0.0,0.0,0.1,79.2
1747230684029,8.3,0.0,12.6,0.0,0.0,0.1,79.0
1747230686040,7.9,0.0,13.1,0.0,0.0,0.0,78.9
1747230688051,7.4,0.0,15.0,0.0,0.0,0.1,77.5
1747230690062,8.5,0.0,14.7,0.0,0.0,0.0,76.8
1747230692071,8.4,0.0,14.2,0.0,0.0,0.0,77.4
1747230694086,8.6,0.0,13.4,0.0,0.0,0.0,78.0
1747230696097,7.5,0.0,13.3,0.0,0.0,0.1,79.0
1747230698106,7.2,0.0,13.4,0.0,0.0,0.1,79.2
1747230700113,6.9,0.0,12.9,0.0,0.0,0.1,80.0
1747230702121,7.5,0.0,12.2,0.0,0.0,0.1,80.2
1747230704135,7.4,0.0,13.1,0.0,0.0,0.1,79.4
1747230706144,6.5,0.0,13.8,0.0,0.0,0.1,79.5
1747230708155,7.2,0.0,13.1,0.0,0.0,0.0,79.6
1747230710163,7.6,0.0,12.7,0.0,0.0,0.1,79.7
1747230712175,7.2,0.0,14.2,0.0,0.0,0.1,78.5
1747230714186,8.3,0.0,12.6,0.0,0.0,0.1,79.0
1747230716197,7.9,0.0,14.0,0.0,0.0,0.0,78.1
1747230718209,7.6,0.0,14.2,0.0,0.0,0.2,77.9
1747230720220,9.0,0.0,14.3,0.0,0.0,0.1,76.7
1747230722229,8.3,0.0,13.7,0.0,0.0,0.2,77.9
1747230724240,7.5,0.0,13.4,0.0,0.0,0.2,78.9
1747230726252,7.8,0.0,13.0,0.0,0.0,0.0,79.2
1747230728263,7.5,0.0,14.1,0.0,0.0,0.0,78.3
1747230730274,9.9,0.0,14.7,0.0,0.0,0.0,75.3
1747230732284,11.5,0.0,17.1,0.0,0.0,0.1,71.4
1747230734295,11.4,0.0,17.4,0.0,0.0,0.1,71.1
1747230736307,10.7,0.0,17.5,0.0,0.0,0.1,71.8
1747230738319,0.0,0.0,0.0,0.0,0.0,0.0,0.0
1747230740329,10.3,0.0,15.2,3.9,0.0,0.0,70.5
1747230742343,9.8,0.0,15.4,0.0,0.0,0.0,74.7
1747230744355,9.8,0.0,15.7,0.0,0.0,0.0,74.4
1747230746369,10.2,0.0,15.0,3.4,0.0,0.0,71.4
1747230748395,9.4,0.0,14.1,0.0,0.0,0.1,76.4
1747230750407,9.9,0.0,15.1,0.0,0.0,0.1,75.0
1747230752421,10.7,0.0,15.1,0.0,0.0,0.1,74.1
1747230754436,10.6,0.0,16.3,0.0,0.0,0.1,73.0
1747230756449,7.2,0.0,11.6,0.0,0.0,0.0,81.2
1747230758459,7.4,0.0,11.6,0.0,0.0,0.0,81.0
1747230760468,6.9,0.0,12.3,0.0,0.0,0.1,80.7
1747230762476,7.8,0.0,11.9,0.0,0.0,0.2,80.1
1747230764487,7.4,0.0,12.4,0.0,0.0,0.1,80.1
1747230766500,7.0,0.0,12.2,0.0,0.0,0.2,80.7
1747230768524,7.1,0.0,12.3,0.0,0.0,0.1,80.5
1747230770534,8.0,0.0,13.2,0.0,0.0,0.1,78.7
1747230772545,8.7,0.0,12.9,0.0,0.0,0.1,78.4
1747230774557,7.9,0.0,13.4,0.0,0.0,0.1,78.6
1747230776568,7.5,0.0,14.1,0.0,0.0,0.1,78.3
1747230778580,8.9,0.0,13.8,0.0,0.0,0.1,77.2
1747230780592,9.3,0.0,14.5,0.0,0.0,0.1,76.1
1747230782604,7.8,0.0,14.0,0.0,0.0,0.2,78.0
1747230784616,8.6,0.0,14.8,0.0,0.0,0.0,76.5
1747230786627,8.5,0.0,14.1,0.0,0.0,0.1,77.3
1747230788637,8.6,0.0,13.8,0.0,0.0,0.1,77.6
1747230790647,7.7,0.0,14.0,0.0,0.0,0.0,78.3
1747230792659,7.7,0.0,14.9,0.0,0.0,0.1,77.3
1747230794670,8.2,0.0,14.4,0.0,0.0,0.1,77.3
1747230796680,8.8,0.0,14.8,0.0,0.0,0.1,76.3
1747230798690,7.9,0.0,13.6,0.0,0.0,0.0,78.5
1747230800701,7.6,0.0,14.1,0.0,0.0,0.1,78.2
1747230802713,8.3,0.0,14.6,0.0,0.0,0.2,77.0
1747230804724,0.0,0.0,0.0,0.0,0.0,0.0,0.0
1747230806741,9.6,0.0,16.2,0.0,0.0,0.0,74.1
1747230808780,10.9,0.0,15.9,0.0,0.0,0.0,73.2
1747230810798,10.0,0.0,16.2,0.0,0.0,0.0,73.8
1747230812815,9.6,0.0,16.9,0.0,0.0,0.1,73.4
1747230814829,10.0,0.0,14.6,0.0,0.0,0.1,75.3
1747230816841,10.0,0.0,16.5,0.0,0.0,0.0,73.5
1747230818855,10.3,0.0,15.7,0.0,0.0,0.0,73.9
1747230820871,11.3,0.0,16.4,0.0,0.0,0.1,72.2
1747230822887,9.4,0.0,13.7,0.0,0.0,0.1,76.8
1747230824899,9.8,0.0,14.8,0.0,0.0,0.1,75.4
1747230826911,10.3,0.0,14.3,0.0,0.0,0.1,75.3
1747230828921,10.2,0.0,15.5,0.0,0.0,0.1,74.2
1747230830931,8.1,0.0,11.4,0.0,0.0,0.1,80.4
1747230832941,7.2,0.0,11.7,0.0,0.0,0.1,81.0
1747230834950,8.0,0.0,11.1,0.0,0.0,0.0,80.9
1747230836962,7.2,0.0,12.8,0.0,0.0,0.2,79.9
1747230838973,0.1,0.0,0.2,0.0,0.0,0.0,99.7
1747230840985,7.5,0.0,13.1,0.0,0.0,0.1,79.4
1747230842996,7.7,0.0,13.2,0.0,0.0,0.0,79.1
1747230845008,7.7,0.0,13.7,0.0,0.0,0.0,78.6
1747230847018,0.2,0.0,0.3,0.0,0.0,0.0,99.5
1747230849030,9.1,0.0,14.0,0.0,0.0,0.1,76.8
1747230851040,9.1,0.0,13.7,0.0,0.0,0.0,77.2
1747230853051,7.6,0.0,14.3,0.0,0.0,0.1,78.0
1747230855061,8.1,0.0,13.7,0.0,0.0,0.0,78.3
1747230857072,7.9,0.0,13.0,0.0,0.0,0.0,79.1
1747230859083,7.9,0.0,13.7,0.0,0.0,0.0,78.3
1747230861095,7.6,0.0,14.4,0.0,0.0,0.2,77.9
1747230863105,8.9,0.0,13.2,0.0,0.0,0.2,77.7
1747230865117,7.6,0.0,14.0,0.0,0.0,0.0,78.4
1747230867126,7.3,0.0,15.0,0.0,0.0,0.0,77.7
1747230869136,7.0,0.0,13.8,0.0,0.0,0.0,79.2
1747230871147,7.7,0.0,14.7,0.0,0.0,0.1,77.5
1747230873156,7.7,0.0,13.4,0.0,0.0,0.2,78.7
1747230875166,7.9,0.0,13.9,0.0,0.0,0.1,78.1
1747230877178,7.6,0.0,14.2,0.0,0.0,0.1,78.1
1747230879189,7.6,0.0,14.3,0.0,0.0,0.1,77.9
1747230881199,7.0,0.0,13.2,0.0,0.0,0.0,79.8
1747230883206,7.2,0.0,12.5,0.0,0.0,0.0,80.3
1747230885217,7.2,0.0,13.3,0.0,0.0,0.3,79.3
1747230887228,7.9,0.0,13.4,0.0,0.0,0.1,78.6
1747230889238,7.6,0.0,12.9,0.0,0.0,0.1,79.4
1747230891246,6.8,0.0,13.4,0.0,0.0,0.1,79.7
1747230893259,7.6,0.0,14.8,0.0,0.0,0.1,77.6
1747230895269,8.9,0.0,13.4,0.0,0.0,0.1,77.6
1747230897278,8.1,0.0,13.8,0.0,0.0,0.0,78.0
1747230899288,8.1,0.0,14.2,0.0,0.0,0.0,77.7
1747230901300,7.3,0.0,13.8,0.0,0.0,0.2,78.7
1747230903312,8.7,0.0,13.1,0.0,0.0,0.1,78.1
1747230905322,7.1,0.0,13.3,0.0,0.0,0.1,79.5
1747230907333,7.2,0.0,13.2,0.0,0.0,0.0,79.6
1747230909343,7.4,0.0,13.7,0.0,0.0,0.0,78.8
1747230911353,0.0,0.0,0.0,0.0,0.0,0.0,0.0
1747230913362,11.2,0.0,17.5,0.0,0.0,0.1,71.2
1747230915372,11.9,0.0,16.1,0.0,0.0,0.0,71.9
1747230917383,11.4,0.0,16.3,0.0,0.0,0.1,72.1
1747230919395,0.0,0.0,0.0,0.0,0.0,0.0,0.0
1747230921408,10.9,0.0,15.0,0.0,0.0,0.1,74.1
1747230923420,9.6,0.0,16.1,0.0,0.0,0.1,74.2
1747230925434,10.4,0.0,15.7,0.0,0.0,0.0,73.8
1747230927448,10.0,0.0,16.5,0.0,0.0,0.1,73.4
1747230929463,9.5,0.0,14.7,0.0,0.0,0.1,75.6
1747230931477,9.8,0.0,15.0,0.0,0.0,0.0,75.1
1747230933500,9.7,0.0,14.9,0.0,0.0,0.1,75.2
1747230935520,10.0,0.0,15.4,0.0,0.0,0.1,74.5
1747230937534,7.3,0.0,11.3,0.0,0.0,0.1,81.3
1747230939543,6.9,0.0,10.9,0.0,0.0,0.2,82.0
1747230941551,6.4,0.0,11.2,0.0,0.0,0.0,82.4
1747230943574,6.6,0.0,11.7,0.0,0.0,0.1,81.6
1747230945600,7.7,0.0,11.4,0.0,0.0,0.2,80.7
1747230947612,6.9,0.0,12.8,0.0,0.0,0.0,80.3
1747230949625,7.4,0.0,12.3,0.0,0.0,0.1,80.3
1747230951638,7.3,0.0,13.1,0.0,0.0,0.0,79.6
1747230953651,8.0,0.0,12.1,0.0,0.0,0.1,79.8
1747230955664,8.1,0.0,12.6,0.0,0.0,0.2,79.2
1747230957675,7.8,0.0,13.9,0.0,0.0,0.1,78.2
1747230959686,8.7,0.0,14.3,0.0,0.0,0.1,76.9
1747230961699,7.7,0.0,13.2,0.0,0.0,0.1,78.9
1747230963712,6.5,0.0,15.5,0.0,0.0,0.2,77.8
1747230965723,7.1,0.0,12.9,0.0,0.0,0.0,79.9
1747230967735,7.2,0.0,13.6,0.0,0.0,0.1,79.0
1747230969746,7.5,0.0,12.8,0.0,0.0,0.2,79.6
1747230971757,6.8,0.0,13.1,0.0,0.0,0.1,79.9
1747230973769,6.9,0.0,12.7,0.0,0.0,0.1,80.3
1747230975781,7.8,0.0,13.6,0.0,0.0,0.0,78.6
1747230977792,7.2,0.0,12.6,0.0,0.0,0.1,80.1
1747230979802,7.0,0.0,13.0,0.0,0.0,0.1,80.0
1747230981810,6.8,0.0,12.5,0.0,0.0,0.2,80.5
1747230983820,8.2,0.0,12.4,0.0,0.0,0.1,79.4
1747230985830,7.4,0.0,12.9,0.0,0.0,0.0,79.6
1747230987847,6.0,0.0,14.0,0.0,0.0,0.0,79.9
1747230989871,6.7,0.0,12.3,0.0,0.0,0.1,80.9
1747230991882,7.7,0.0,13.1,0.0,0.0,0.1,79.2
1747230993892,7.8,0.0,12.9,0.0,0.0,0.1,79.2
1747230995904,6.9,0.0,13.0,0.0,0.0,0.0,80.1
1747230997914,6.6,0.0,12.1,0.0,0.0,0.0,81.3
1747230999927,6.7,0.0,11.9,0.0,0.0,0.0,81.4
1747231001941,7.4,0.0,12.3,0.0,0.0,0.1,80.1
1747231003964,7.1,0.0,12.7,0.0,0.0,0.1,80.2
1747231005984,7.7,0.0,13.1,0.0,0.0,0.1,79.1
1747231007999,7.2,0.0,12.1,0.0,0.0,0.0,80.6
1747231010009,7.5,0.0,11.6,0.0,0.0,0.2,80.8
1747231012019,6.8,0.0,12.0,0.0,0.0,0.1,81.0
1747231014040,6.4,0.0,11.6,0.0,0.0,0.0,82.0
1747231016053,7.5,0.0,12.7,0.0,0.0,0.2,79.7
1747231018064,7.8,0.0,12.1,0.0,0.0,0.1,80.0
1747231020075,7.2,0.0,11.8,0.0,0.0,0.1,80.9
1747231022084,7.0,0.0,12.3,0.0,0.0,0.1,80.6
1747231024095,7.8,0.0,12.8,0.0,0.0,0.1,79.3
1747231026106,8.4,0.0,12.6,0.0,0.0,0.1,78.8
1747231028117,8.0,0.0,13.2,0.0,0.0,0.0,78.8
1747231030129,8.6,0.0,14.5,0.0,0.0,0.2,76.7
1747231032142,6.8,0.0,14.8,0.0,0.0,0.2,78.2
1747231034152,7.4,0.0,13.2,0.0,0.0,0.1,79.3
1747231036162,6.8,0.0,13.5,0.0,0.0,0.1,79.5
1747231038172,6.5,0.0,15.1,0.0,0.0,0.0,78.4
1747231040183,7.3,0.0,15.1,0.0,0.0,0.2,77.5
1747231042192,9.7,0.0,15.4,0.0,0.0,0.2,74.7
1747231044209,6.4,0.0,13.1,0.0,0.0,0.1,80.5
1747231046220,6.3,0.0,13.6,0.0,0.0,0.2,79.9
1747231048228,7.4,0.0,11.9,0.0,0.0,0.1,80.6
1747231050244,6.9,0.0,11.3,0.0,0.0,0.0,81.8
1747231052264,5.9,0.0,11.8,0.0,0.0,0.1,82.2
1747231054287,6.5,0.0,10.9,0.0,0.0,0.1,82.5
1747231056304,6.5,0.0,12.3,0.0,0.0,0.1,81.0
1747231058315,7.5,0.0,12.2,0.0,0.0,0.1,80.1
1747231060333,7.3,0.0,12.1,0.0,0.0,0.1,80.6
1747231062351,9.1,0.0,12.2,0.0,0.0,0.2,78.5
1747231064363,8.7,0.0,13.4,0.0,0.0,0.1,77.8
1747231066373,8.8,0.0,11.8,0.0,0.0,0.1,79.3
1747231068383,7.1,0.0,11.6,0.0,0.0,0.0,81.3
1747231070393,6.8,0.0,12.2,0.0,0.0,0.1,80.9
1747231072403,7.3,0.0,11.9,0.0,0.0,0.1,80.7
1747231074412,7.0,0.0,13.2,0.0,0.0,0.2,79.6
1747231076420,7.1,0.0,12.4,0.0,0.0,0.1,80.4
1747231078430,6.3,0.0,13.9,0.0,0.0,0.0,79.8
1747231080440,6.8,0.0,13.2,0.0,0.0,0.0,80.0
1747231082452,8.2,0.0,13.2,0.0,0.0,0.2,78.3
1747231084463,8.4,0.0,14.8,0.0,0.0,0.1,76.6
1747231086474,7.4,0.0,12.5,0.0,0.0,0.0,80.0
1747231088485,7.0,0.0,12.6,0.0,0.0,0.1,80.3
1747231090495,7.6,0.0,13.3,0.0,0.0,0.0,79.1
1747231092506,7.0,0.0,14.0,0.0,0.0,0.1,78.9
1747231094517,7.0,0.0,13.2,0.0,0.0,0.1,79.7
1747231096529,7.0,0.0,13.0,0.0,0.0,0.2,79.8
1747231098540,9.0,0.0,13.1,0.0,0.0,0.0,78.0
1747231100550,8.1,0.0,13.1,0.0,0.0,0.1,78.8
1747231102564,6.9,0.0,13.5,0.0,0.0,0.2,79.3
1747231104591,8.0,0.0,12.7,0.0,0.0,0.1,79.2
1747231106610,8.3,0.0,12.3,0.0,0.0,0.0,79.4
1747231108620,6.6,0.0,11.8,0.0,0.0,0.0,81.5
1747231110628,6.5,0.0,12.1,0.0,0.0,0.0,81.3
1747231112637,6.6,0.0,12.3,0.0,0.0,0.2,81.0
1747231114646,0.0,0.0,0.0,0.0,0.0,0.0,0.0
1747231116659,10.2,0.0,17.9,0.0,0.0,0.0,72.0
1747231118673,11.4,0.0,15.6,0.0,0.0,0.2,72.8
1747231120684,10.5,0.0,16.6,0.0,0.0,0.1,72.8
1747231122696,10.7,0.0,17.0,0.0,0.0,0.1,72.3
1747231124707,9.4,0.0,15.2,0.0,0.0,0.1,75.2
1747231126718,10.8,0.0,14.6,0.0,0.0,0.0,74.5
1747231128729,10.0,0.0,15.4,0.0,0.0,0.0,74.5
1747231130739,10.8,0.0,15.4,0.0,0.0,0.0,73.8
1747231132748,9.9,0.0,13.6,0.0,0.0,0.1,76.3
1747231134759,9.1,0.0,15.6,0.0,0.0,0.1,75.1
1747231136771,10.0,0.0,15.2,0.0,0.0,0.0,74.7
1747231138783,10.4,0.0,16.4,0.0,0.0,0.1,73.0
1747231140795,0.0,0.0,0.0,0.0,0.0,0.0,100.0
1747231142806,6.8,0.0,11.4,0.0,0.0,0.2,81.5
1747231144817,7.5,0.0,12.3,0.0,0.0,0.1,80.1
1747231146827,6.9,0.0,11.9,0.0,0.0,0.0,81.1
1747231148836,0.1,0.0,0.3,0.0,0.0,0.0,99.6
1747231150847,6.0,0.0,12.4,0.0,0.0,0.0,81.6
1747231152856,5.9,0.0,11.9,0.0,0.0,0.2,82.0
1747231154868,6.2,0.0,10.7,0.0,0.0,0.0,83.0
1747231156879,0.1,0.0,0.2,0.0,0.0,0.0,99.6
1747231158888,6.5,0.0,11.8,0.0,0.0,0.0,81.6
1747231160899,6.9,0.0,11.9,0.0,0.0,0.2,81.0
1747231162911,7.9,0.0,11.9,0.0,0.0,0.2,80.0
1747231164927,0.1,0.0,0.2,0.0,0.0,0.0,99.6
1747231166944,6.9,0.0,12.9,0.0,0.0,0.0,80.2
1747231168955,7.2,0.0,12.5,0.0,0.0,0.1,80.1
1747231170968,7.6,0.0,13.1,0.0,0.0,0.0,79.3
1747231172977,7.9,0.0,13.4,0.0,0.0,0.2,78.6
1747231174988,7.8,0.0,12.9,0.0,0.0,0.0,79.3
1747231176999,7.3,0.0,14.3,0.0,0.0,0.1,78.3
1747231179010,7.8,0.0,13.2,0.0,0.0,0.1,78.9
1747231181021,8.1,0.0,13.5,0.0,0.0,0.0,78.3
1747231183032,7.8,0.0,13.5,0.0,0.0,0.2,78.4
1747231185043,6.9,0.0,14.9,0.0,0.0,0.1,78.0
1747231187052,7.8,0.0,14.8,0.0,0.0,0.2,77.2
1747231189060,8.0,0.0,13.4,0.0,0.0,0.2,78.4
1747231191068,9.2,0.0,16.1,0.0,0.0,0.0,74.6
1747231193077,7.5,0.0,13.7,0.0,0.0,0.2,78.6
1747231195087,7.4,0.0,13.3,0.0,0.0,0.1,79.1
1747231197098,7.2,0.0,13.8,0.0,0.0,0.0,79.0
1747231199111,6.9,0.0,13.1,0.0,0.0,0.1,79.9
1747231201120,6.8,0.0,14.4,0.0,0.0,0.1,78.7
1747231203131,7.0,0.0,15.7,0.0,0.0,0.1,77.2
1747231205141,7.2,0.0,15.2,0.0,0.0,0.0,77.6
1747231207152,10.2,0.0,15.3,0.0,0.0,0.1,74.3
1747231209163,8.3,0.0,13.5,0.0,0.0,0.0,78.2
1747231211193,6.8,0.0,11.9,0.0,0.0,0.1,81.2
1747231213203,6.6,0.0,13.1,0.0,0.0,0.3,80.0
1747231215216,7.0,0.0,10.9,0.0,0.0,0.0,82.0
1747231217231,6.4,0.0,11.4,0.0,0.0,0.2,82.0
1747231219246,6.8,0.0,11.2,0.0,0.0,0.1,81.9
1747231221257,6.2,0.0,12.2,0.0,0.0,0.0,81.5
1747231223271,6.8,0.0,11.0,0.0,0.0,0.1,82.1
1747231225285,6.4,0.0,11.9,0.0,0.0,0.0,81.7
1747231227299,6.8,0.0,11.6,0.0,0.0,0.0,81.6
1747231229309,8.3,0.0,11.6,0.0,0.0,0.0,80.1
1747231231327,7.5,0.0,12.2,0.0,0.0,0.0,80.2
1747231233337,7.9,0.0,12.5,0.0,0.0,0.1,79.5
1747231235347,8.7,0.0,14.2,0.0,0.0,0.1,76.9
1747231237356,7.6,0.0,12.9,0.0,0.0,0.0,79.5
1747231239365,7.2,0.0,12.9,0.0,0.0,0.1,79.7
1747231241374,7.2,0.0,13.0,0.0,0.0,0.0,79.7
1747231243385,7.3,0.0,12.9,0.0,0.0,0.1,79.7
1747231245396,7.0,0.0,13.6,0.0,0.0,0.2,79.3
1747231247407,12.0,0.0,17.8,0.0,0.0,0.2,70.0
1747231249417,11.0,0.0,17.4,0.0,0.0,0.1,71.5
1747231251429,11.5,0.0,16.6,0.0,0.0,0.2,71.7
1747231253441,11.9,0.0,16.2,0.0,0.0,0.2,71.6
1747231255453,0.0,0.0,0.0,0.0,0.0,0.0,0.0
1747231257465,10.9,0.0,15.8,0.0,0.0,0.1,73.2
1747231259475,10.4,0.0,16.9,0.0,0.0,0.1,72.6
1747231261490,9.6,0.0,15.8,0.0,0.0,0.1,74.5
1747231263522,0.0,0.0,0.0,0.0,0.0,0.0,0.0
1747231265544,10.1,0.0,14.9,0.0,0.0,0.1,75.0
1747231267570,9.5,0.0,15.2,0.0,0.0,0.0,75.3
1747231269591,9.6,0.0,15.3,0.0,0.0,0.0,75.1
1747231271615,0.1,0.0,0.1,0.0,0.0,0.0,99.8
1747231273630,6.3,0.0,11.6,0.0,0.0,0.1,82.0
1747231275639,6.0,0.0,10.7,0.0,0.0,0.1,83.2
1747231277659,6.5,0.0,10.8,0.0,0.0,0.0,82.6
1747231279675,0.1,0.0,0.2,0.0,0.0,0.0,99.7
1747231281688,6.7,0.0,11.2,0.0,0.0,0.0,82.0
1747231283705,7.4,0.0,11.0,0.0,0.0,0.0,81.5
1747231285716,6.9,0.0,12.0,0.0,0.0,0.1,81.0
1747231287727,7.0,0.0,12.1,0.0,0.0,0.1,80.9
1747231289738,8.0,0.0,11.8,0.0,0.0,0.0,80.2
1747231291750,8.1,0.0,13.8,0.0,0.0,0.0,78.0
1747231293763,9.5,0.0,14.8,0.0,0.0,0.0,75.7
1747231295776,7.6,0.0,12.1,0.0,0.0,0.0,80.3
1747231297787,7.3,0.0,11.9,0.0,0.0,0.1,80.6
1747231299803,7.0,0.0,12.4,0.0,0.0,0.2,80.4
1747231301815,6.7,0.0,12.6,0.0,0.0,0.0,80.6
1747231303826,7.2,0.0,12.4,0.0,0.0,0.0,80.3
1747231305836,6.9,0.0,12.8,0.0,0.0,0.0,80.3
1747231307847,6.7,0.0,13.8,0.0,0.0,0.0,79.5
1747231309858,7.9,0.0,15.0,0.0,0.0,0.0,77.0
1747231311866,7.7,0.0,13.6,0.0,0.0,0.1,78.7
1747231313877,11.2,0.0,18.3,0.0,0.0,0.0,70.4
1747231315887,10.8,0.0,16.6,0.0,0.0,0.0,72.6
1747231317899,10.1,0.0,15.9,0.0,0.0,0.1,73.9
1747231319921,11.2,0.0,16.7,0.0,0.0,0.1,72.0
1747231321935,10.5,0.0,14.7,0.0,0.0,0.0,74.8
1747231323956,9.6,0.0,16.2,0.0,0.0,0.1,74.1
1747231325989,9.6,0.0,16.4,0.0,0.0,0.0,74.0
1747231328018,9.7,0.0,16.0,0.0,0.0,0.1,74.2
1747231330036,0.0,0.0,0.0,0.0,0.0,0.0,0.0
1747231332051,10.1,0.0,14.6,0.0,0.0,0.0,75.3
1747231334065,9.7,0.0,14.5,0.0,0.0,0.1,75.7
1747231336081,10.5,0.0,14.9,0.0,0.0,0.0,74.6
1747231338093,0.2,0.0,0.3,0.0,0.0,0.0,99.4
1747231340104,6.8,0.0,11.6,0.0,0.0,0.0,81.6
1747231342115,7.0,0.0,11.7,0.0,0.0,0.1,81.1
1747231344126,8.3,0.0,12.3,0.0,0.0,0.0,79.4
1747231346137,0.1,0.0,0.2,0.0,0.0,0.0,99.7
1747231348147,6.5,0.0,11.7,0.0,0.0,0.1,81.7
1747231350158,6.4,0.0,11.8,0.0,0.0,0.1,81.6
1747231352169,6.5,0.0,12.2,0.0,0.0,0.1,81.2
1747231354180,6.5,0.0,12.5,0.0,0.0,0.1,80.9
1747231356191,6.8,0.0,11.9,0.0,0.0,0.1,81.2
1747231358202,6.3,0.0,13.5,0.0,0.0,0.0,80.2
1747231360213,7.0,0.0,13.3,0.0,0.0,0.1,79.6
1747231362224,7.0,0.0,12.8,0.0,0.0,0.1,80.1
1747231364235,7.3,0.0,12.9,0.0,0.0,0.0,79.7
1747231366245,6.5,0.0,12.5,0.0,0.0,0.2,80.8
1747231368255,6.5,0.0,12.6,0.0,0.0,0.1,80.9
1747231370275,6.5,0.0,11.2,0.0,0.0,0.0,82.2
1747231372380,9.2,0.0,14.5,0.0,0.0,0.0,76.3
1747231374421,10.7,0.0,15.8,0.0,0.0,0.0,73.5
1747231376439,10.5,0.0,15.9,0.0,0.0,0.0,73.6
1747231378454,10.3,0.0,16.8,0.0,0.0,0.0,72.9
1747231380470,9.5,0.0,13.7,0.0,0.0,0.1,76.7
1747231382482,10.4,0.0,14.9,0.0,0.0,0.1,74.6
1747231384502,9.5,0.0,14.6,0.0,0.0,0.1,75.8
1747231386524,10.2,0.0,15.3,0.0,0.0,0.0,74.5
1747231388536,0.0,0.0,0.0,0.0,0.0,0.0,0.0
1747231390548,9.3,0.0,15.7,0.0,0.0,0.1,75.0
1747231392560,9.3,0.0,17.2,0.0,0.0,0.1,73.4
1747231394572,9.5,0.0,16.8,0.0,0.0,0.1,73.6
1747231396584,0.0,0.0,0.0,0.0,0.0,0.0,0.0
1747231398596,9.6,0.0,14.6,0.0,0.0,0.0,75.7
1747231400605,9.9,0.0,14.3,0.0,0.0,0.1,75.7
1747231402614,9.1,0.0,15.0,0.0,0.0,0.1,75.8
1747231404624,0.0,0.0,0.0,0.0,0.0,0.0,100.0
1747231406634,6.4,0.0,10.5,0.0,0.0,0.1,83.0
1747231408643,5.9,0.0,10.8,0.0,0.0,0.1,83.3
1747231410649,5.6,0.0,11.1,0.0,0.0,0.0,83.3
1747231412658,6.3,0.0,10.8,0.0,0.0,0.1,82.8
1747231414668,7.2,0.0,11.7,0.0,0.0,0.1,81.0
1747231416677,6.2,0.0,10.4,0.0,0.0,0.0,83.3
1747231418684,6.2,0.0,10.3,0.0,0.0,0.0,83.5
1747231420691,7.0,0.0,10.3,0.0,0.0,0.1,82.7
1747231422708,7.5,0.0,10.6,0.0,0.0,0.2,81.7
1747231424733,8.5,0.0,16.5,0.0,0.0,0.0,75.0
1747231426751,9.7,0.0,14.3,0.0,0.0,0.0,76.0
1747231428776,10.0,0.0,14.5,0.0,0.0,0.0,75.5
1747231430798,0.0,0.0,0.0,0.0,0.0,0.0,0.0
1747231432812,9.1,0.0,14.9,0.0,0.0,0.2,75.7
1747231434824,9.6,0.0,14.6,0.0,0.0,0.0,75.8
1747231436836,9.8,0.0,14.1,0.0,0.0,0.0,76.1
1747231438847,0.1,0.0,0.1,0.0,0.0,0.0,99.8
1747231440858,6.9,0.0,13.0,0.0,0.0,0.0,80.1
1747231442869,6.4,0.0,13.2,0.0,0.0,0.1,80.2
1747231444880,6.5,0.0,13.9,0.0,0.0,0.1,79.5
1747231446889,7.4,0.0,14.9,0.0,0.0,0.1,77.6
1747231448898,6.5,0.0,11.7,0.0,0.0,0.1,81.7
1747231450908,6.4,0.0,11.1,0.0,0.0,0.1,82.4
1747231452918,6.2,0.0,11.8,0.0,0.0,0.3,81.8
1747231454929,6.3,0.0,11.8,0.0,0.0,0.0,81.8
1747231456938,6.5,0.0,11.8,0.0,0.0,0.1,81.6
1747231458946,6.0,0.0,12.7,0.0,0.0,0.1,81.2
1747231460954,6.2,0.0,12.0,0.0,0.0,0.1,81.8
1747231462968,6.6,0.0,11.3,0.0,0.0,0.1,82.0
1747231465038,7.4,0.0,11.7,0.0,0.0,0.0,80.9
1747231467058,7.5,0.0,11.3,0.0,0.0,0.0,81.2
1747231469068,7.8,0.0,11.0,0.0,0.0,0.0,81.2
1747231471079,6.6,0.0,11.0,0.0,0.0,0.0,82.4
1747231473088,6.8,0.0,11.0,0.0,0.0,0.0,82.2
1747231475102,6.4,0.0,11.1,0.0,0.0,0.0,82.4
1747231477123,6.6,0.0,11.5,0.0,0.0,0.1,81.8
1747231479136,6.8,0.0,11.8,0.0,0.0,0.0,81.4
1747231481150,6.8,0.0,13.0,0.0,0.0,0.0,80.2
1747231483160,7.3,0.0,13.7,0.0,0.0,0.2,78.8
1747231485170,7.5,0.0,13.7,0.0,0.0,0.1,78.8
1747231487180,8.6,0.0,14.3,0.0,0.0,0.1,77.0
1747231489190,10.8,0.0,15.7,0.0,0.0,0.0,73.5
1747231491199,12.1,0.0,17.3,0.0,0.0,0.1,70.6
1747231493210,12.3,0.0,16.8,0.0,0.0,0.2,70.7
1747231495221,11.4,0.0,19.4,0.0,0.0,0.1,69.0
1747231497232,0.0,0.0,0.0,0.0,0.0,0.0,0.0
1747231499244,11.1,0.0,17.0,0.0,0.0,0.1,71.8
1747231501257,11.4,0.0,17.1,0.0,0.0,0.0,71.4
1747231503269,11.9,0.0,18.5,0.0,0.0,0.4,69.1
1747231505282,0.0,0.0,0.0,0.0,0.0,0.0,0.0
1747231507294,9.6,0.0,17.2,0.0,0.0,0.1,73.0
1747231509314,9.9,0.0,15.1,0.0,0.0,0.1,75.0
1747231511339,9.6,0.0,15.6,0.0,0.0,0.0,74.7
1747231513361,0.2,0.0,0.2,0.0,0.0,0.0,99.6
1747231515373,7.2,0.0,11.9,0.0,0.0,0.2,80.8
1747231517380,6.9,0.0,11.9,0.0,0.0,0.1,81.0
1747231519390,6.5,0.0,12.7,0.0,0.0,0.1,80.7
1747231521398,8.4,0.0,12.1,0.0,0.0,0.2,79.2
1747231523407,7.2,0.0,11.7,0.0,0.0,0.2,81.0
1747231525415,7.5,0.0,12.0,0.0,0.0,0.1,80.3
1747231527424,7.7,0.0,12.9,0.0,0.0,0.1,79.3
1747231529434,7.7,0.0,12.1,0.0,0.0,0.0,80.2
1747231531444,6.5,0.0,12.0,0.0,0.0,0.0,81.5
1747231533454,6.8,0.0,11.9,0.0,0.0,0.2,81.0
1747231535468,6.6,0.0,12.4,0.0,0.0,0.0,81.0
1747231537480,0.0,0.0,0.0,0.0,0.0,0.0,0.0
1747231539491,10.8,0.0,16.0,0.0,0.0,0.1,73.1
1747231541502,10.6,0.0,16.2,0.0,0.0,0.0,73.1
1747231543514,11.1,0.0,15.9,0.0,0.0,0.1,72.9
1747231545525,11.7,0.0,16.9,0.0,0.0,0.0,71.3
1747231547537,10.4,0.0,14.1,0.0,0.0,0.2,75.4
1747231549547,10.5,0.0,15.4,0.0,0.0,0.1,74.0
1747231551560,10.8,0.0,15.0,0.0,0.0,0.1,74.0
1747231553571,10.6,0.0,16.4,0.0,0.0,0.2,72.8
1747231555580,7.7,0.0,11.1,0.0,0.0,0.1,81.0
1747231557588,9.3,0.0,15.4,0.0,0.0,0.1,75.1
1747231559599,10.2,0.0,15.0,0.0,0.0,0.0,74.8
1747231561610,10.2,0.0,14.6,0.0,0.0,0.1,75.2
1747231563632,0.0,0.0,0.0,0.0,0.0,0.0,100.0
1747231565644,6.5,0.0,11.4,0.0,0.0,0.1,82.0
1747231567652,6.6,0.0,11.6,0.0,0.0,0.1,81.7
1747231569661,6.8,0.0,11.8,0.0,0.0,0.1,81.3
1747231571673,0.2,0.0,0.2,0.0,0.0,0.0,99.6
1747231573681,6.5,0.0,12.1,0.0,0.0,0.2,81.2
1747231575691,6.5,0.0,11.9,0.0,0.0,0.0,81.5
1747231577702,6.8,0.0,11.8,0.0,0.0,0.2,81.2
1747231579711,0.1,0.0,0.2,0.0,0.0,0.0,99.7
1747231581729,6.9,0.0,12.5,0.0,0.0,0.1,80.5
1747231583748,6.7,0.0,12.6,0.0,0.0,0.0,80.7
1747231585768,7.2,0.0,14.5,0.0,0.0,0.0,78.3
1747231587781,0.2,0.0,0.3,0.0,0.0,0.0,99.6
1747231589792,8.3,0.0,13.5,0.0,0.0,0.0,78.2
1747231591803,9.9,0.0,15.6,0.0,0.0,0.1,74.4
1747231593816,6.9,0.0,13.2,0.0,0.0,0.0,79.9
1747231595829,8.4,0.0,12.6,0.0,0.0,0.1,78.9
1747231597841,7.4,0.0,13.1,0.0,0.0,0.1,79.5
1747231599854,6.7,0.0,13.5,0.0,0.0,0.0,79.7
1747231601867,7.3,0.0,14.0,0.0,0.0,0.0,78.7
1747231603879,8.2,0.0,13.8,0.0,0.0,0.0,77.9
1747231605892,8.8,0.0,13.9,0.0,0.0,0.0,77.3
1747231607904,9.1,0.0,15.3,0.0,0.0,0.0,75.6
1747231609916,9.1,0.0,13.6,0.0,0.0,0.1,77.3
1747231611930,0.0,0.0,0.0,0.0,0.0,0.0,0.0
1747231613940,11.3,0.0,15.8,0.0,0.0,0.2,72.8
1747231615955,10.4,0.0,15.9,0.0,0.0,0.1,73.6
1747231617984,10.7,0.0,15.4,0.0,0.0,0.0,73.9
1747231620000,11.2,0.0,17.2,0.0,0.0,0.1,71.5
1747231622014,9.7,0.0,13.9,0.0,0.0,0.0,76.4
1747231624030,10.2,0.0,15.1,0.0,0.0,0.1,74.6
1747231626060,9.7,0.0,15.3,0.0,0.0,0.0,74.9
1747231628081,10.3,0.0,16.2,0.0,0.0,0.1,73.4
1747231630103,9.1,0.0,12.4,0.0,0.0,0.1,78.4
1747231632117,10.3,0.0,14.3,0.0,0.0,0.0,75.4
1747231634129,9.8,0.0,14.4,0.0,0.0,0.0,75.8
1747231636147,10.1,0.0,15.3,0.0,0.0,0.1,74.5
1747231638160,7.5,0.0,12.9,0.0,0.0,0.1,79.5
1747231640171,7.3,0.0,12.3,0.0,0.0,0.0,80.4
1747231642182,7.3,0.0,11.9,0.0,0.0,0.0,80.7
1747231644192,7.3,0.0,13.1,0.0,0.0,0.0,79.5
1747231646202,0.2,0.0,0.3,0.0,0.0,0.0,99.5
1747231648212,7.4,0.0,13.5,0.0,0.0,0.0,79.1
1747231650224,7.4,0.0,13.8,0.0,0.0,0.1,78.6
1747231652235,6.7,0.0,14.4,0.0,0.0,0.0,78.8
1747231654244,0.2,0.0,0.2,0.0,0.0,0.0,99.6
1747231656255,7.8,0.0,13.0,0.0,0.0,0.0,79.2
1747231658265,7.5,0.0,13.8,0.0,0.0,0.0,78.7
1747231660274,7.3,0.0,14.4,0.0,0.0,0.0,78.3
1747231662284,8.3,0.0,13.6,0.0,0.0,0.0,78.0
1747231664294,7.2,0.0,14.3,0.0,0.0,0.0,78.5
1747231666303,8.5,0.0,13.4,0.0,0.0,0.1,78.0
1747231668314,7.7,0.0,12.6,0.0,0.0,0.1,79.7
1747231670325,0.0,0.0,0.0,0.0,0.0,0.0,0.0
1747231672362,9.7,0.0,14.6,0.0,0.0,0.1,75.6
1747231674400,10.9,0.0,16.4,0.0,0.0,0.0,72.7
1747231676420,10.7,0.0,15.6,0.0,0.0,0.1,73.6
1747231678437,10.9,0.0,15.9,0.0,0.0,0.0,73.2
1747231680452,10.3,0.0,15.2,0.0,0.0,0.0,74.5
1747231682467,10.4,0.0,15.5,0.0,0.0,0.1,74.0
1747231684484,10.3,0.0,15.9,0.0,0.0,0.0,73.7
1747231686501,10.7,0.0,15.8,0.0,0.0,0.1,73.4
1747231688517,9.4,0.0,13.7,0.0,0.0,0.1,76.8
1747231690539,9.1,0.0,14.9,0.0,0.0,0.1,75.8
1747231692562,9.4,0.0,14.2,0.0,0.0,0.0,76.3
1747231694580,10.3,0.0,15.2,0.0,0.0,0.1,74.4
1747231696594,7.1,0.0,12.0,0.0,0.0,0.2,80.7
1747231698605,7.3,0.0,12.2,0.0,0.0,0.2,80.3
1747231700616,6.9,0.0,12.0,0.0,0.0,0.1,80.9
1747231702628,7.4,0.0,11.4,0.0,0.0,0.2,81.0
1747231704639,8.7,0.0,12.2,0.0,0.0,0.1,79.0
1747231706648,9.2,0.0,14.3,0.0,0.0,0.1,76.4
1747231708661,6.9,0.0,12.6,0.0,0.0,0.1,80.4
1747231710672,6.9,0.0,14.4,0.0,0.0,0.0,78.7
1747231712682,7.2,0.0,12.6,0.0,0.0,0.1,80.1
1747231714692,6.4,0.0,12.4,0.0,0.0,0.1,81.1
1747231716703,6.7,0.0,12.4,0.0,0.0,0.0,80.9
