timestamp_ms,usr%,nice%,sys%,iowait%,irq%,soft%,steal%,idle%
1747228826469,7.8,0.0,12.1,0.0,0.0,0.1,80.0
1747228828481,7.0,0.0,11.9,0.0,0.0,0.1,80.9
1747228830493,7.3,0.0,11.4,0.0,0.0,0.2,81.1
1747228832504,6.8,0.0,12.2,0.0,0.0,0.3,80.7
1747228834515,7.8,0.0,12.1,0.0,0.0,0.1,79.9
1747228836527,5.5,0.0,9.4,0.0,0.0,0.2,84.9
1747228838538,5.9,0.0,9.4,0.0,0.0,0.2,84.5
1747228840549,5.2,0.0,10.0,0.0,0.0,0.1,84.7
1747228842561,6.1,0.0,9.2,0.0,0.0,0.1,84.6
1747228844573,6.2,0.0,10.3,0.0,0.0,0.1,83.4
1747228846583,5.5,0.0,10.3,0.0,0.0,0.1,84.2
1747228848593,5.9,0.0,10.3,0.0,0.0,0.1,83.7
1747228850604,5.8,0.0,10.7,0.0,0.0,0.3,83.2
1747228852616,0.1,0.0,0.2,0.0,0.0,0.0,99.6
1747228854627,5.8,0.0,11.1,0.0,0.0,0.1,82.9
1747228856639,5.9,0.0,10.2,0.0,0.0,0.1,83.8
1747228858651,6.2,0.0,10.8,0.0,0.0,0.0,83.0
1747228860660,0.0,0.0,0.0,0.0,0.0,0.0,0.0
1747228862674,7.5,0.0,12.7,0.0,0.0,0.1,79.7
1747228864687,7.3,0.0,12.5,0.0,0.0,0.3,79.8
1747228866700,7.3,0.0,12.3,0.0,0.0,0.1,80.2
1747228868713,7.3,0.0,12.5,0.0,0.0,0.1,80.1
1747228870727,6.7,0.0,10.8,0.0,0.0,0.2,82.3
1747228872738,7.4,0.0,11.0,0.0,0.0,0.1,81.5
1747228874754,7.6,0.0,11.8,0.0,0.0,0.1,80.5
1747228876770,8.0,0.0,12.2,0.0,0.0,0.1,79.7
1747228878783,7.1,0.0,11.2,0.0,0.0,0.2,81.6
1747228880795,7.2,0.0,11.6,0.0,0.0,0.2,81.0
1747228882807,7.9,0.0,11.0,0.0,0.0,0.1,81.0
1747228884818,8.1,0.0,12.0,0.0,0.0,0.2,79.7
1747228886830,6.5,0.0,9.3,0.0,0.0,0.3,83.9
1747228888841,6.0,0.0,9.5,0.0,0.0,0.2,84.3
1747228890852,5.9,0.0,9.5,0.0,0.0,0.2,84.4
1747228892863,5.7,0.0,10.6,0.0,0.0,0.2,83.5
1747228894874,0.1,0.0,0.2,0.0,0.0,0.0,99.7
1747228896885,5.6,0.0,10.8,0.0,0.0,0.2,83.4
1747228898895,5.7,0.0,11.0,0.0,0.0,0.0,83.2
1747228900906,6.0,0.0,10.8,0.0,0.0,0.0,83.1
1747228902916,0.0,0.0,0.0,0.0,0.0,0.0,0.0
1747228904927,7.4,0.0,14.0,0.0,0.0,0.1,78.5
1747228906939,7.9,0.0,12.4,0.0,0.0,0.1,79.7
1747228908951,7.8,0.0,12.8,0.0,0.0,0.1,79.3
1747228910964,0.0,0.0,0.0,0.0,0.0,0.0,0.0
1747228912975,7.0,0.0,12.5,0.0,0.0,0.1,80.4
1747228914987,8.0,0.0,12.0,0.0,0.0,0.1,79.9
1747228916999,7.2,0.0,12.6,0.0,0.0,0.1,80.1
1747228919012,7.5,0.0,12.8,0.0,0.0,0.2,79.5
1747228921026,5.6,0.0,9.2,0.0,0.0,0.1,85.1
1747228923037,5.8,0.0,9.2,0.0,0.0,0.0,84.9
1747228925046,5.6,0.0,9.8,0.0,0.0,0.1,84.5
1747228927056,5.9,0.0,9.6,0.0,0.0,0.2,84.4
1747228929065,5.7,0.0,10.4,0.0,0.0,0.3,83.6
1747228931075,6.0,0.0,10.2,0.0,0.0,0.2,83.7
1747228933085,5.9,0.0,9.9,0.0,0.0,0.1,84.1
1747228935097,5.9,0.0,11.1,0.0,0.0,0.2,82.9
1747228937105,5.5,0.0,10.9,0.0,0.0,0.1,83.5
1747228939115,5.3,0.0,9.6,0.0,0.0,0.1,85.0
1747228941131,5.4,0.0,10.0,1.9,0.0,0.1,82.7
1747228943142,6.4,0.0,10.0,0.0,0.0,0.0,83.7
1747228945152,5.7,0.0,10.1,0.0,0.0,0.2,84.0
1747228947160,5.3,0.0,10.3,3.7,0.0,0.1,80.6
1747228949170,5.7,0.0,10.2,0.0,0.0,0.1,84.0
1747228951182,5.9,0.0,11.0,0.0,0.0,0.1,83.0
1747228953193,5.8,0.0,10.0,0.0,0.0,0.1,84.1
1747228955206,5.3,0.0,11.3,0.0,0.0,0.2,83.2
1747228957218,5.9,0.0,10.9,0.0,0.0,0.2,83.0
1747228959230,6.9,0.0,10.8,0.0,0.0,0.2,82.1
1747228961241,6.0,0.0,9.9,0.0,0.0,0.1,84.0
1747228963252,5.7,0.0,10.0,0.0,0.0,0.2,84.1
1747228965263,5.8,0.0,10.1,0.0,0.0,0.3,83.8
1747228967274,5.6,0.0,11.1,0.0,0.0,0.2,83.1
1747228969284,5.8,0.0,10.1,0.0,0.0,0.2,83.9
1747228971295,5.5,0.0,10.0,0.0,0.0,0.1,84.3
1747228973305,5.6,0.0,9.9,0.0,0.0,0.0,84.4
1747228975316,5.9,0.0,10.7,0.0,0.0,0.4,83.0
1747228977327,5.4,0.0,10.0,0.0,0.0,0.2,84.4
1747228979339,5.5,0.0,10.2,0.0,0.0,0.1,84.2
1747228981349,5.9,0.0,10.2,0.0,0.0,0.2,83.8
1747228983360,6.2,0.0,11.2,0.0,0.0,0.2,82.4
1747228985370,6.2,0.0,9.8,0.0,0.0,0.3,83.7
1747228987381,5.9,0.0,10.2,0.0,0.0,0.1,83.7
1747228989392,5.5,0.0,9.9,0.0,0.0,0.1,84.6
1747228991403,5.9,0.0,10.5,0.0,0.0,0.2,83.3
1747228993413,5.8,0.0,10.2,0.0,0.0,0.2,83.8
1747228995425,5.3,0.0,11.2,0.0,0.0,0.3,83.2
1747228997436,5.3,0.0,10.9,0.0,0.0,0.2,83.5
1747228999446,5.8,0.0,10.3,0.0,0.0,0.1,83.8
1747229001456,6.1,0.0,10.3,0.0,0.0,0.1,83.5
1747229003467,5.2,0.0,10.5,0.0,0.0,0.0,84.2
1747229005477,5.5,0.0,10.1,0.0,0.0,0.2,84.2
1747229007488,6.2,0.0,10.5,0.0,0.0,0.1,83.2
1747229009499,6.8,0.0,10.9,0.0,0.0,0.1,82.3
1747229011508,6.4,0.0,11.1,0.0,0.0,0.0,82.5
1747229013537,5.7,0.0,9.7,0.0,0.0,0.2,84.4
1747229015559,5.1,0.0,11.1,0.0,0.0,0.2,83.5
1747229017573,5.9,0.0,9.4,0.0,0.0,0.2,84.5
1747229019584,5.7,0.0,9.4,0.0,0.0,0.1,84.8
1747229021598,5.2,0.0,9.5,0.0,0.0,0.2,85.1
1747229023617,5.3,0.0,10.4,0.0,0.0,0.2,84.0
1747229025628,5.6,0.0,10.3,0.0,0.0,0.2,83.8
1747229027638,5.7,0.0,9.5,0.0,0.0,0.2,84.5
1747229029649,5.5,0.0,10.0,0.0,0.0,0.1,84.5
1747229031659,5.9,0.0,10.4,0.0,0.0,0.0,83.6
1747229033669,6.1,0.0,10.1,0.0,0.0,0.1,83.6
1747229035679,5.9,0.0,9.5,0.0,0.0,0.1,84.5
1747229037691,6.0,0.0,9.9,0.0,0.0,0.1,84.0
1747229039702,7.1,0.0,10.6,0.0,0.0,0.1,82.3
1747229041713,6.9,0.0,10.2,0.0,0.0,0.1,82.8
1747229043723,5.9,0.0,10.7,0.0,0.0,0.2,83.2
1747229045734,5.7,0.0,10.2,0.0,0.0,0.1,84.0
1747229047745,5.7,0.0,10.8,0.0,0.0,0.2,83.3
1747229049756,6.7,0.0,10.5,0.0,0.0,0.3,82.6
1747229051764,5.2,0.0,11.0,0.0,0.0,0.2,83.5
1747229053773,5.6,0.0,10.4,0.0,0.0,0.2,83.8
1747229055782,5.4,0.0,10.8,0.0,0.0,0.1,83.7
1747229057792,6.5,0.0,9.9,0.0,0.0,0.1,83.4
1747229059802,5.6,0.0,10.0,0.0,0.0,0.2,84.2
1747229061812,5.6,0.0,10.6,0.0,0.0,0.2,83.6
1747229063823,5.6,0.0,10.8,0.0,0.0,0.1,83.4
1747229065834,7.0,0.0,10.6,0.0,0.0,0.1,82.4
1747229067845,6.4,0.0,11.8,0.0,0.0,0.0,81.8
1747229069855,5.4,0.0,10.1,0.0,0.0,0.2,84.4
1747229071866,5.6,0.0,9.9,0.0,0.0,0.1,84.4
1747229073877,6.5,0.0,10.0,0.0,0.0,0.2,83.4
1747229075888,5.6,0.0,10.4,0.0,0.0,0.2,83.8
1747229077899,5.3,0.0,12.0,0.0,0.0,0.2,82.4
1747229079910,5.4,0.0,10.7,0.0,0.0,0.0,83.8
1747229081922,6.6,0.0,9.6,0.0,0.0,0.2,83.6
1747229083932,5.5,0.0,10.2,0.0,0.0,0.1,84.2
1747229085943,5.6,0.0,10.2,0.0,0.0,0.2,84.0
1747229087954,5.9,0.0,10.9,0.0,0.0,0.2,83.0
1747229089968,6.6,0.0,11.3,0.0,0.0,0.1,82.0
1747229091979,5.8,0.0,9.7,0.0,0.0,0.0,84.5
1747229093991,6.2,0.0,9.9,0.0,0.0,0.1,83.8
1747229096005,5.5,0.0,9.9,0.0,0.0,0.2,84.3
1747229098024,6.6,0.0,10.3,0.0,0.0,0.1,83.0
1747229100036,5.5,0.0,9.6,0.2,0.0,0.2,84.5
1747229102047,5.7,0.0,10.4,0.0,0.0,0.0,83.9
1747229104058,5.7,0.0,10.5,0.0,0.0,0.1,83.7
1747229106068,6.5,0.0,11.4,0.0,0.0,0.1,82.0
1747229108078,5.9,0.0,10.8,0.0,0.0,0.0,83.3
1747229110088,5.8,0.0,10.6,0.0,0.0,0.1,83.5
1747229112100,5.5,0.0,10.4,0.0,0.0,0.1,84.0
1747229114110,7.9,0.0,11.2,0.0,0.0,0.2,80.8
1747229116121,6.6,0.0,10.2,0.0,0.0,0.2,83.0
1747229118132,6.4,0.0,11.0,0.0,0.0,0.1,82.5
1747229120142,6.1,0.0,10.3,0.0,0.0,0.1,83.5
1747229122150,7.0,0.0,10.4,0.0,0.0,0.2,82.4
1747229124159,6.1,0.0,9.7,0.0,0.0,0.1,84.1
1747229126168,5.9,0.0,10.0,0.0,0.0,0.4,83.7
1747229128181,5.3,0.0,10.6,0.0,0.0,0.1,84.0
1747229130192,7.1,0.0,10.1,0.0,0.0,0.1,82.7
1747229132204,5.6,0.0,10.3,0.0,0.0,0.1,84.0
1747229134216,5.7,0.0,11.1,0.0,0.0,0.0,83.2
1747229136226,5.9,0.0,11.2,0.0,0.0,0.2,82.8
1747229138237,7.0,0.0,11.4,0.0,0.0,0.1,81.5
1747229140249,6.8,0.0,12.2,0.0,0.0,0.0,81.0
1747229142260,6.4,0.0,10.8,0.0,0.0,0.1,82.8
1747229144272,6.2,0.0,10.2,0.0,0.0,0.2,83.5
1747229146283,6.3,0.0,10.7,0.0,0.0,0.1,82.8
1747229148295,5.5,0.0,11.1,0.0,0.0,0.1,83.4
1747229150305,5.9,0.0,9.8,0.0,0.0,0.2,84.1
1747229152316,5.5,0.0,10.5,0.0,0.0,0.1,83.9
1747229154328,0.0,0.0,0.0,0.0,0.0,0.0,0.0
1747229156340,7.2,0.0,11.9,0.0,0.0,0.2,80.7
1747229158377,8.0,0.0,13.0,0.0,0.0,0.0,79.0
1747229160392,8.3,0.0,12.5,0.0,0.0,0.2,79.0
1747229162410,8.6,0.0,13.1,0.0,0.0,0.0,78.3
1747229164427,7.8,0.0,11.6,0.0,0.0,0.2,80.4
1747229166439,7.8,0.0,12.2,0.0,0.0,0.1,79.8
1747229168452,8.3,0.0,11.8,0.0,0.0,0.0,79.9
1747229170464,8.7,0.0,12.7,0.0,0.0,0.0,78.5
1747229172477,8.8,0.0,11.2,0.0,0.0,0.1,80.0
1747229174489,7.5,0.0,12.2,0.0,0.0,0.2,80.2
1747229176500,7.5,0.0,12.2,0.0,0.0,0.1,80.2
1747229178512,8.0,0.0,11.7,0.0,0.0,0.1,80.2
1747229180524,0.0,0.0,0.0,0.0,0.0,0.0,100.0
1747229182535,6.0,0.0,9.3,0.0,0.0,0.1,84.6
1747229184547,5.9,0.0,9.6,0.0,0.0,0.1,84.4
1747229186559,5.9,0.0,9.7,0.0,0.0,0.1,84.3
1747229188570,0.2,0.0,0.3,0.0,0.0,0.0,99.5
1747229190581,5.8,0.0,9.7,0.0,0.0,0.2,84.3
1747229192592,5.5,0.0,10.8,0.0,0.0,0.1,83.5
1747229194604,6.0,0.0,10.4,0.0,0.0,0.2,83.3
1747229196615,6.2,0.0,10.2,0.0,0.0,0.2,83.4
1747229198627,6.1,0.0,10.4,0.0,0.0,0.1,83.3
1747229200639,6.6,0.0,10.4,0.0,0.0,0.2,82.8
1747229202650,5.9,0.0,11.6,0.0,0.0,0.1,82.4
1747229204660,5.9,0.0,11.2,0.0,0.0,0.2,82.7
1747229206672,6.0,0.0,12.3,0.0,0.0,0.1,81.6
1747229208683,6.0,0.0,11.7,0.0,0.0,0.1,82.2
1747229210695,6.1,0.0,11.2,0.0,0.0,0.2,82.5
1747229212706,6.0,0.0,11.2,0.0,0.0,0.1,82.6
1747229214717,6.4,0.0,11.0,0.0,0.0,0.2,82.4
1747229216728,6.6,0.0,11.2,0.0,0.0,0.1,82.1
1747229218737,7.0,0.0,10.7,0.0,0.0,0.1,82.2
1747229220746,6.5,0.0,11.1,0.0,0.0,0.2,82.1
1747229222756,6.2,0.0,11.0,0.0,0.0,0.1,82.7
1747229224765,6.4,0.0,11.6,0.0,0.0,0.1,81.9
1747229226775,6.5,0.0,10.9,0.0,0.0,0.1,82.4
1747229228787,6.9,0.0,10.9,0.0,0.0,0.3,81.9
1747229230797,6.1,0.0,12.2,0.0,0.0,0.1,81.6
1747229232808,6.2,0.0,12.0,0.0,0.0,0.1,81.8
1747229234816,7.1,0.0,10.3,0.0,0.0,0.1,82.5
1747229236825,6.2,0.0,11.4,0.0,0.0,0.2,82.2
1747229238838,5.8,0.0,11.3,0.0,0.0,0.2,82.7
1747229240848,5.6,0.0,11.3,0.0,0.0,0.2,82.9
1747229242870,6.7,0.0,11.6,0.0,0.0,0.0,81.6
1747229244881,6.4,0.0,11.6,0.0,0.0,0.1,81.9
1747229246892,7.4,0.0,12.1,0.0,0.0,0.1,80.3
1747229248903,6.9,0.0,11.2,0.0,0.0,0.1,81.8
1747229250915,6.8,0.0,11.4,0.0,0.0,0.3,81.5
1747229252926,6.5,0.0,11.3,0.0,0.0,0.1,82.1
1747229254942,6.2,0.0,11.6,0.0,0.0,0.1,82.1
1747229256953,6.2,0.0,11.9,0.0,0.0,0.1,81.8
1747229258965,6.3,0.0,11.6,0.0,0.0,0.1,82.0
1747229260975,6.2,0.0,11.6,0.0,0.0,0.3,81.9
1747229262985,6.1,0.0,11.7,0.0,0.0,0.1,82.1
1747229264997,6.1,0.0,12.1,0.0,0.0,0.2,81.7
1747229267008,6.9,0.0,11.9,0.0,0.0,0.1,81.1
1747229269019,7.5,0.0,12.6,0.0,0.0,0.1,79.8
1747229271029,9.8,0.0,13.9,0.0,0.0,0.2,76.1
1747229273041,9.0,0.0,14.3,0.0,0.0,0.1,76.6
1747229275052,9.0,0.0,14.5,0.0,0.0,0.2,76.2
1747229277063,10.0,0.0,14.8,0.0,0.0,0.2,75.0
1747229279075,0.0,0.0,0.0,0.0,0.0,0.0,0.0
1747229281087,8.5,0.0,14.0,0.0,0.0,0.3,77.3
1747229283099,8.7,0.0,14.0,0.0,0.0,0.1,77.3
1747229285111,9.0,0.0,14.4,0.0,0.0,0.2,76.4
1747229287122,0.0,0.0,0.0,0.0,0.0,0.0,0.0
1747229289134,8.4,0.0,12.2,0.0,0.0,0.1,79.2
1747229291146,8.3,0.0,12.2,0.0,0.0,0.2,79.2
1747229293159,8.2,0.0,12.0,0.0,0.0,0.0,79.7
1747229295172,0.1,0.0,0.1,0.0,0.0,0.0,99.8
1747229297182,6.0,0.0,9.6,0.0,0.0,0.1,84.3
1747229299190,5.9,0.0,9.8,0.0,0.0,0.1,84.2
1747229301198,5.7,0.0,10.0,0.0,0.0,0.2,84.0
1747229303209,6.4,0.0,9.6,0.0,0.0,0.1,83.9
1747229305218,5.6,0.0,10.7,0.0,0.0,0.3,83.3
1747229307226,6.5,0.0,10.2,0.0,0.0,0.1,83.3
1747229309236,6.6,0.0,10.8,0.0,0.0,0.0,82.5
1747229311247,5.6,0.0,11.1,0.0,0.0,0.3,83.1
1747229313259,5.7,0.0,11.8,0.0,0.0,0.2,82.4
1747229315271,6.0,0.0,11.3,0.0,0.0,0.3,82.3
1747229317282,6.7,0.0,11.1,0.0,0.0,0.1,82.2
1747229319290,6.1,0.0,11.7,0.0,0.0,0.0,82.2
1747229321301,5.8,0.0,11.4,0.0,0.0,0.3,82.6
1747229323312,6.2,0.0,10.8,0.0,0.0,0.0,83.0
1747229325321,6.2,0.0,10.4,0.0,0.0,0.2,83.2
1747229327330,6.4,0.0,11.7,0.0,0.0,0.1,81.8
1747229329342,6.3,0.0,10.5,0.0,0.0,0.1,83.2
1747229331353,5.6,0.0,11.3,0.0,0.0,0.3,82.8
1747229333364,6.2,0.0,10.6,0.0,0.0,0.2,83.0
1747229335375,6.2,0.0,11.1,0.0,0.0,0.1,82.6
1747229337385,6.5,0.0,10.6,0.0,0.0,0.1,82.8
1747229339396,6.1,0.0,11.5,0.0,0.0,0.1,82.2
1747229341407,5.8,0.0,11.7,0.0,0.0,0.1,82.3
1747229343418,6.3,0.0,11.3,0.0,0.0,0.1,82.2
1747229345429,6.9,0.0,10.7,0.0,0.0,0.0,82.5
1747229347441,6.3,0.0,11.1,0.0,0.0,0.1,82.4
1747229349451,6.1,0.0,10.9,0.0,0.0,0.2,82.8
1747229351460,6.6,0.0,11.4,0.0,0.0,0.4,81.6
1747229353470,10.3,0.0,13.5,0.0,0.0,0.1,76.1
1747229355481,8.6,0.0,13.6,0.0,0.0,0.2,77.6
1747229357494,8.1,0.0,12.7,0.0,0.0,0.2,79.0
1747229359522,8.6,0.0,12.8,0.0,0.0,0.1,78.5
1747229361537,0.0,0.0,0.0,0.0,0.0,0.0,0.0
1747229363552,8.2,0.0,12.3,0.0,0.0,0.2,79.3
1747229365566,8.1,0.0,12.7,0.0,0.0,0.1,79.0
1747229367577,8.5,0.0,12.1,0.0,0.0,0.1,79.4
1747229369596,8.1,0.0,13.4,0.0,0.0,0.0,78.5
1747229371609,6.8,0.0,9.3,0.0,0.0,0.2,83.7
1747229373618,6.3,0.0,9.9,0.0,0.0,0.2,83.6
1747229375627,6.4,0.0,9.6,0.0,0.0,0.1,84.0
1747229377635,6.8,0.0,10.4,0.0,0.0,0.1,82.7
1747229379645,6.8,0.0,10.0,0.0,0.0,0.2,83.0
1747229381653,6.7,0.0,10.6,0.0,0.0,0.1,82.7
1747229383663,6.9,0.0,10.2,0.0,0.0,0.2,82.8
1747229385672,7.0,0.0,11.6,0.0,0.0,0.1,81.3
1747229387682,7.2,0.0,10.8,0.0,0.0,0.0,82.0
1747229389691,6.5,0.0,11.7,0.0,0.0,0.1,81.8
1747229391702,7.1,0.0,10.9,0.0,0.0,0.1,81.9
1747229393712,7.0,0.0,11.5,0.0,0.0,0.1,81.4
1747229395721,5.9,0.0,11.2,0.0,0.0,0.1,82.8
1747229397731,7.0,0.0,10.9,0.0,0.0,0.2,81.9
1747229399742,6.6,0.0,11.7,0.0,0.0,0.1,81.6
1747229401752,7.0,0.0,11.7,0.0,0.0,0.2,81.1
1747229403764,6.3,0.0,11.7,0.0,0.0,0.2,81.8
1747229405776,6.8,0.0,12.1,0.0,0.0,0.1,81.0
1747229407788,6.8,0.0,11.7,0.0,0.0,0.2,81.3
1747229409800,6.4,0.0,12.7,0.0,0.0,0.1,80.8
1747229411811,6.7,0.0,11.5,0.0,0.0,0.2,81.7
1747229413822,6.4,0.0,12.5,0.0,0.0,0.2,80.8
1747229415833,6.5,0.0,12.3,0.0,0.0,0.1,81.1
1747229417843,6.1,0.0,11.9,0.0,0.0,0.2,81.8
1747229419855,6.1,0.0,12.2,0.0,0.0,0.2,81.6
1747229421866,6.8,0.0,13.1,0.0,0.0,0.2,79.9
1747229423877,5.9,0.0,12.9,0.0,0.0,0.2,81.1
1747229425888,6.4,0.0,12.9,0.0,0.0,0.3,80.4
1747229427899,6.9,0.0,12.2,0.0,0.0,0.3,80.6
1747229429909,6.5,0.0,11.5,0.0,0.0,0.1,81.9
1747229431920,5.6,0.0,12.4,0.0,0.0,0.1,81.9
1747229433932,6.8,0.0,10.9,0.0,0.0,0.1,82.2
1747229435941,6.9,0.0,10.4,0.0,0.0,0.1,82.6
1747229437952,6.1,0.0,11.0,0.0,0.0,0.0,82.9
1747229439961,6.3,0.0,11.2,0.0,0.0,0.0,82.5
1747229441969,6.6,0.0,11.5,0.0,0.0,0.1,81.8
1747229443980,7.3,0.0,10.8,0.0,0.0,0.3,81.6
1747229446004,7.8,0.0,14.0,0.0,0.0,0.1,78.1
1747229448020,8.4,0.0,13.3,0.0,0.0,0.1,78.2
1747229450035,9.0,0.0,12.9,0.0,0.0,0.1,78.0
1747229452047,0.0,0.0,0.0,0.0,0.0,0.0,0.0
1747229454059,8.8,0.0,13.3,0.0,0.0,0.1,77.7
1747229456071,8.9,0.0,13.4,0.0,0.0,0.1,77.6
1747229458082,9.0,0.0,13.4,0.0,0.0,0.1,77.5
1747229460094,9.0,0.0,13.7,0.0,0.0,0.1,77.1
1747229462105,8.0,0.0,11.2,0.0,0.0,0.1,80.7
1747229464115,8.2,0.0,13.0,0.0,0.0,0.2,78.5
1747229466126,8.7,0.0,12.3,0.0,0.0,0.1,78.9
1747229468137,8.4,0.0,13.9,0.0,0.0,0.1,77.5
1747229470148,6.7,0.0,9.9,0.0,0.0,0.1,83.3
1747229472159,6.1,0.0,9.7,0.0,0.0,0.1,84.1
1747229474169,6.0,0.0,9.6,0.0,0.0,0.2,84.2
1747229476180,5.9,0.0,10.6,0.0,0.0,0.0,83.5
1747229478191,7.2,0.0,10.1,0.0,0.0,0.1,82.7
1747229480202,6.2,0.0,10.5,0.0,0.0,0.0,83.3
1747229482214,6.2,0.0,10.9,0.0,0.0,0.1,82.8
1747229484225,6.8,0.0,11.1,0.0,0.0,0.2,81.9
1747229486235,0.2,0.0,0.2,0.0,0.0,0.0,99.5
1747229488246,7.1,0.0,11.4,0.0,0.0,0.0,81.5
1747229490258,7.3,0.0,12.2,0.0,0.0,0.1,80.4
1747229492270,7.2,0.0,12.3,0.0,0.0,0.0,80.5
1747229494282,0.2,0.0,0.3,0.0,0.0,0.0,99.6
1747229496292,6.8,0.0,11.4,0.0,0.0,0.1,81.7
1747229498303,6.2,0.0,12.3,0.0,0.0,0.1,81.5
1747229500314,6.6,0.0,12.3,0.0,0.0,0.0,81.0
1747229502325,7.6,0.0,12.0,0.0,0.0,0.1,80.3
1747229504336,7.0,0.0,11.9,0.0,0.0,0.1,80.9
1747229506346,6.5,0.0,11.9,0.0,0.0,0.1,81.5
1747229508356,6.5,0.0,12.0,0.0,0.0,0.1,81.4
1747229510370,6.9,0.0,11.8,0.0,0.0,0.0,81.3
1747229512383,6.1,0.0,12.4,0.0,0.0,0.0,81.5
1747229514405,6.2,0.0,12.1,0.0,0.0,0.1,81.5
1747229516427,7.4,0.0,12.1,0.0,0.0,0.1,80.4
1747229518437,7.8,0.0,11.9,0.0,0.0,0.0,80.3
1747229520449,6.3,0.0,11.7,0.0,0.0,0.1,81.9
1747229522458,6.3,0.0,11.7,0.0,0.0,0.1,81.9
1747229524468,7.0,0.0,11.7,0.0,0.0,0.1,81.2
1747229526479,7.3,0.0,11.8,0.0,0.0,0.2,80.8
1747229528490,6.7,0.0,12.4,0.0,0.0,0.0,80.8
1747229530501,6.1,0.0,13.7,0.0,0.0,0.1,80.1
1747229532512,7.0,0.0,12.6,0.0,0.0,0.0,80.4
1747229534523,7.2,0.0,12.0,0.0,0.0,0.0,80.8
1747229536534,6.6,0.0,12.3,0.0,0.0,0.2,80.9
1747229538545,6.8,0.0,12.5,0.0,0.0,0.1,80.6
1747229540556,6.7,0.0,12.9,0.0,0.0,0.0,80.4
1747229542568,7.6,0.0,11.3,0.0,0.0,0.0,81.1
1747229544579,6.3,0.0,12.2,0.0,0.0,0.1,81.3
1747229546590,6.7,0.0,11.3,0.0,0.0,0.2,81.8
1747229548602,6.7,0.0,11.7,0.0,0.0,0.1,81.5
1747229550612,6.7,0.0,11.2,0.0,0.0,0.0,82.1
1747229552624,6.1,0.0,11.5,0.0,0.0,0.1,82.3
1747229554633,6.2,0.0,12.2,0.0,0.0,0.0,81.6
1747229556645,6.2,0.0,12.0,0.0,0.0,0.1,81.7
1747229558656,6.0,0.0,11.6,0.0,0.0,0.1,82.3
1747229560669,6.3,0.0,12.0,0.0,0.0,0.0,81.6
1747229562679,7.2,0.0,11.8,0.0,0.0,0.1,80.8
1747229564690,7.5,0.0,11.8,0.0,0.0,0.0,80.7
1747229566700,8.6,0.0,13.1,0.0,0.0,0.1,78.2
1747229568710,6.2,0.0,11.1,0.0,0.0,0.1,82.6
1747229570720,6.5,0.0,11.4,0.0,0.0,0.1,82.0
1747229572729,7.0,0.0,11.2,0.0,0.0,0.0,81.7
1747229574738,7.3,0.0,11.1,0.0,0.0,0.1,81.5
1747229576747,6.2,0.0,11.9,0.0,0.0,0.1,81.7
1747229578759,6.5,0.0,10.3,0.0,0.0,0.0,83.2
1747229580778,6.4,0.0,11.2,0.0,0.0,0.1,82.3
1747229582794,6.9,0.0,11.6,0.0,0.0,0.0,81.5
1747229584810,6.5,0.0,11.3,0.0,0.0,0.0,82.1
1747229586819,6.9,0.0,11.8,0.0,0.0,0.1,81.2
1747229588832,7.3,0.0,12.1,0.0,0.0,0.2,80.4
1747229590844,8.0,0.0,12.4,0.0,0.0,0.1,79.5
1747229592852,7.6,0.0,11.1,0.0,0.0,0.0,81.3
1747229594864,7.0,0.0,11.5,0.0,0.0,0.1,81.4
1747229596875,7.4,0.0,11.8,0.0,0.0,0.0,80.7
1747229598885,7.8,0.0,11.8,0.0,0.0,0.1,80.2
1747229600897,10.4,0.0,15.5,0.0,0.0,0.1,73.9
1747229602910,10.3,0.0,15.2,0.0,0.0,0.1,74.5
1747229604924,10.1,0.0,14.7,0.0,0.0,0.1,75.2
1747229606938,0.0,0.0,0.0,0.0,0.0,0.0,0.0
1747229608950,9.2,0.0,14.9,0.0,0.0,0.1,75.7
1747229610962,9.3,0.0,15.6,0.0,0.0,0.1,75.0
1747229612974,10.1,0.0,14.8,0.0,0.0,0.2,75.0
1747229614986,9.5,0.0,14.6,0.0,0.0,0.0,75.9
1747229616999,9.4,0.0,13.7,0.0,0.0,0.1,76.8
1747229619011,9.2,0.0,14.0,0.0,0.0,0.0,76.7
1747229621025,9.0,0.0,13.9,0.0,0.0,0.1,77.0
1747229623037,9.8,0.0,13.5,0.0,0.0,0.1,76.7
1747229625051,6.6,0.0,10.0,0.0,0.0,0.2,83.2
1747229627064,6.4,0.0,10.6,0.0,0.0,0.1,82.9
1747229629075,6.0,0.0,11.0,0.0,0.0,0.1,82.9
1747229631086,6.8,0.0,10.9,0.0,0.0,0.2,82.1
1747229633100,6.6,0.0,10.8,0.0,0.0,0.1,82.4
1747229635112,6.3,0.0,11.6,0.0,0.0,0.1,82.0
1747229637123,6.6,0.0,11.3,0.0,0.0,0.0,82.0
1747229639132,6.6,0.0,12.7,0.0,0.0,0.1,80.7
1747229641143,6.7,0.0,11.8,0.0,0.0,0.0,81.5
1747229643157,7.4,0.0,11.8,0.0,0.0,0.1,80.7
1747229645166,6.4,0.0,12.7,0.0,0.0,0.1,80.8
1747229647179,7.2,0.0,11.5,0.0,0.0,0.1,81.2
1747229649189,6.5,0.0,11.8,0.0,0.0,0.2,81.6
1747229651198,6.9,0.0,10.9,0.0,0.0,0.2,81.9
1747229653209,7.2,0.0,11.9,0.0,0.0,0.1,80.7
1747229655220,6.8,0.0,12.1,0.0,0.0,0.1,81.0
1747229657240,6.7,0.0,11.4,0.0,0.0,0.1,81.8
1747229659254,6.5,0.0,11.1,0.0,0.0,0.0,82.3
1747229661273,5.9,0.0,11.5,0.0,0.0,0.2,82.4
1747229663281,7.0,0.0,11.9,0.0,0.0,0.0,81.1
1747229665291,7.0,0.0,11.6,0.0,0.0,0.1,81.3
1747229667304,7.3,0.0,12.7,0.0,0.0,0.1,79.9
1747229669314,7.3,0.0,12.0,0.0,0.0,0.2,80.5
1747229671323,7.2,0.0,13.5,0.0,0.0,0.1,79.1
1747229673331,7.2,0.0,11.5,0.0,0.0,0.1,81.2
1747229675340,6.8,0.0,12.4,0.0,0.0,0.1,80.7
1747229677351,7.3,0.0,11.8,0.0,0.0,0.1,80.7
1747229679362,7.3,0.0,12.8,0.0,0.0,0.1,79.8
1747229681371,7.1,0.0,12.7,0.0,0.0,0.2,80.0
1747229683380,6.3,0.0,12.1,0.0,0.0,0.0,81.6
1747229685394,6.8,0.0,11.6,0.0,0.0,0.1,81.6
1747229687403,7.0,0.0,12.4,0.0,0.0,0.0,80.5
1747229689412,7.7,0.0,12.2,0.0,0.0,0.1,80.0
1747229691421,7.8,0.0,12.2,0.0,0.0,0.0,80.0
1747229693430,7.6,0.0,12.4,0.0,0.0,0.1,79.9
1747229695440,7.3,0.0,12.9,0.0,0.0,0.1,79.7
1747229697451,7.2,0.0,11.6,0.0,0.0,0.1,81.1
1747229699459,7.0,0.0,12.5,0.0,0.0,0.1,80.3
1747229701469,6.4,0.0,13.3,0.0,0.0,0.2,80.1
1747229703481,7.4,0.0,12.7,0.0,0.0,0.0,79.9
1747229705491,7.7,0.0,11.4,0.0,0.0,0.1,80.8
1747229707503,7.2,0.0,11.9,0.0,0.0,0.0,80.9
1747229709517,7.1,0.0,12.5,0.0,0.0,0.1,80.3
1747229711530,7.2,0.0,12.8,0.0,0.0,0.0,80.0
1747229713541,6.7,0.0,12.5,0.0,0.0,0.1,80.7
1747229715552,7.1,0.0,13.0,0.0,0.0,0.1,79.8
1747229717562,7.8,0.0,13.4,0.0,0.0,0.0,78.8
1747229719577,7.7,0.0,12.6,0.0,0.0,0.0,79.6
1747229721599,6.8,0.0,13.5,0.0,0.0,0.3,79.4
1747229723613,6.4,0.0,12.0,0.0,0.0,0.1,81.5
1747229725631,6.2,0.0,12.1,0.0,0.0,0.1,81.5
1747229727662,6.3,0.0,12.1,0.0,0.0,0.1,81.5
1747229729681,7.1,0.0,11.4,0.0,0.0,0.1,81.3
1747229731697,6.6,0.0,11.6,0.0,0.0,0.2,81.6
1747229733708,6.9,0.0,11.4,0.0,0.0,0.1,81.6
1747229735718,6.9,0.0,12.8,0.0,0.0,0.1,80.3
1747229737728,7.6,0.0,11.8,0.0,0.0,0.0,80.5
1747229739743,7.0,0.0,11.9,0.0,0.0,0.0,81.1
1747229741756,7.0,0.0,11.9,0.0,0.0,0.0,81.1
1747229743767,7.4,0.0,13.1,0.0,0.0,0.1,79.5
1747229745779,7.9,0.0,12.2,0.0,0.0,0.0,79.8
1747229747790,7.1,0.0,11.7,0.0,0.0,0.0,81.1
1747229749801,7.3,0.0,11.5,0.0,0.0,0.0,81.2
1747229751810,7.0,0.0,11.8,0.0,0.0,0.2,81.0
1747229753819,8.2,0.0,11.8,0.0,0.0,0.0,80.0
1747229755829,6.2,0.0,12.9,0.0,0.0,0.0,80.8
1747229757840,6.2,0.0,12.6,0.0,0.0,0.1,81.1
1747229759850,6.5,0.0,12.5,0.0,0.0,0.1,80.8
1747229761861,7.5,0.0,12.3,0.0,0.0,0.1,80.1
1747229763872,6.8,0.0,12.4,0.0,0.0,0.1,80.7
1747229765882,7.5,0.0,12.9,0.0,0.0,0.1,79.4
1747229767894,7.6,0.0,13.4,0.0,0.0,0.1,78.9
1747229769905,8.3,0.0,11.8,0.0,0.0,0.2,79.7
1747229771916,7.0,0.0,11.6,0.0,0.0,0.2,81.2
1747229773929,6.3,0.0,12.1,0.0,0.0,0.1,81.6
1747229775940,6.2,0.0,12.6,0.0,0.0,0.2,81.0
1747229777951,0.0,0.0,0.0,0.0,0.0,0.0,0.0
1747229779961,9.4,0.0,15.7,0.0,0.0,0.1,74.8
1747229781973,9.6,0.0,14.6,0.0,0.0,0.3,75.5
1747229783988,9.9,0.0,15.1,0.0,0.0,0.0,75.0
1747229786007,10.3,0.0,15.8,0.0,0.0,0.2,73.6
1747229788038,9.8,0.0,14.1,0.0,0.0,0.2,75.9
1747229790051,9.4,0.0,14.9,0.0,0.0,0.0,75.7
1747229792065,9.6,0.0,14.6,0.0,0.0,0.0,75.8
1747229794079,9.6,0.0,15.7,0.0,0.0,0.1,74.7
1747229796097,9.3,0.0,13.8,0.0,0.0,0.3,76.6
1747229798113,9.5,0.0,13.6,0.0,0.0,0.1,76.8
1747229800130,9.0,0.0,14.6,0.0,0.0,0.1,76.3
1747229802144,9.5,0.0,15.8,0.0,0.0,0.2,74.5
1747229804157,0.2,0.0,0.3,0.0,0.0,0.0,99.5
1747229806170,7.0,0.0,11.2,0.0,0.0,0.1,81.7
1747229808181,6.9,0.0,11.7,0.0,0.0,0.1,81.2
1747229810192,7.2,0.0,11.7,0.0,0.0,0.0,81.2
1747229812202,0.1,0.0,0.2,0.0,0.0,0.0,99.6
1747229814213,7.1,0.0,11.8,0.0,0.0,0.1,81.0
1747229816223,7.4,0.0,11.8,0.0,0.0,0.2,80.6
1747229818234,6.9,0.0,12.0,0.0,0.0,0.1,81.0
1747229820242,8.1,0.0,12.0,0.0,0.0,0.1,79.7
1747229822251,7.3,0.0,11.4,0.0,0.0,0.1,81.2
1747229824261,6.8,0.0,12.4,0.0,0.0,0.1,80.8
1747229826273,7.0,0.0,12.2,0.0,0.0,0.1,80.6
1747229828286,8.2,0.0,11.5,0.0,0.0,0.1,80.2
1747229830296,7.0,0.0,12.7,0.0,0.0,0.1,80.3
1747229832307,6.5,0.0,12.7,0.0,0.0,0.1,80.7
1747229834319,7.0,0.0,13.1,0.0,0.0,0.1,79.7
1747229836329,7.4,0.0,12.2,0.0,0.0,0.1,80.2
1747229838339,6.2,0.0,13.4,0.0,0.0,0.1,80.3
1747229840350,6.3,0.0,12.8,0.0,0.0,0.1,80.8
1747229842361,6.3,0.0,12.3,0.0,0.0,0.1,81.2
1747229844372,0.0,0.0,0.0,0.0,0.0,0.0,0.0
1747229846382,10.1,0.0,13.8,0.0,0.0,0.0,76.0
1747229848401,9.3,0.0,14.3,0.0,0.0,0.0,76.3
1747229850421,9.9,0.0,13.8,0.0,0.0,0.1,76.2
1747229852435,10.3,0.0,14.8,0.0,0.0,0.1,74.8
1747229854452,9.2,0.0,13.5,0.0,0.0,0.0,77.2
1747229856471,9.7,0.0,13.5,0.0,0.0,0.1,76.6
1747229858484,9.6,0.0,14.7,0.0,0.0,0.1,75.6
1747229860498,9.9,0.0,15.2,0.0,0.0,0.1,74.8
1747229862510,7.1,0.0,9.8,0.0,0.0,0.1,83.0
1747229864532,9.1,0.0,13.4,0.0,0.0,0.1,77.4
1747229866544,9.3,0.0,13.9,0.0,0.0,0.0,76.7
1747229868558,8.8,0.0,14.5,0.0,0.0,0.1,76.5
1747229870574,0.0,0.0,0.0,0.0,0.0,0.0,100.0
1747229872587,6.9,0.0,11.4,0.0,0.0,0.1,81.6
1747229874596,6.5,0.0,12.5,0.0,0.0,0.1,81.0
1747229876606,6.4,0.0,12.0,0.0,0.0,0.0,81.6
1747229878616,0.2,0.0,0.2,0.0,0.0,0.0,99.6
1747229880626,6.6,0.0,11.9,0.0,0.0,0.1,81.4
1747229882640,6.2,0.0,12.0,0.0,0.0,0.1,81.7
1747229884649,6.5,0.0,12.6,0.0,0.0,0.2,80.7
1747229886658,0.2,0.0,0.3,0.0,0.0,0.0,99.5
1747229888668,6.6,0.0,12.6,0.0,0.0,0.1,80.8
1747229890679,7.2,0.0,11.8,0.0,0.0,0.0,81.1
1747229892688,7.1,0.0,11.9,0.0,0.0,0.0,81.0
1747229894696,0.1,0.0,0.3,0.0,0.0,0.0,99.6
1747229896708,7.5,0.0,12.3,0.0,0.0,0.1,80.0
1747229898719,6.9,0.0,13.6,0.0,0.0,0.1,79.3
1747229900730,7.1,0.0,13.1,0.0,0.0,0.1,79.7
1747229902739,7.3,0.0,13.0,0.0,0.0,0.1,79.7
1747229904748,7.2,0.0,13.7,0.0,0.0,0.1,79.1
1747229906758,7.2,0.0,14.7,0.1,0.0,0.1,77.9
1747229908766,7.7,0.0,13.8,0.0,0.0,0.0,78.5
1747229910773,6.8,0.0,12.3,0.0,0.0,0.0,80.8
1747229912801,9.6,0.0,13.9,0.0,0.0,0.1,76.4
1747229914838,11.2,0.0,15.8,0.0,0.0,0.1,73.0
1747229916852,10.5,0.0,16.2,0.0,0.0,0.1,73.2
1747229918868,11.2,0.0,17.4,0.0,0.0,0.2,71.2
1747229920878,10.1,0.0,14.6,0.0,0.0,0.1,75.3
1747229922887,10.9,0.0,15.0,0.0,0.0,0.2,73.8
1747229924899,10.2,0.0,15.8,0.0,0.0,0.1,73.8
1747229926911,11.0,0.0,16.9,0.0,0.0,0.2,72.0
1747229928923,0.0,0.0,0.0,0.0,0.0,0.0,0.0
1747229930934,10.0,0.0,15.7,0.0,0.0,0.0,74.3
1747229932948,9.5,0.0,15.3,0.0,0.0,0.1,75.1
1747229934962,10.0,0.0,15.8,0.0,0.0,0.1,74.1
1747229936977,0.1,0.0,0.1,0.0,0.0,0.0,99.8
1747229938989,7.3,0.0,12.6,0.0,0.0,0.1,80.0
1747229940997,7.0,0.0,12.3,0.0,0.0,0.1,80.6
1747229943005,7.2,0.0,12.0,0.0,0.0,0.0,80.8
1747229945014,0.1,0.0,0.2,0.0,0.0,0.0,99.7
1747229947025,7.1,0.0,13.0,0.0,0.0,0.1,79.8
1747229949035,7.6,0.0,13.3,0.0,0.0,0.0,79.0
1747229951045,6.6,0.0,13.6,0.0,0.0,0.1,79.7
1747229953055,0.2,0.0,0.3,0.0,0.0,0.0,99.5
1747229955066,6.8,0.0,13.2,0.0,0.0,0.1,79.8
1747229957076,7.0,0.0,12.9,0.0,0.0,0.1,79.9
1747229959086,7.6,0.0,12.9,0.0,0.0,0.1,79.4
1747229961094,7.6,0.0,12.8,0.0,0.0,0.1,79.5
1747229963103,6.8,0.0,13.1,0.0,0.0,0.0,80.0
1747229965114,7.1,0.0,13.3,0.0,0.0,0.0,79.5
1747229967125,7.5,0.0,13.0,0.0,0.0,0.1,79.5
1747229969133,7.0,0.0,13.3,0.0,0.0,0.0,79.7
1747229971146,10.2,0.0,15.9,0.0,0.0,0.1,73.8
1747229973158,10.7,0.0,16.0,0.0,0.0,0.1,73.2
1747229975178,10.4,0.0,15.8,0.0,0.0,0.0,73.8
1747229977199,10.4,0.0,17.8,0.0,0.0,0.0,71.7
1747229979212,8.4,0.0,12.6,0.0,0.0,0.1,78.9
1747229981223,10.6,0.0,14.6,0.0,0.0,0.1,74.7
1747229983242,10.6,0.0,14.9,0.0,0.0,0.0,74.5
1747229985256,11.2,0.0,16.4,0.0,0.0,0.1,72.3
1747229987268,0.0,0.0,0.0,0.0,0.0,0.0,0.0
1747229989281,9.9,0.0,15.3,0.0,0.0,0.0,74.7
1747229991294,10.3,0.0,15.2,0.0,0.0,0.1,74.4
1747229993306,10.1,0.0,15.3,0.0,0.0,0.0,74.6
1747229995318,0.2,0.0,0.3,0.0,0.0,0.0,99.5
1747229997329,6.4,0.0,11.4,0.0,0.0,0.1,82.1
1747229999337,6.6,0.0,11.4,0.0,0.0,0.1,81.8
1747230001345,6.4,0.0,11.6,0.0,0.0,0.2,81.8
1747230003352,0.1,0.0,0.2,0.0,0.0,0.0,99.6
1747230005372,6.2,0.0,13.0,0.0,0.0,0.1,80.7
1747230007385,7.8,0.0,13.5,0.0,0.0,0.1,78.6
1747230009394,7.0,0.0,13.4,0.0,0.0,0.1,79.5
1747230011404,7.8,0.0,13.3,0.0,0.0,0.3,78.6
1747230013415,7.2,0.0,12.0,0.0,0.0,0.0,80.7
1747230015426,7.3,0.0,11.7,0.0,0.0,0.0,80.9
1747230017439,6.5,0.0,12.4,0.0,0.0,0.0,81.0
1747230019454,7.4,0.0,12.5,0.0,0.0,0.1,80.1
1747230021464,6.8,0.0,12.4,0.0,0.0,0.2,80.5
1747230023475,6.7,0.0,12.9,0.0,0.0,0.1,80.3
1747230025486,7.2,0.0,12.6,0.0,0.0,0.0,80.2
1747230027497,6.9,0.0,12.8,0.0,0.0,0.0,80.2
1747230029522,7.1,0.0,12.3,0.0,0.0,0.1,80.5
1747230031537,6.6,0.0,13.0,0.0,0.0,0.2,80.2
1747230033545,6.6,0.0,13.2,0.0,0.0,0.1,80.1
1747230035554,7.0,0.0,11.6,0.0,0.0,0.1,81.3
1747230037563,6.8,0.0,12.2,0.0,0.0,0.0,81.1
1747230039571,6.9,0.0,12.8,0.0,0.0,0.0,80.2
1747230041581,6.7,0.0,13.7,0.0,0.0,0.1,79.5
1747230043590,0.0,0.0,0.0,0.0,0.0,0.0,0.0
1747230045602,9.8,0.0,15.6,0.0,0.0,0.1,74.5
1747230047614,10.8,0.0,15.9,0.0,0.0,0.1,73.3
1747230049626,10.7,0.0,16.0,0.0,0.0,0.0,73.3
1747230051638,11.0,0.0,17.0,0.0,0.0,0.2,71.9
1747230053649,8.7,0.0,12.9,0.0,0.0,0.1,78.3
1747230055658,10.2,0.0,15.3,0.0,0.0,0.1,74.4
1747230057672,9.7,0.0,15.3,0.0,0.0,0.0,75.0
1747230059687,10.2,0.0,16.2,0.0,0.0,0.1,73.5
1747230061711,0.0,0.0,0.0,0.0,0.0,0.0,0.0
1747230063729,9.3,0.0,14.9,0.0,0.0,0.1,75.8
1747230065745,9.0,0.0,15.5,0.0,0.0,0.1,75.4
1747230067760,9.0,0.0,15.1,0.0,0.0,0.1,75.8
1747230069773,0.0,0.0,0.0,0.0,0.0,0.0,0.0
1747230071784,9.5,0.0,14.9,0.0,0.0,0.2,75.4
1747230073796,9.1,0.0,15.2,0.0,0.0,0.1,75.7
1747230075808,9.6,0.0,14.2,0.0,0.0,0.0,76.1
1747230077819,9.3,0.0,14.9,0.0,0.0,0.1,75.7
1747230079831,6.4,0.0,10.9,0.0,0.0,0.1,82.6
1747230081840,6.7,0.0,11.7,0.0,0.0,0.3,81.4
1747230083849,5.8,0.0,12.4,0.0,0.0,0.1,81.6
1747230085862,6.6,0.0,11.0,0.0,0.0,0.1,82.2
1747230087872,7.1,0.0,11.8,0.0,0.0,0.1,81.0
1747230089880,6.7,0.0,11.6,0.0,0.0,0.1,81.6
1747230091890,6.8,0.0,12.5,0.0,0.0,0.2,80.5
1747230093903,7.4,0.0,12.1,0.0,0.0,0.0,80.4
1747230095910,7.1,0.0,12.5,0.0,0.0,0.1,80.3
1747230097919,7.1,0.0,12.3,0.0,0.0,0.1,80.5
1747230099929,6.8,0.0,12.9,0.0,0.0,0.1,80.2
1747230101940,6.5,0.0,13.3,0.0,0.0,0.1,80.0
1747230103952,7.3,0.0,13.1,0.0,0.0,0.1,79.4
1747230105962,6.4,0.0,13.6,0.0,0.0,0.1,79.9
1747230107972,7.6,0.0,12.8,0.0,0.0,0.1,79.6
1747230109982,7.5,0.0,12.6,0.0,0.0,0.0,79.9
1747230111993,8.7,0.0,14.0,0.0,0.0,0.4,76.8
1747230114004,7.7,0.0,12.9,0.0,0.0,0.2,79.2
1747230116014,8.2,0.0,13.5,0.0,0.0,0.2,78.1
1747230118024,8.1,0.0,14.6,0.0,0.0,0.1,77.1
1747230120034,0.2,0.0,0.3,0.0,0.0,0.0,99.5
1747230122043,7.5,0.0,13.4,0.0,0.0,0.5,78.6
1747230124051,7.5,0.0,13.7,0.0,0.0,0.3,78.5
1747230126062,7.6,0.0,13.6,0.0,0.0,0.1,78.6
1747230128077,8.6,0.0,13.7,0.0,0.0,0.2,77.6
1747230130092,7.8,0.0,13.6,0.0,0.0,0.1,78.5
1747230132103,7.4,0.0,14.5,0.0,0.0,0.2,77.9
1747230134113,7.9,0.0,14.1,0.1,0.0,0.1,77.9
1747230136122,9.0,0.0,13.8,0.0,0.0,0.1,77.0
1747230138130,8.1,0.0,14.7,0.0,0.0,0.2,76.9
1747230140139,8.0,0.0,14.4,0.0,0.0,0.1,77.5
1747230142150,8.2,0.0,14.5,0.0,0.0,0.3,77.0
1747230144162,8.3,0.0,15.0,0.0,0.0,0.0,76.7
1747230146171,7.8,0.0,14.6,0.0,0.0,0.1,77.5
1747230148180,8.1,0.0,14.5,0.0,0.0,0.1,77.3
1747230150194,7.2,0.0,13.3,0.1,0.0,0.1,79.4
1747230152213,8.7,0.0,13.2,0.0,0.0,0.1,78.0
1747230154222,7.6,0.0,12.5,0.0,0.0,0.1,79.9
1747230156233,7.7,0.0,12.7,0.0,0.0,0.1,79.5
1747230158244,7.7,0.0,12.6,0.0,0.0,0.1,79.5
1747230160254,8.5,0.0,13.0,0.0,0.0,0.1,78.4
1747230162264,7.5,0.0,14.2,0.0,0.0,0.2,78.0
1747230164273,7.3,0.0,14.3,0.0,0.0,0.1,78.3
1747230166283,8.0,0.0,14.0,0.0,0.0,0.2,77.8
1747230168293,8.4,0.0,14.2,0.0,0.0,0.1,77.3
1747230170303,8.7,0.0,12.7,0.1,0.0,0.1,78.5
1747230172313,7.7,0.0,14.0,0.0,0.0,0.1,78.3
1747230174324,8.7,0.0,14.0,0.0,0.0,0.1,77.2
1747230176333,8.8,0.0,13.2,0.0,0.0,0.1,77.9
1747230178345,7.6,0.0,14.2,0.0,0.0,0.1,78.1
1747230180354,7.5,0.0,14.3,0.0,0.0,0.1,78.2
1747230182364,7.8,0.0,14.5,0.0,0.0,0.1,77.6
1747230184375,8.4,0.0,13.8,0.0,0.0,0.1,77.8
1747230186386,7.6,0.0,14.0,0.0,0.0,0.1,78.3
1747230188396,7.2,0.0,14.2,0.0,0.0,0.1,78.4
1747230190405,8.2,0.0,14.8,0.1,0.0,0.2,76.7
1747230192413,8.5,0.0,14.9,0.0,0.0,0.1,76.4
1747230194423,7.2,0.0,14.6,0.0,0.0,0.0,78.1
1747230196432,7.6,0.0,13.1,0.0,0.0,0.3,79.0
1747230198442,7.4,0.0,14.2,0.0,0.0,0.1,78.3
1747230200453,8.8,0.0,13.5,0.0,0.0,0.2,77.5
1747230202467,7.2,0.0,13.6,0.0,0.0,0.1,79.2
1747230204476,7.9,0.0,13.2,0.0,0.0,0.1,78.8
1747230206486,7.9,0.0,14.1,0.1,0.0,0.2,77.8
1747230208495,9.1,0.0,12.7,0.0,0.0,0.1,78.1
1747230210505,8.1,0.0,13.2,0.0,0.0,0.1,78.6
1747230212520,7.7,0.0,13.3,0.0,0.0,0.2,78.8
1747230214534,7.6,0.0,14.7,0.0,0.0,0.1,77.6
1747230216545,0.0,0.0,0.0,0.0,0.0,0.0,0.0
1747230218561,10.7,0.0,17.4,0.0,0.0,0.0,71.9
1747230220584,11.2,0.0,16.6,0.0,0.0,0.1,72.1
1747230222615,11.8,0.0,16.8,0.0,0.0,0.1,71.3
1747230224634,0.0,0.0,0.0,0.0,0.0,0.0,0.0
1747230226649,10.7,0.0,15.5,0.0,0.0,0.2,73.6
1747230228669,11.0,0.0,16.6,0.0,0.0,0.0,72.5
1747230230684,11.9,0.0,16.9,0.0,0.0,0.0,71.1
1747230232696,11.3,0.0,16.5,0.0,0.0,0.1,72.0
1747230234708,10.9,0.0,16.1,0.0,0.0,0.0,72.9
1747230236719,10.9,0.0,16.1,0.0,0.0,0.1,72.8
1747230238731,10.3,0.0,17.0,0.0,0.0,0.1,72.7
1747230240742,11.5,0.0,16.8,0.0,0.0,0.0,71.7
1747230242756,7.9,0.0,12.8,0.0,0.0,0.2,79.1
1747230244768,8.0,0.0,12.8,0.0,0.0,0.0,79.2
1747230246779,7.3,0.0,12.9,0.0,0.0,0.1,79.6
1747230248789,7.4,0.0,13.2,0.0,0.0,0.1,79.3
1747230250799,7.0,0.0,13.2,0.0,0.0,0.1,79.7
1747230252810,7.0,0.0,13.3,0.0,0.0,0.1,79.6
1747230254820,7.1,0.0,13.8,0.0,0.0,0.1,79.1
1747230256828,7.4,0.0,13.8,0.0,0.0,0.1,78.7
1747230258844,6.7,0.0,13.3,0.0,0.0,0.1,80.0
1747230260861,7.0,0.0,13.4,0.0,0.0,0.1,79.6
1747230262870,7.6,0.0,13.3,0.0,0.0,0.1,78.9
1747230264891,8.4,0.0,14.2,0.0,0.0,0.2,77.0
1747230266902,8.1,0.0,12.8,0.0,0.0,0.1,79.0
1747230268912,7.6,0.0,12.8,0.0,0.0,0.1,79.5
1747230270923,7.2,0.0,14.1,0.0,0.0,0.1,78.6
1747230272934,7.7,0.0,13.8,0.0,0.0,0.0,78.4
1747230274945,7.9,0.0,13.2,0.0,0.0,0.1,78.7
1747230276958,7.6,0.0,13.2,0.0,0.0,0.2,79.0
1747230278969,7.4,0.0,13.5,0.0,0.0,0.0,79.0
1747230280978,7.4,0.0,13.5,0.0,0.0,0.0,79.0
1747230282989,8.5,0.0,14.2,0.0,0.0,0.0,77.3
1747230284998,8.1,0.0,13.1,0.0,0.0,0.0,78.8
1747230287006,8.6,0.0,13.1,0.0,0.0,0.1,78.2
1747230289020,7.7,0.0,13.1,0.0,0.0,0.0,79.2
1747230291033,7.9,0.0,13.0,0.0,0.0,0.1,79.0
1747230293050,7.2,0.0,13.0,0.0,0.0,0.0,79.8
1747230295070,7.1,0.0,12.8,0.0,0.0,0.0,80.1
1747230297079,7.5,0.0,13.1,0.0,0.0,0.2,79.1
1747230299089,8.3,0.0,12.6,0.0,0.0,0.1,79.0
1747230301103,7.5,0.0,12.6,0.0,0.0,0.1,79.9
1747230303115,7.4,0.0,12.9,0.0,0.0,0.0,79.6
1747230305125,7.3,0.0,13.6,0.0,0.0,0.1,79.0
1747230307136,8.0,0.0,13.5,0.0,0.0,0.0,78.5
1747230309146,8.2,0.0,13.1,0.0,0.0,0.0,78.6
1747230311155,7.5,0.0,13.9,0.0,0.0,0.0,78.5
1747230313164,7.8,0.0,13.7,0.0,0.0,0.1,78.4
1747230315172,8.3,0.0,13.2,0.0,0.0,0.2,78.3
1747230317181,7.3,0.0,13.2,0.0,0.0,0.1,79.4
1747230319190,7.6,0.0,12.7,0.0,0.0,0.0,79.7
1747230321200,6.8,0.0,12.5,0.2,0.0,0.0,80.4
1747230323215,7.7,0.0,12.4,0.0,0.0,0.1,79.8
1747230325234,6.4,0.0,12.9,0.0,0.0,0.1,80.6
1747230327248,7.3,0.0,11.7,0.0,0.0,0.1,80.9
1747230329267,7.7,0.0,12.8,0.0,0.0,0.1,79.5
1747230331278,8.5,0.0,13.0,0.1,0.0,0.0,78.4
1747230333289,7.5,0.0,13.1,0.0,0.0,0.1,79.3
1747230335301,8.2,0.0,13.7,0.0,0.0,0.1,78.0
1747230337313,8.5,0.0,13.0,0.0,0.0,0.1,78.3
1747230339324,9.3,0.0,12.9,0.0,0.0,0.1,77.7
1747230341336,7.2,0.0,13.6,0.1,0.0,0.1,79.0
1747230343345,7.5,0.0,14.8,0.0,0.0,0.0,77.7
1747230345357,7.6,0.0,14.2,0.0,0.0,0.1,78.1
1747230347367,8.1,0.0,13.7,0.0,0.0,0.2,78.0
1747230349377,7.2,0.0,14.0,0.0,0.0,0.1,78.7
1747230351388,8.0,0.0,12.4,0.0,0.0,0.1,79.6
1747230353398,7.2,0.0,14.9,0.0,0.0,0.0,77.9
1747230355408,8.8,0.0,12.8,0.0,0.0,0.1,78.2
1747230357417,7.5,0.0,12.1,0.0,0.0,0.2,80.2
1747230359427,7.2,0.0,12.3,0.0,0.0,0.1,80.4
1747230361435,7.3,0.0,12.0,0.0,0.0,0.1,80.7
1747230363444,7.7,0.0,11.6,0.0,0.0,0.1,80.6
1747230365456,6.8,0.0,12.4,0.0,0.0,0.0,80.8
1747230367469,6.7,0.0,14.3,0.0,0.0,0.0,79.0
1747230369478,6.9,0.0,13.3,0.0,0.0,0.1,79.7
1747230371487,7.9,0.0,12.8,0.0,0.0,0.1,79.2
1747230373497,7.6,0.0,12.2,0.0,0.0,0.1,80.1
1747230375508,7.3,0.0,13.8,0.0,0.0,0.1,78.7
1747230377519,7.8,0.0,13.2,0.0,0.0,0.1,78.9
1747230379529,8.6,0.0,13.7,0.0,0.0,0.1,77.7
1747230381547,7.7,0.0,12.8,0.0,0.0,0.0,79.5
1747230383565,7.1,0.0,12.2,0.0,0.0,0.0,80.7
1747230385573,7.7,0.0,12.1,0.0,0.0,0.0,80.1
1747230387584,7.8,0.0,12.7,0.0,0.0,0.1,79.4
1747230389601,7.5,0.0,12.4,0.0,0.0,0.1,80.1
1747230391624,7.4,0.0,12.8,0.0,0.0,0.2,79.6
1747230393633,7.9,0.0,14.1,0.0,0.0,0.1,77.9
1747230395643,9.7,0.0,13.5,0.0,0.0,0.1,76.6
1747230397652,8.0,0.0,12.4,0.0,0.0,0.1,79.5
1747230399661,7.7,0.0,12.9,0.0,0.0,0.0,79.4
1747230401671,8.0,0.0,12.6,0.0,0.0,0.2,79.2
1747230403681,9.1,0.0,13.7,0.0,0.0,0.1,77.1
1747230405693,7.7,0.0,13.8,0.0,0.0,0.1,78.5
1747230407703,8.1,0.0,14.2,0.0,0.0,0.1,77.7
1747230409713,8.2,0.0,14.2,0.0,0.0,0.1,77.5
1747230411724,8.4,0.0,13.8,0.0,0.0,0.1,77.6
1747230413735,7.7,0.0,13.5,0.0,0.0,0.1,78.7
1747230415746,7.2,0.0,14.0,0.0,0.0,0.0,78.7
1747230417757,7.4,0.0,14.6,0.0,0.0,0.1,78.0
1747230419768,9.5,0.0,13.3,0.0,0.0,0.1,77.1
1747230421780,8.0,0.0,13.5,0.0,0.0,0.1,78.4
1747230423791,7.6,0.0,13.8,0.0,0.0,0.1,78.5
1747230425802,7.2,0.0,13.9,0.0,0.0,0.0,78.7
1747230427813,8.2,0.0,13.3,0.0,0.0,0.1,78.4
1747230429824,7.1,0.0,13.9,0.0,0.0,0.1,78.9
1747230431833,8.3,0.0,14.3,0.0,0.0,0.1,77.2
1747230433842,7.7,0.0,14.0,0.0,0.0,0.1,78.2
1747230435850,8.4,0.0,12.7,0.0,0.0,0.1,78.8
1747230437861,7.3,0.0,12.8,0.0,0.0,0.1,79.8
1747230439870,7.0,0.0,13.7,0.0,0.0,0.0,79.3
1747230441883,7.8,0.0,12.6,0.0,0.0,0.2,79.4
1747230443898,7.7,0.0,13.0,0.0,0.0,0.0,79.3
1747230445912,7.3,0.0,12.8,0.0,0.0,0.1,79.8
1747230447925,7.3,0.0,14.2,0.0,0.0,0.0,78.4
1747230449934,8.2,0.0,12.8,0.0,0.0,0.1,79.0
1747230451944,8.2,0.0,13.3,0.0,0.0,0.2,78.3
1747230453953,7.9,0.0,13.2,0.0,0.0,0.1,78.8
1747230455962,6.8,0.0,13.3,0.0,0.0,0.0,79.8
1747230457972,7.1,0.0,12.9,0.0,0.0,0.0,79.9
1747230459986,8.1,0.0,12.4,0.0,0.0,0.1,79.3
1747230461998,7.2,0.0,12.9,0.0,0.0,0.1,79.8
1747230464008,7.8,0.0,11.6,0.0,0.0,0.1,80.5
1747230466018,7.9,0.0,13.3,0.0,0.0,0.1,78.6
1747230468027,7.9,0.0,13.0,0.0,0.0,0.1,79.0
1747230470039,7.3,0.0,13.5,0.0,0.0,0.0,79.2
1747230472050,8.0,0.0,12.9,0.0,0.0,0.2,79.0
1747230474062,7.4,0.0,12.9,0.0,0.0,0.1,79.5
1747230476074,7.8,0.0,13.3,0.0,0.0,0.2,78.8
1747230478086,7.3,0.0,13.4,0.0,0.0,0.1,79.1
1747230480096,7.8,0.0,13.2,0.0,0.0,0.0,79.0
1747230482108,8.2,0.0,13.2,0.0,0.0,0.2,78.5
1747230484119,8.4,0.0,13.1,0.0,0.0,0.1,78.5
1747230486130,7.8,0.0,13.2,0.0,0.0,0.0,78.9
1747230488139,7.7,0.0,13.5,0.0,0.0,0.0,78.8
1747230490151,7.0,0.0,14.4,0.0,0.0,0.1,78.5
1747230492161,8.4,0.0,13.6,0.0,0.0,0.1,77.9
1747230494173,7.0,0.0,14.0,0.0,0.0,0.1,78.9
1747230496184,7.8,0.0,13.7,0.0,0.0,0.0,78.5
1747230498195,7.2,0.0,14.2,0.0,0.0,0.0,78.5
1747230500205,8.0,0.0,14.1,0.0,0.0,0.1,77.8
1747230502216,8.4,0.0,13.8,0.0,0.0,0.2,77.5
1747230504226,8.1,0.0,13.4,0.0,0.0,0.1,78.4
1747230506236,7.9,0.0,13.5,0.0,0.0,0.1,78.5
1747230508247,8.3,0.0,14.3,0.0,0.0,0.0,77.3
1747230510260,7.8,0.0,14.1,0.0,0.0,0.0,78.2
1747230512271,7.9,0.0,14.6,0.0,0.0,0.2,77.2
1747230514282,7.8,0.0,13.5,0.0,0.0,0.1,78.5
1747230516292,8.1,0.0,13.3,0.0,0.0,0.1,78.5
1747230518304,8.1,0.0,13.6,0.0,0.0,0.1,78.1
1747230520315,7.2,0.0,13.8,0.0,0.0,0.1,79.0
1747230522326,7.3,0.0,13.6,0.0,0.0,0.2,79.0
1747230524337,7.5,0.0,13.6,0.0,0.0,0.2,78.7
1747230526346,7.4,0.0,13.0,0.0,0.0,0.1,79.5
1747230528354,7.6,0.0,13.3,0.0,0.0,0.1,79.0
1747230530362,7.4,0.0,13.6,0.0,0.0,0.0,79.0
1747230532371,8.4,0.0,13.6,0.0,0.0,0.2,77.8
1747230534380,8.9,0.0,14.5,0.0,0.0,0.0,76.5
1747230536392,7.5,0.0,13.2,0.0,0.0,0.1,79.2
1747230538405,7.7,0.0,13.6,0.0,0.0,0.2,78.6
1747230540416,7.2,0.0,14.8,0.0,0.0,0.1,77.8
1747230542426,8.1,0.0,12.8,0.0,0.0,0.1,79.0
1747230544436,7.2,0.0,14.8,0.0,0.0,0.1,77.9
1747230546446,7.9,0.0,14.2,0.0,0.0,0.1,77.8
1747230548458,8.2,0.0,13.5,0.0,0.0,0.1,78.2
1747230550469,7.3,0.0,14.4,0.0,0.0,0.1,78.2
1747230552479,7.7,0.0,13.4,0.0,0.0,0.2,78.7
1747230554490,8.3,0.0,12.9,0.0,0.0,0.1,78.6
1747230556499,7.5,0.0,14.3,0.0,0.0,0.1,78.0
1747230558509,10.9,0.0,14.9,0.0,0.0,0.1,74.0
1747230560517,9.8,0.0,15.7,0.0,0.0,0.0,74.5
1747230562527,9.1,0.0,16.2,0.0,0.0,0.1,74.5
1747230564535,7.9,0.0,13.4,0.0,0.0,0.1,78.6
1747230566546,11.0,0.0,15.4,0.0,0.0,0.0,73.5
1747230568556,11.2,0.0,17.2,0.0,0.0,0.0,71.6
1747230570567,11.1,0.0,16.5,0.0,0.0,0.1,72.2
1747230572588,11.1,0.0,16.8,0.0,0.0,0.3,71.7
1747230574604,0.0,0.0,0.0,0.0,0.0,0.0,0.0
1747230576622,10.3,0.0,15.4,0.0,0.0,0.1,74.2
1747230578655,10.5,0.0,15.4,0.0,0.0,0.0,74.0
1747230580668,10.3,0.0,15.1,0.0,0.0,0.0,74.6
1747230582690,10.7,0.0,14.9,0.0,0.0,0.1,74.2
1747230584714,9.8,0.0,14.5,0.0,0.0,0.1,75.6
1747230586727,10.2,0.0,14.3,0.0,0.0,0.1,75.4
1747230588740,9.7,0.0,15.3,0.0,0.0,0.1,74.8
1747230590753,10.0,0.0,16.0,0.0,0.0,0.0,73.9
1747230592767,7.5,0.0,11.6,0.0,0.0,0.1,80.8
1747230594776,7.8,0.0,11.5,0.0,0.0,0.0,80.7
1747230596783,7.9,0.0,11.9,0.0,0.0,0.1,80.1
1747230598791,7.8,0.0,12.8,0.0,0.0,0.0,79.4
1747230600801,7.8,0.0,13.5,0.0,0.0,0.2,78.6
1747230602809,7.9,0.0,13.3,0.0,0.0,0.3,78.6
1747230604820,8.0,0.0,13.5,0.0,0.0,0.2,78.4
1747230606830,8.4,0.0,13.7,0.0,0.0,0.1,77.8
1747230608840,9.2,0.0,13.6,0.0,0.0,0.0,77.2
1747230610851,8.1,0.0,14.4,0.0,0.0,0.1,77.5
1747230612863,8.7,0.0,14.4,0.0,0.0,0.3,76.5
1747230614874,7.9,0.0,15.4,0.0,0.0,0.2,76.5
1747230616886,0.1,0.0,0.2,0.0,0.0,0.0,99.6
1747230618897,8.0,0.0,14.9,0.0,0.0,0.2,76.9
1747230620908,8.0,0.0,14.5,0.0,0.0,0.0,77.5
1747230622918,8.1,0.0,14.3,0.0,0.0,0.1,77.5
1747230624926,8.9,0.0,13.8,0.0,0.0,0.1,77.2
1747230626936,8.1,0.0,13.8,0.0,0.0,0.1,78.0
1747230628946,8.2,0.0,15.3,0.0,0.0,0.0,76.4
1747230630958,7.9,0.0,15.4,0.0,0.0,0.1,76.6
1747230632967,8.7,0.0,14.3,0.0,0.0,0.2,76.8
1747230634978,7.2,0.0,15.3,0.0,0.0,0.0,77.5
1747230636994,7.5,0.0,13.7,0.0,0.0,0.2,78.5
1747230639006,7.5,0.0,13.7,0.0,0.0,0.1,78.6
1747230641017,8.4,0.0,13.1,0.0,0.0,0.0,78.4
1747230643032,7.0,0.0,14.0,0.0,0.0,0.1,78.9
1747230645042,7.0,0.0,13.6,0.0,0.0,0.1,79.3
1747230647052,7.9,0.0,14.5,0.0,0.0,0.2,77.4
1747230649061,8.7,0.0,12.9,0.0,0.0,0.1,78.4
1747230651071,7.1,0.0,12.7,0.0,0.0,0.1,80.0
