timestamp_ms,usr%,nice%,sys%,iowait%,irq%,soft%,steal%,idle%
1747228937055,5.4,0.0,10.2,0.0,0.0,0.1,84.2
1747228939066,5.5,0.0,10.1,0.0,0.0,0.1,84.3
1747228941076,5.8,0.0,10.1,2.1,0.0,0.1,81.9
1747228943086,6.4,0.0,10.1,0.0,0.0,0.0,83.4
1747228945096,5.9,0.0,9.9,0.0,0.0,0.1,84.1
1747228947109,5.6,0.0,10.6,3.9,0.0,0.1,79.8
1747228949121,6.0,0.0,10.2,0.0,0.0,0.1,83.7
1747228951131,5.9,0.0,10.9,0.0,0.0,0.2,83.0
1747228953142,6.0,0.0,10.1,0.0,0.0,0.2,83.8
1747228955153,5.4,0.0,11.4,0.0,0.0,0.1,83.1
1747228957165,5.8,0.0,11.0,0.0,0.0,0.2,83.0
1747228959175,7.0,0.0,11.0,0.0,0.0,0.2,81.8
1747228961185,6.2,0.0,10.0,0.0,0.0,0.2,83.7
1747228963196,5.8,0.0,10.0,0.0,0.0,0.1,84.1
1747228965207,5.8,0.0,10.2,0.0,0.0,0.2,83.8
1747228967218,5.6,0.0,10.9,0.0,0.0,0.2,83.3
1747228969229,6.0,0.0,10.0,0.0,0.0,0.2,83.8
1747228971241,5.7,0.0,10.0,0.0,0.0,0.1,84.1
1747228973252,5.7,0.0,10.0,0.0,0.0,0.0,84.2
1747228975263,5.8,0.0,10.8,0.0,0.0,0.5,83.0
1747228977274,5.5,0.0,10.0,0.0,0.0,0.2,84.2
1747228979285,5.6,0.0,10.3,0.0,0.0,0.1,84.0
1747228981296,5.8,0.0,9.9,0.0,0.0,0.2,84.1
1747228983308,6.2,0.0,11.3,0.0,0.0,0.2,82.2
1747228985319,6.3,0.0,9.9,0.0,0.0,0.3,83.5
1747228987329,5.8,0.0,10.1,0.0,0.0,0.1,84.1
1747228989340,5.5,0.0,10.1,0.0,0.0,0.1,84.3
1747228991351,5.9,0.0,10.6,0.0,0.0,0.2,83.2
1747228993361,5.9,0.0,10.4,0.0,0.0,0.2,83.5
1747228995372,5.3,0.0,11.2,0.0,0.0,0.3,83.2
1747228997382,5.3,0.0,10.8,0.0,0.0,0.2,83.6
1747228999393,5.9,0.0,10.2,0.0,0.0,0.1,83.8
1747229001404,6.2,0.0,10.4,0.0,0.0,0.1,83.2
1747229003415,5.4,0.0,10.7,0.0,0.0,0.1,83.8
1747229005426,5.5,0.0,10.2,0.0,0.0,0.2,84.1
1747229007437,6.2,0.0,10.5,0.0,0.0,0.1,83.2
1747229009447,6.3,0.0,10.4,0.0,0.0,0.1,83.1
1747229011462,5.9,0.0,10.7,0.0,0.0,0.0,83.4
1747229013481,6.5,0.0,10.0,0.0,0.0,0.2,83.3
1747229015494,5.1,0.0,11.2,0.0,0.0,0.2,83.5
1747229017506,6.3,0.0,9.2,0.0,0.0,0.2,84.3
1747229019515,5.7,0.0,9.6,0.0,0.0,0.1,84.5
1747229021526,5.5,0.0,9.9,0.0,0.0,0.2,84.5
1747229023536,5.6,0.0,10.7,0.0,0.0,0.2,83.5
1747229025548,6.1,0.0,10.4,0.0,0.0,0.2,83.3
1747229027559,5.7,0.0,9.8,0.0,0.0,0.2,84.2
1747229029570,5.2,0.0,9.9,0.0,0.0,0.1,84.8
1747229031581,6.0,0.0,10.4,0.0,0.0,0.0,83.6
1747229033591,6.4,0.0,10.0,0.0,0.0,0.1,83.4
1747229035602,5.8,0.0,9.7,0.0,0.0,0.1,84.4
1747229037613,5.9,0.0,9.8,0.0,0.0,0.1,84.2
1747229039623,7.0,0.0,10.6,0.0,0.0,0.1,82.4
1747229041634,6.9,0.0,10.6,0.0,0.0,0.1,82.5
1747229043645,6.0,0.0,10.8,0.0,0.0,0.2,83.1
1747229045656,5.7,0.0,10.2,0.0,0.0,0.1,84.0
1747229047667,5.6,0.0,10.5,0.0,0.0,0.1,83.9
1747229049678,6.8,0.0,10.5,0.0,0.0,0.3,82.5
1747229051689,5.2,0.0,11.0,0.0,0.0,0.3,83.5
1747229053700,5.6,0.0,10.6,0.0,0.0,0.2,83.6
1747229055711,5.4,0.0,10.8,0.0,0.0,0.2,83.6
1747229057721,6.5,0.0,10.0,0.0,0.0,0.1,83.4
1747229059733,5.8,0.0,10.0,0.0,0.0,0.2,84.1
1747229061744,5.6,0.0,10.6,0.0,0.0,0.2,83.6
1747229063755,5.5,0.0,10.7,0.0,0.0,0.1,83.7
1747229065765,6.8,0.0,10.6,0.0,0.0,0.1,82.5
1747229067775,6.4,0.0,11.9,0.0,0.0,0.0,81.7
1747229069786,5.5,0.0,10.2,0.0,0.0,0.2,84.2
1747229071797,5.7,0.0,9.9,0.0,0.0,0.1,84.3
1747229073808,6.5,0.0,9.7,0.0,0.0,0.2,83.6
1747229075819,5.6,0.0,10.4,0.0,0.0,0.2,83.8
1747229077829,5.4,0.0,11.9,0.0,0.0,0.2,82.5
1747229079839,5.5,0.0,10.7,0.0,0.0,0.0,83.8
1747229081849,6.6,0.0,9.9,0.0,0.0,0.1,83.4
1747229083857,5.3,0.0,9.9,0.0,0.0,0.0,84.8
1747229085865,5.2,0.0,10.0,0.0,0.0,0.2,84.7
1747229087878,5.5,0.0,9.7,0.0,0.0,0.2,84.7
1747229089885,6.8,0.0,10.7,0.0,0.0,0.1,82.3
1747229091894,6.0,0.0,9.6,0.0,0.0,0.0,84.3
1747229093903,5.9,0.0,10.2,0.0,0.0,0.1,83.8
1747229095913,5.6,0.0,10.3,0.0,0.0,0.2,83.9
1747229097923,6.7,0.0,10.8,0.0,0.0,0.1,82.4
1747229099934,6.0,0.0,9.9,0.2,0.0,0.2,83.8
1747229101946,5.6,0.0,10.3,0.0,0.0,0.0,84.0
1747229103958,5.8,0.0,10.4,0.0,0.0,0.1,83.8
1747229105967,6.5,0.0,11.2,0.0,0.0,0.1,82.2
1747229107978,5.9,0.0,10.8,0.0,0.0,0.0,83.3
1747229109988,5.8,0.0,10.6,0.0,0.0,0.1,83.5
1747229111999,5.6,0.0,10.3,0.0,0.0,0.0,84.1
1747229114009,7.9,0.0,11.3,0.0,0.0,0.2,80.7
1747229116019,6.4,0.0,10.5,0.0,0.0,0.2,82.9
1747229118029,6.5,0.0,11.2,0.0,0.0,0.1,82.2
1747229120039,6.1,0.0,10.4,0.0,0.0,0.2,83.3
1747229122050,7.1,0.0,10.3,0.0,0.0,0.2,82.4
1747229124058,6.1,0.0,9.7,0.0,0.0,0.1,84.1
1747229126067,5.9,0.0,10.1,0.0,0.0,0.4,83.5
1747229128078,5.4,0.0,10.8,0.0,0.0,0.1,83.7
1747229130088,7.0,0.0,10.5,0.0,0.0,0.1,82.4
1747229132099,5.6,0.0,10.6,0.0,0.0,0.1,83.7
1747229134109,5.7,0.0,11.3,0.0,0.0,0.1,83.0
1747229136118,5.9,0.0,11.0,0.0,0.0,0.2,83.0
1747229138128,6.7,0.0,11.2,0.0,0.0,0.1,82.0
1747229140140,6.9,0.0,12.2,0.0,0.0,0.0,80.8
1747229142149,6.1,0.0,10.8,0.0,0.0,0.1,83.0
1747229144161,6.3,0.0,10.0,0.0,0.0,0.2,83.5
1747229146171,6.2,0.0,10.6,0.0,0.0,0.1,83.1
1747229148182,5.5,0.0,11.1,0.0,0.0,0.1,83.3
1747229150192,6.1,0.0,9.8,0.0,0.0,0.2,84.0
1747229152200,5.2,0.0,10.1,0.0,0.0,0.2,84.5
1747229154208,0.0,0.0,0.0,0.0,0.0,0.0,0.0
1747229156228,6.9,0.0,11.1,0.0,0.0,0.2,81.8
1747229158277,8.0,0.0,12.9,0.0,0.0,0.1,79.0
1747229160289,8.2,0.0,12.5,0.0,0.0,0.2,79.1
1747229162301,8.7,0.0,13.9,0.0,0.0,0.0,77.4
1747229164313,8.0,0.0,11.7,0.0,0.0,0.2,80.1
1747229166325,8.1,0.0,12.6,0.0,0.0,0.2,79.1
1747229168337,8.7,0.0,12.2,0.0,0.0,0.1,79.1
1747229170348,9.0,0.0,13.1,0.0,0.0,0.0,77.8
1747229172359,8.9,0.0,11.3,0.0,0.0,0.1,79.6
1747229174375,7.4,0.0,12.2,0.0,0.0,0.1,80.3
1747229176387,7.4,0.0,12.1,0.0,0.0,0.1,80.3
1747229178398,7.9,0.0,11.5,0.0,0.0,0.1,80.5
1747229180410,0.0,0.0,0.0,0.0,0.0,0.0,100.0
1747229182421,6.0,0.0,9.3,0.0,0.0,0.1,84.5
1747229184431,5.8,0.0,9.5,0.0,0.0,0.1,84.5
1747229186442,5.8,0.0,9.4,0.0,0.0,0.1,84.7
1747229188453,0.2,0.0,0.3,0.0,0.0,0.0,99.5
1747229190464,5.9,0.0,9.9,0.0,0.0,0.1,84.1
1747229192475,5.4,0.0,10.9,0.0,0.0,0.1,83.5
1747229194486,5.9,0.0,10.4,0.0,0.0,0.2,83.5
1747229196497,6.1,0.0,10.0,0.0,0.0,0.2,83.7
1747229198508,6.1,0.0,10.4,0.0,0.0,0.2,83.4
1747229200519,6.5,0.0,10.5,0.0,0.0,0.2,82.8
1747229202530,6.1,0.0,11.5,0.0,0.0,0.1,82.3
1747229204541,6.1,0.0,11.6,0.0,0.0,0.2,82.2
1747229206552,6.1,0.0,12.3,0.0,0.0,0.1,81.5
1747229208562,6.0,0.0,11.8,0.0,0.0,0.1,82.2
1747229210572,6.0,0.0,11.3,0.0,0.0,0.2,82.5
1747229212582,6.2,0.0,11.4,0.0,0.0,0.1,82.3
1747229214591,6.1,0.0,10.8,0.0,0.0,0.2,82.9
1747229216600,6.6,0.0,11.2,0.0,0.0,0.1,82.1
1747229218608,7.0,0.0,11.2,0.0,0.0,0.1,81.7
1747229220617,7.0,0.0,11.4,0.0,0.0,0.2,81.4
1747229222626,6.3,0.0,11.1,0.0,0.0,0.1,82.5
1747229224635,6.4,0.0,11.8,0.0,0.0,0.1,81.8
1747229226645,6.4,0.0,11.2,0.0,0.0,0.1,82.2
1747229228654,6.5,0.0,11.1,0.0,0.0,0.3,82.1
1747229230672,5.7,0.0,12.1,0.0,0.0,0.1,82.0
1747229232694,5.5,0.0,12.2,0.0,0.0,0.1,82.2
1747229234708,6.7,0.0,10.0,0.0,0.0,0.1,83.2
1747229236728,6.2,0.0,11.6,0.0,0.0,0.2,82.0
1747229238739,5.8,0.0,12.0,0.0,0.0,0.2,82.0
1747229240750,6.4,0.0,11.8,0.0,0.0,0.2,81.6
1747229242761,6.9,0.0,12.3,0.0,0.0,0.0,80.7
1747229244772,6.6,0.0,12.3,0.0,0.0,0.1,81.0
1747229246783,7.6,0.0,12.1,0.0,0.0,0.2,80.1
1747229248794,6.7,0.0,11.4,0.0,0.0,0.1,81.8
1747229250805,6.8,0.0,11.4,0.0,0.0,0.2,81.5
1747229252816,6.4,0.0,11.5,0.0,0.0,0.1,82.0
1747229254827,6.2,0.0,11.8,0.0,0.0,0.1,81.9
1747229256837,6.2,0.0,11.8,0.0,0.0,0.1,81.9
1747229258847,6.1,0.0,11.8,0.0,0.0,0.1,82.0
1747229260857,6.3,0.0,11.9,0.0,0.0,0.3,81.6
1747229262867,6.2,0.0,11.8,0.0,0.0,0.1,81.9
1747229264877,5.9,0.0,12.3,0.0,0.0,0.2,81.6
1747229266887,7.1,0.0,11.9,0.0,0.0,0.1,81.0
1747229268896,7.8,0.0,12.7,0.0,0.0,0.1,79.4
1747229270905,10.2,0.0,13.8,0.0,0.0,0.2,75.9
1747229272914,8.9,0.0,14.1,0.0,0.0,0.1,76.9
1747229274926,9.0,0.0,14.5,0.0,0.0,0.2,76.3
1747229276939,9.9,0.0,14.8,0.0,0.0,0.2,75.1
1747229278950,0.0,0.0,0.0,0.0,0.0,0.0,0.0
1747229280960,8.7,0.0,14.0,0.0,0.0,0.2,77.0
1747229282972,8.4,0.0,13.3,0.0,0.0,0.1,78.2
1747229284985,8.3,0.0,13.3,0.0,0.0,0.2,78.2
1747229287003,0.0,0.0,0.0,0.0,0.0,0.0,0.0
1747229289018,8.4,0.0,11.8,0.0,0.0,0.1,79.8
1747229291032,8.2,0.0,12.3,0.0,0.0,0.2,79.3
1747229293046,7.9,0.0,12.1,0.0,0.0,0.0,80.0
1747229295064,0.1,0.0,0.1,0.0,0.0,0.0,99.8
1747229297073,6.0,0.0,9.6,0.0,0.0,0.2,84.2
1747229299081,5.7,0.0,9.8,0.0,0.0,0.1,84.5
1747229301094,5.5,0.0,9.5,0.0,0.0,0.3,84.8
1747229303106,6.3,0.0,9.3,0.0,0.0,0.1,84.3
1747229305118,5.7,0.0,11.8,0.0,0.0,0.3,82.2
1747229307130,6.9,0.0,10.4,0.0,0.0,0.2,82.5
1747229309141,6.7,0.0,11.2,0.0,0.0,0.0,82.1
1747229311151,5.6,0.0,11.2,0.0,0.0,0.3,82.9
1747229313162,5.8,0.0,11.8,0.0,0.0,0.1,82.2
1747229315173,6.0,0.0,11.4,0.0,0.0,0.3,82.2
1747229317185,6.6,0.0,11.3,0.0,0.0,0.0,82.0
1747229319196,6.1,0.0,11.8,0.0,0.0,0.1,82.1
1747229321205,5.8,0.0,11.2,0.0,0.0,0.3,82.7
1747229323214,6.0,0.0,10.9,0.0,0.0,0.0,83.0
1747229325225,6.3,0.0,10.4,0.0,0.0,0.3,83.0
1747229327237,6.3,0.0,11.9,0.0,0.0,0.1,81.7
1747229329248,6.2,0.0,10.7,0.0,0.0,0.1,83.0
1747229331257,5.8,0.0,11.0,0.0,0.0,0.3,82.8
1747229333266,6.2,0.0,10.6,0.0,0.0,0.1,83.1
1747229335277,6.2,0.0,10.9,0.0,0.0,0.2,82.7
1747229337287,6.5,0.0,10.6,0.0,0.0,0.1,82.8
1747229339299,6.2,0.0,11.5,0.0,0.0,0.1,82.3
1747229341309,5.6,0.0,11.7,0.0,0.0,0.1,82.6
1747229343318,6.3,0.0,11.4,0.0,0.0,0.1,82.2
1747229345330,7.0,0.0,10.5,0.0,0.0,0.0,82.4
1747229347339,6.5,0.0,11.0,0.0,0.0,0.1,82.4
1747229349348,6.5,0.0,10.9,0.0,0.0,0.2,82.4
1747229351358,6.7,0.0,11.2,0.0,0.0,0.4,81.7
1747229353372,9.8,0.0,13.1,0.0,0.0,0.1,77.0
1747229355404,7.8,0.0,12.7,0.0,0.0,0.2,79.3
1747229357426,8.3,0.0,12.7,0.0,0.0,0.2,78.9
1747229359446,9.0,0.0,12.5,0.0,0.0,0.1,78.4
1747229361458,0.0,0.0,0.0,0.0,0.0,0.0,0.0
1747229363471,8.2,0.0,12.5,0.0,0.0,0.2,79.1
1747229365483,8.1,0.0,12.9,0.0,0.0,0.1,78.9
1747229367496,8.8,0.0,11.9,0.0,0.0,0.2,79.2
1747229369511,8.2,0.0,13.5,0.0,0.0,0.0,78.2
1747229371525,6.6,0.0,9.3,0.0,0.0,0.2,83.9
1747229373533,6.3,0.0,9.9,0.0,0.0,0.2,83.6
1747229375542,6.2,0.0,9.8,0.0,0.0,0.1,83.9
1747229377552,6.9,0.0,10.2,0.0,0.0,0.1,82.8
1747229379565,7.2,0.0,10.2,0.0,0.0,0.2,82.5
1747229381576,6.9,0.0,10.6,0.0,0.0,0.2,82.3
1747229383587,6.9,0.0,10.4,0.0,0.0,0.2,82.5
1747229385598,6.8,0.0,11.6,0.0,0.0,0.1,81.4
1747229387608,7.4,0.0,10.9,0.0,0.0,0.0,81.7
1747229389620,6.4,0.0,11.6,0.0,0.0,0.0,82.0
1747229391632,7.0,0.0,11.2,0.0,0.0,0.2,81.6
1747229393643,7.1,0.0,11.6,0.0,0.0,0.1,81.2
1747229395654,6.2,0.0,11.3,0.0,0.0,0.1,82.4
1747229397665,7.0,0.0,10.7,0.0,0.0,0.2,82.0
1747229399676,6.5,0.0,11.8,0.0,0.0,0.1,81.6
1747229401687,7.2,0.0,11.8,0.0,0.0,0.2,80.9
1747229403698,6.5,0.0,11.9,0.0,0.0,0.2,81.5
1747229405708,6.7,0.0,12.1,0.0,0.0,0.1,81.0
1747229407719,6.7,0.0,11.7,0.0,0.0,0.1,81.5
1747229409731,6.4,0.0,12.4,0.0,0.0,0.2,81.0
1747229411741,7.0,0.0,10.9,0.0,0.0,0.2,81.8
1747229413751,6.4,0.0,12.3,0.0,0.0,0.2,81.1
1747229415762,6.5,0.0,12.2,0.0,0.0,0.1,81.3
1747229417772,6.5,0.0,12.1,0.0,0.0,0.1,81.3
1747229419782,6.3,0.0,12.2,0.0,0.0,0.2,81.3
1747229421793,6.8,0.0,13.1,0.0,0.0,0.2,79.9
1747229423805,5.9,0.0,12.8,0.0,0.0,0.2,81.1
1747229425816,6.4,0.0,12.9,0.0,0.0,0.3,80.4
1747229427826,7.0,0.0,12.1,0.0,0.0,0.4,80.4
1747229429842,6.1,0.0,11.2,0.0,0.0,0.1,82.7
1747229431858,5.4,0.0,11.9,0.0,0.0,0.1,82.6
1747229433869,6.9,0.0,11.1,0.0,0.0,0.1,82.0
1747229435881,7.4,0.0,10.3,0.0,0.0,0.2,82.2
1747229437893,6.1,0.0,10.9,0.0,0.0,0.0,83.0
1747229439903,6.4,0.0,11.5,0.0,0.0,0.0,82.1
1747229441914,6.2,0.0,10.9,0.0,0.0,0.2,82.8
1747229443928,6.6,0.0,10.6,0.0,0.0,0.3,82.6
1747229445976,8.1,0.0,14.3,0.0,0.0,0.1,77.5
1747229447988,8.5,0.0,13.0,0.0,0.0,0.0,78.4
1747229450000,9.1,0.0,12.7,0.0,0.0,0.1,78.1
1747229452012,0.0,0.0,0.0,0.0,0.0,0.0,0.0
1747229454024,8.8,0.0,13.3,0.0,0.0,0.2,77.8
1747229456035,8.9,0.0,13.3,0.0,0.0,0.2,77.6
1747229458047,8.9,0.0,13.2,0.0,0.0,0.1,77.8
1747229460059,8.9,0.0,13.7,0.0,0.0,0.2,77.1
1747229462071,8.0,0.0,11.0,0.0,0.0,0.1,80.9
1747229464080,8.2,0.0,12.9,0.0,0.0,0.2,78.7
1747229466092,8.6,0.0,12.2,0.0,0.0,0.2,79.0
1747229468103,8.4,0.0,13.8,0.0,0.0,0.1,77.7
1747229470113,6.6,0.0,9.8,0.0,0.0,0.1,83.5
1747229472124,6.1,0.0,9.6,0.0,0.0,0.1,84.2
1747229474135,6.2,0.0,9.7,0.0,0.0,0.1,84.0
1747229476146,5.9,0.0,10.6,0.0,0.0,0.1,83.4
1747229478158,7.3,0.0,10.1,0.0,0.0,0.1,82.5
1747229480169,6.3,0.0,10.4,0.0,0.0,0.0,83.2
1747229482180,6.2,0.0,11.0,0.0,0.0,0.1,82.7
1747229484189,6.7,0.0,10.7,0.0,0.0,0.2,82.4
1747229486202,0.2,0.0,0.3,0.0,0.0,0.0,99.5
1747229488213,7.1,0.0,11.3,0.0,0.0,0.0,81.6
1747229490224,7.3,0.0,12.2,0.0,0.0,0.1,80.4
1747229492234,7.0,0.0,12.3,0.0,0.0,0.0,80.7
1747229494242,0.2,0.0,0.2,0.0,0.0,0.0,99.6
1747229496253,6.9,0.0,11.2,0.0,0.0,0.1,81.8
1747229498265,6.2,0.0,12.3,0.0,0.0,0.1,81.4
1747229500275,6.7,0.0,12.3,0.0,0.0,0.0,80.9
1747229502285,7.3,0.0,11.7,0.0,0.0,0.1,80.9
1747229504293,6.8,0.0,11.8,0.0,0.0,0.1,81.2
1747229506306,6.5,0.0,11.2,0.0,0.0,0.1,82.2
1747229508323,6.5,0.0,12.0,0.0,0.0,0.1,81.4
1747229510338,6.9,0.0,11.9,0.0,0.0,0.0,81.2
1747229512350,6.2,0.0,11.9,0.0,0.0,0.0,81.8
1747229514366,6.6,0.0,11.9,0.0,0.0,0.1,81.3
1747229516377,7.7,0.0,12.7,0.0,0.0,0.1,79.5
1747229518388,8.1,0.0,12.2,0.0,0.0,0.0,79.7
1747229520400,6.4,0.0,11.8,0.0,0.0,0.1,81.8
1747229522411,6.4,0.0,11.7,0.0,0.0,0.1,81.8
1747229524422,6.9,0.0,11.9,0.0,0.0,0.1,81.1
1747229526432,7.5,0.0,11.9,0.0,0.0,0.2,80.5
1747229528444,6.8,0.0,12.4,0.0,0.0,0.0,80.7
1747229530455,6.2,0.0,13.8,0.0,0.0,0.1,79.9
1747229532466,7.0,0.0,12.7,0.0,0.0,0.0,80.2
1747229534477,7.4,0.0,12.2,0.0,0.0,0.1,80.4
1747229536488,6.7,0.0,12.3,0.0,0.0,0.2,80.8
1747229538499,6.9,0.0,12.6,0.0,0.0,0.1,80.4
1747229540509,6.7,0.0,13.0,0.0,0.0,0.0,80.3
1747229542520,7.7,0.0,11.3,0.0,0.0,0.0,80.9
1747229544531,6.4,0.0,12.3,0.0,0.0,0.1,81.1
1747229546541,6.8,0.0,11.4,0.0,0.0,0.2,81.6
1747229548552,6.8,0.0,11.8,0.0,0.0,0.1,81.4
1747229550560,6.9,0.0,11.1,0.0,0.0,0.0,81.9
1747229552569,6.2,0.0,11.6,0.0,0.0,0.1,82.2
1747229554578,6.2,0.0,11.8,0.0,0.0,0.0,82.0
1747229556588,6.2,0.0,11.8,0.0,0.0,0.1,81.8
1747229558600,6.6,0.0,11.8,0.0,0.0,0.1,81.5
1747229560610,6.4,0.0,12.1,0.0,0.0,0.0,81.5
1747229562621,7.2,0.0,12.0,0.0,0.0,0.1,80.7
1747229564631,7.5,0.0,12.1,0.0,0.0,0.0,80.4
1747229566642,8.8,0.0,13.4,0.0,0.0,0.1,77.7
1747229568655,6.1,0.0,11.0,0.0,0.0,0.1,82.9
1747229570662,6.5,0.0,11.2,0.0,0.0,0.1,82.3
1747229572671,7.1,0.0,11.4,0.0,0.0,0.1,81.4
1747229574683,7.5,0.0,11.2,0.0,0.0,0.1,81.2
1747229576692,5.9,0.0,11.3,0.0,0.0,0.1,82.7
1747229578708,6.5,0.0,10.3,0.0,0.0,0.1,83.1
1747229580719,6.6,0.0,11.1,0.0,0.0,0.1,82.3
1747229582743,7.2,0.0,11.3,0.0,0.0,0.0,81.4
1747229584755,6.6,0.0,11.6,0.0,0.0,0.0,81.8
1747229586764,7.2,0.0,12.1,0.0,0.0,0.1,80.6
1747229588773,7.7,0.0,12.1,0.0,0.0,0.2,80.1
1747229590783,8.1,0.0,12.3,0.0,0.0,0.1,79.5
1747229592793,7.6,0.0,11.4,0.0,0.0,0.0,81.0
1747229594804,7.0,0.0,11.5,0.0,0.0,0.1,81.4
1747229596815,7.3,0.0,12.1,0.0,0.0,0.0,80.5
1747229598825,7.8,0.0,11.9,0.0,0.0,0.1,80.2
1747229600835,10.6,0.0,15.8,0.0,0.0,0.0,73.6
1747229602846,10.0,0.0,15.2,0.0,0.0,0.1,74.6
1747229604858,10.1,0.0,15.2,0.0,0.0,0.1,74.6
1747229606871,0.0,0.0,0.0,0.0,0.0,0.0,0.0
1747229608880,9.3,0.0,15.3,0.0,0.0,0.1,75.3
1747229610890,9.3,0.0,15.8,0.0,0.0,0.1,74.8
1747229612902,9.6,0.0,14.1,0.0,0.0,0.1,76.1
1747229614919,9.6,0.0,15.1,0.0,0.0,0.0,75.3
1747229616930,9.2,0.0,13.8,0.0,0.0,0.1,76.9
1747229618941,9.3,0.0,14.2,0.0,0.0,0.0,76.4
1747229620952,9.1,0.0,14.0,0.0,0.0,0.1,76.7
1747229622964,9.8,0.0,13.9,0.0,0.0,0.1,76.1
1747229624975,6.7,0.0,10.1,0.0,0.0,0.2,83.0
1747229626985,6.5,0.0,10.8,0.0,0.0,0.1,82.7
1747229628995,6.1,0.0,11.2,0.0,0.0,0.1,82.7
1747229631006,6.9,0.0,11.1,0.0,0.0,0.2,81.9
1747229633017,6.5,0.0,11.1,0.0,0.0,0.1,82.3
1747229635026,6.3,0.0,11.6,0.0,0.0,0.1,82.0
1747229637036,6.2,0.0,11.2,0.0,0.0,0.0,82.6
1747229639043,6.8,0.0,12.7,0.0,0.0,0.1,80.4
1747229641052,6.6,0.0,12.0,0.0,0.0,0.0,81.3
1747229643060,7.7,0.0,12.1,0.0,0.0,0.1,80.2
1747229645067,6.2,0.0,13.1,0.0,0.0,0.1,80.5
1747229647076,7.0,0.0,11.7,0.0,0.0,0.1,81.2
1747229649093,6.9,0.0,11.6,0.0,0.0,0.1,81.4
1747229651107,7.0,0.0,11.3,0.0,0.0,0.2,81.4
1747229653120,7.2,0.0,11.6,0.0,0.0,0.1,81.0
1747229655128,6.7,0.0,12.5,0.0,0.0,0.1,80.7
1747229657138,7.5,0.0,12.1,0.0,0.0,0.1,80.3
1747229659149,6.7,0.0,11.8,0.0,0.0,0.0,81.5
1747229661160,6.2,0.0,12.2,0.0,0.0,0.2,81.4
1747229663170,7.1,0.0,12.4,0.0,0.0,0.0,80.4
1747229665179,7.5,0.0,11.8,0.0,0.0,0.1,80.7
1747229667191,7.3,0.0,12.9,0.0,0.0,0.1,79.6
1747229669202,7.4,0.0,12.2,0.0,0.0,0.2,80.2
1747229671213,7.4,0.0,13.3,0.0,0.0,0.1,79.1
1747229673223,7.9,0.0,11.6,0.0,0.0,0.1,80.4
1747229675240,6.7,0.0,12.2,0.0,0.0,0.1,81.0
1747229677249,7.5,0.0,12.0,0.0,0.0,0.1,80.4
1747229679260,7.3,0.0,13.2,0.0,0.0,0.1,79.4
1747229681270,7.2,0.0,13.2,0.0,0.0,0.1,79.5
1747229683280,6.6,0.0,12.6,0.0,0.0,0.0,80.7
1747229685290,7.0,0.0,11.7,0.0,0.0,0.1,81.2
1747229687300,6.9,0.0,12.7,0.0,0.0,0.0,80.3
1747229689309,7.9,0.0,12.2,0.0,0.0,0.1,79.7
1747229691321,7.7,0.0,12.3,0.0,0.0,0.0,79.9
1747229693332,7.7,0.0,12.6,0.0,0.0,0.1,79.6
1747229695341,7.3,0.0,13.0,0.0,0.0,0.0,79.6
1747229697350,7.6,0.0,12.0,0.0,0.0,0.1,80.3
1747229699357,7.0,0.0,12.7,0.0,0.0,0.1,80.1
1747229701367,6.5,0.0,13.2,0.0,0.0,0.2,80.1
1747229703378,7.5,0.0,13.0,0.0,0.0,0.0,79.5
1747229705389,8.1,0.0,11.9,0.0,0.0,0.1,79.9
1747229707399,7.3,0.0,12.3,0.0,0.0,0.0,80.4
1747229709409,7.2,0.0,13.0,0.0,0.0,0.1,79.7
1747229711420,7.2,0.0,13.2,0.0,0.0,0.0,79.5
1747229713430,7.3,0.0,12.8,0.0,0.0,0.1,79.8
1747229715440,6.6,0.0,13.0,0.0,0.0,0.1,80.3
1747229717466,6.5,0.0,12.2,0.0,0.0,0.0,81.2
1747229719494,7.8,0.0,12.8,0.0,0.0,0.0,79.4
1747229721510,6.8,0.0,12.1,0.0,0.0,0.3,80.7
1747229723531,6.4,0.0,11.8,0.0,0.0,0.0,81.7
1747229725547,6.7,0.0,13.2,0.0,0.0,0.1,80.0
1747229727557,6.6,0.0,12.8,0.0,0.0,0.1,80.5
1747229729567,7.8,0.0,11.6,0.0,0.0,0.1,80.5
1747229731580,6.8,0.0,11.5,0.0,0.0,0.2,81.5
1747229733591,7.1,0.0,11.6,0.0,0.0,0.1,81.2
1747229735603,6.8,0.0,12.7,0.0,0.0,0.1,80.4
1747229737614,7.9,0.0,12.4,0.0,0.0,0.0,79.7
1747229739625,7.0,0.0,12.2,0.0,0.0,0.0,80.8
1747229741635,7.1,0.0,11.7,0.0,0.0,0.0,81.2
1747229743644,7.1,0.0,13.3,0.0,0.0,0.1,79.5
1747229745656,8.0,0.0,12.4,0.0,0.0,0.1,79.5
1747229747666,7.1,0.0,11.9,0.0,0.0,0.0,81.0
1747229749677,7.3,0.0,11.4,0.0,0.0,0.0,81.2
1747229751688,6.8,0.0,12.0,0.0,0.0,0.2,81.0
1747229753699,8.4,0.0,12.0,0.0,0.0,0.0,79.5
1747229755709,6.3,0.0,13.2,0.0,0.0,0.0,80.4
1747229757719,6.1,0.0,12.7,0.0,0.0,0.1,81.1
1747229759728,6.5,0.0,12.8,0.0,0.0,0.1,80.7
1747229761739,7.7,0.0,12.3,0.0,0.0,0.1,79.9
1747229763750,6.7,0.0,12.8,0.0,0.0,0.1,80.4
1747229765760,7.5,0.0,13.0,0.0,0.0,0.1,79.3
1747229767771,7.8,0.0,13.5,0.0,0.0,0.1,78.7
1747229769782,8.2,0.0,11.8,0.0,0.0,0.2,79.8
1747229771791,7.0,0.0,11.8,0.0,0.0,0.2,80.9
1747229773800,6.4,0.0,12.2,0.0,0.0,0.0,81.4
1747229775810,6.3,0.0,13.0,0.0,0.0,0.2,80.5
1747229777820,0.0,0.0,0.0,0.0,0.0,0.0,0.0
1747229779832,8.1,0.0,13.9,0.0,0.0,0.1,77.9
1747229781854,10.0,0.0,15.5,0.0,0.0,0.3,74.2
1747229783868,10.2,0.0,15.8,0.0,0.0,0.0,74.0
1747229785882,11.0,0.0,16.7,0.0,0.0,0.2,72.1
1747229787895,9.6,0.0,13.7,0.0,0.0,0.2,76.5
1747229789927,9.6,0.0,14.9,0.0,0.0,0.0,75.4
1747229791940,9.5,0.0,15.4,0.0,0.0,0.0,75.1
1747229793953,9.8,0.0,16.1,0.0,0.0,0.0,74.0
1747229795965,9.7,0.0,14.0,0.0,0.0,0.2,76.0
1747229797976,9.9,0.0,13.8,0.0,0.0,0.1,76.1
1747229799987,9.2,0.0,15.3,0.0,0.0,0.1,75.5
1747229801999,9.8,0.0,15.5,0.0,0.0,0.2,74.5
1747229804010,0.2,0.0,0.3,0.0,0.0,0.0,99.5
1747229806021,6.8,0.0,11.3,0.0,0.0,0.1,81.8
1747229808031,7.0,0.0,11.9,0.0,0.0,0.0,81.1
1747229810041,7.2,0.0,11.7,0.0,0.0,0.0,81.0
1747229812051,0.2,0.0,0.2,0.0,0.0,0.0,99.6
1747229814062,6.9,0.0,11.7,0.0,0.0,0.1,81.2
1747229816073,7.4,0.0,11.9,0.0,0.0,0.2,80.5
1747229818084,6.9,0.0,12.2,0.0,0.0,0.0,80.8
1747229820095,8.2,0.0,12.4,0.0,0.0,0.1,79.3
1747229822106,7.3,0.0,11.5,0.0,0.0,0.1,81.1
1747229824117,6.9,0.0,12.4,0.0,0.0,0.0,80.7
1747229826126,7.0,0.0,12.2,0.0,0.0,0.2,80.5
1747229828137,8.3,0.0,11.4,0.0,0.0,0.1,80.2
1747229830148,7.0,0.0,12.9,0.0,0.0,0.1,80.0
1747229832158,6.7,0.0,12.3,0.0,0.0,0.1,80.8
1747229834167,6.9,0.0,13.2,0.0,0.0,0.1,79.8
1747229836178,7.3,0.0,12.2,0.0,0.0,0.1,80.3
1747229838189,6.3,0.0,13.5,0.0,0.0,0.1,80.1
1747229840199,6.4,0.0,12.9,0.0,0.0,0.1,80.7
1747229842208,6.1,0.0,11.6,0.0,0.0,0.0,82.2
1747229844228,0.0,0.0,0.0,0.0,0.0,0.0,0.0
1747229846243,9.5,0.0,13.9,0.0,0.0,0.0,76.6
1747229848271,9.8,0.0,14.3,0.0,0.0,0.0,75.9
1747229850283,10.2,0.0,14.3,0.0,0.0,0.0,75.5
1747229852296,10.5,0.0,14.8,0.0,0.0,0.1,74.6
1747229854307,9.6,0.0,14.4,0.0,0.0,0.0,75.9
1747229856318,9.6,0.0,14.0,0.0,0.0,0.1,76.2
1747229858331,9.9,0.0,14.8,0.0,0.0,0.1,75.2
1747229860347,9.7,0.0,15.2,0.0,0.0,0.2,75.0
1747229862360,0.0,0.0,0.0,0.0,0.0,0.0,0.0
1747229864372,9.2,0.0,13.7,0.0,0.0,0.1,77.0
1747229866385,9.4,0.0,13.6,0.0,0.0,0.1,77.0
1747229868397,9.1,0.0,14.2,0.0,0.0,0.1,76.7
1747229870408,0.0,0.0,0.0,0.0,0.0,0.0,99.9
1747229872420,7.1,0.0,11.5,0.0,0.0,0.1,81.3
1747229874431,6.5,0.0,12.3,0.0,0.0,0.1,81.0
1747229876442,6.6,0.0,12.2,0.0,0.0,0.0,81.2
1747229878453,0.2,0.0,0.3,0.0,0.0,0.0,99.6
1747229880464,6.9,0.0,12.3,0.0,0.0,0.1,80.7
1747229882475,6.5,0.0,12.0,0.0,0.0,0.1,81.4
1747229884486,6.6,0.0,12.7,0.0,0.0,0.1,80.5
1747229886495,0.2,0.0,0.3,0.0,0.0,0.0,99.5
1747229888507,6.6,0.0,12.8,0.0,0.0,0.1,80.5
1747229890517,7.1,0.0,11.9,0.0,0.0,0.0,80.9
1747229892527,7.4,0.0,11.9,0.0,0.0,0.0,80.7
1747229894536,7.0,0.0,13.4,0.0,0.0,0.0,79.5
1747229896545,7.5,0.0,12.7,0.0,0.0,0.1,79.7
1747229898555,7.2,0.0,13.7,0.0,0.0,0.1,78.9
1747229900565,7.3,0.0,13.2,0.0,0.0,0.0,79.4
1747229902575,7.1,0.0,13.1,0.0,0.0,0.1,79.7
1747229904586,7.0,0.0,13.7,0.0,0.0,0.1,79.2
1747229906604,6.8,0.0,13.3,0.1,0.0,0.1,79.7
1747229908615,7.5,0.0,13.6,0.0,0.0,0.0,78.9
1747229910629,7.5,0.0,13.1,0.0,0.0,0.1,79.4
1747229912640,11.3,0.0,15.1,0.0,0.0,0.1,73.5
1747229914652,11.7,0.0,16.3,0.0,0.0,0.1,71.9
1747229916664,10.8,0.0,16.7,0.0,0.0,0.1,72.5
1747229918677,11.3,0.0,17.6,0.0,0.0,0.2,71.0
1747229920690,0.0,0.0,0.0,0.0,0.0,0.0,0.0
1747229922702,10.5,0.0,14.8,0.0,0.0,0.1,74.7
1747229924720,9.8,0.0,15.5,0.0,0.0,0.2,74.5
1747229926735,10.3,0.0,15.8,0.0,0.0,0.2,73.7
1747229928751,0.0,0.0,0.0,0.0,0.0,0.0,0.0
1747229930763,10.1,0.0,15.6,0.0,0.0,0.1,74.2
1747229932775,9.6,0.0,15.5,0.0,0.0,0.1,74.8
1747229934789,9.9,0.0,14.8,0.0,0.0,0.1,75.2
1747229936804,0.1,0.0,0.1,0.0,0.0,0.0,99.7
1747229938815,7.1,0.0,12.2,0.0,0.0,0.1,80.5
1747229940827,7.3,0.0,12.9,0.0,0.0,0.1,79.7
1747229942839,7.3,0.0,12.0,0.0,0.0,0.0,80.6
1747229944850,0.1,0.0,0.2,0.0,0.0,0.0,99.7
1747229946860,7.3,0.0,13.2,0.0,0.0,0.2,79.4
1747229948872,7.6,0.0,13.4,0.0,0.0,0.1,78.9
1747229950883,6.8,0.0,13.8,0.0,0.0,0.1,79.3
1747229952894,7.2,0.0,12.5,0.0,0.0,0.1,80.2
1747229954905,6.6,0.0,13.3,0.0,0.0,0.1,79.9
1747229956915,7.0,0.0,12.6,0.0,0.0,0.1,80.4
1747229958924,7.4,0.0,12.8,0.0,0.0,0.1,79.8
1747229960935,7.8,0.0,13.3,0.0,0.0,0.0,78.9
1747229962944,6.8,0.0,13.2,0.0,0.0,0.0,80.0
1747229964954,7.2,0.0,13.2,0.0,0.0,0.1,79.4
1747229966963,7.6,0.0,12.7,0.0,0.0,0.1,79.6
1747229968976,7.2,0.0,13.8,0.0,0.0,0.0,79.0
1747229970989,10.4,0.0,15.5,0.0,0.0,0.1,73.9
1747229973035,10.8,0.0,16.2,0.0,0.0,0.0,72.9
1747229975049,10.7,0.0,16.6,0.0,0.0,0.0,72.7
1747229977061,10.8,0.0,18.2,0.0,0.0,0.0,71.0
1747229979075,0.0,0.0,0.0,0.0,0.0,0.0,0.0
1747229981086,10.8,0.0,15.7,0.0,0.0,0.1,73.3
1747229983097,11.1,0.0,15.6,0.0,0.0,0.1,73.3
1747229985108,11.1,0.0,16.2,0.0,0.0,0.1,72.5
1747229987120,0.0,0.0,0.0,0.0,0.0,0.0,0.0
1747229989131,9.7,0.0,15.2,0.0,0.0,0.0,75.0
1747229991144,9.9,0.0,14.8,0.0,0.0,0.1,75.2
1747229993159,9.7,0.0,14.5,0.0,0.0,0.0,75.8
1747229995174,0.2,0.0,0.3,0.0,0.0,0.0,99.4
1747229997185,6.6,0.0,11.4,0.0,0.0,0.2,81.9
1747229999196,6.6,0.0,11.2,0.0,0.0,0.2,82.1
1747230001207,6.9,0.0,12.0,0.0,0.0,0.1,80.9
1747230003218,0.1,0.0,0.3,0.0,0.0,0.0,99.6
1747230005228,7.0,0.0,13.2,0.0,0.0,0.1,79.8
1747230007238,7.9,0.0,14.0,0.0,0.0,0.1,78.0
1747230009247,7.1,0.0,13.5,0.0,0.0,0.1,79.3
1747230011257,7.5,0.0,13.4,0.0,0.0,0.1,79.1
1747230013267,7.2,0.0,12.2,0.0,0.0,0.1,80.6
1747230015277,7.2,0.0,12.0,0.0,0.0,0.1,80.7
1747230017287,6.5,0.0,12.9,0.0,0.0,0.1,80.5
1747230019305,6.8,0.0,12.1,0.0,0.0,0.1,81.0
1747230021324,6.4,0.0,12.5,0.0,0.0,0.2,80.9
1747230023334,6.4,0.0,12.4,0.0,0.0,0.1,81.1
1747230025350,6.5,0.0,12.5,0.0,0.0,0.0,80.9
1747230027361,7.0,0.0,13.4,0.0,0.0,0.1,79.5
1747230029371,7.7,0.0,13.4,0.0,0.0,0.1,78.8
1747230031381,6.8,0.0,13.4,0.0,0.0,0.1,79.7
1747230033392,6.9,0.0,13.5,0.0,0.0,0.1,79.5
1747230035403,7.0,0.0,11.9,0.0,0.0,0.0,81.0
1747230037414,6.5,0.0,12.4,0.0,0.0,0.0,81.1
1747230039426,7.3,0.0,13.1,0.0,0.0,0.0,79.6
1747230041437,6.7,0.0,14.0,0.0,0.0,0.2,79.1
1747230043448,7.2,0.0,12.6,0.0,0.0,0.1,80.1
1747230045459,10.0,0.0,15.4,0.0,0.0,0.0,74.5
1747230047470,11.3,0.0,16.0,0.0,0.0,0.1,72.6
1747230049480,10.5,0.0,16.0,0.0,0.0,0.0,73.4
1747230051494,10.7,0.0,17.0,0.0,0.0,0.2,72.2
1747230053506,8.1,0.0,11.2,0.0,0.0,0.2,80.6
1747230055517,9.9,0.0,15.3,0.0,0.0,0.1,74.7
1747230057529,10.1,0.0,15.2,0.0,0.0,0.1,74.6
1747230059543,9.9,0.0,15.8,0.0,0.0,0.1,74.2
1747230061555,0.0,0.0,0.0,0.0,0.0,0.0,0.0
1747230063567,9.8,0.0,15.4,0.0,0.0,0.0,74.8
1747230065579,9.5,0.0,15.8,0.0,0.0,0.0,74.6
1747230067590,9.8,0.0,15.8,0.0,0.0,0.0,74.4
1747230069601,0.0,0.0,0.0,0.0,0.0,0.0,0.0
1747230071612,9.6,0.0,14.9,0.0,0.0,0.2,75.3
1747230073624,8.4,0.0,14.6,0.0,0.0,0.1,77.0
1747230075642,8.9,0.0,13.8,0.0,0.0,0.1,77.2
1747230077658,8.7,0.0,14.4,0.0,0.0,0.1,76.8
1747230079670,6.6,0.0,10.7,0.0,0.0,0.1,82.6
1747230081677,6.3,0.0,11.8,0.0,0.0,0.2,81.7
1747230083686,6.0,0.0,12.3,0.0,0.0,0.1,81.6
1747230085696,7.2,0.0,11.8,0.0,0.0,0.1,81.0
1747230087705,7.1,0.0,11.8,0.0,0.0,0.1,81.0
1747230089716,7.0,0.0,12.2,0.0,0.0,0.1,80.8
1747230091727,7.0,0.0,12.8,0.0,0.0,0.2,79.9
1747230093736,7.5,0.0,12.5,0.0,0.0,0.1,79.9
1747230095747,7.7,0.0,12.6,0.0,0.0,0.2,79.5
1747230097755,7.1,0.0,12.3,0.0,0.0,0.2,80.4
1747230099765,6.8,0.0,12.8,0.0,0.0,0.1,80.3
1747230101777,6.6,0.0,13.4,0.0,0.0,0.2,79.8
1747230103788,7.6,0.0,13.3,0.0,0.0,0.1,78.9
1747230105799,6.5,0.0,13.7,0.0,0.0,0.1,79.8
1747230107809,7.6,0.0,12.9,0.0,0.0,0.1,79.4
1747230109819,7.4,0.0,12.7,0.0,0.0,0.0,79.9
1747230111829,0.2,0.0,0.3,0.0,0.0,0.0,99.5
1747230113840,7.3,0.0,12.5,0.0,0.0,0.2,80.0
1747230115851,7.9,0.0,13.3,0.0,0.0,0.2,78.6
1747230117859,7.6,0.0,13.6,0.0,0.0,0.1,78.7
1747230119871,0.2,0.0,0.3,0.0,0.0,0.0,99.6
1747230121882,8.6,0.0,14.5,0.0,0.0,0.5,76.5
1747230123892,7.6,0.0,13.9,0.0,0.0,0.3,78.1
1747230125903,7.9,0.0,14.0,0.0,0.0,0.1,78.0
1747230127914,8.8,0.0,14.2,0.0,0.0,0.2,76.8
1747230129924,8.4,0.0,13.9,0.0,0.0,0.1,77.6
1747230131935,7.8,0.0,14.1,0.0,0.0,0.2,77.8
1747230133947,8.0,0.0,14.0,0.0,0.0,0.1,77.9
1747230135958,9.4,0.0,13.8,0.0,0.0,0.1,76.7
1747230137968,8.4,0.0,14.8,0.0,0.0,0.2,76.7
1747230139979,7.3,0.0,14.0,0.0,0.0,0.1,78.5
1747230141992,7.8,0.0,13.9,0.0,0.0,0.3,78.0
1747230144002,8.7,0.0,14.0,0.0,0.0,0.0,77.3
1747230146012,7.4,0.0,13.9,0.0,0.0,0.1,78.6
1747230148022,8.4,0.0,13.9,0.0,0.0,0.1,77.7
1747230150033,7.6,0.0,13.7,0.1,0.0,0.1,78.6
1747230152044,8.7,0.0,13.9,0.0,0.0,0.1,77.4
1747230154054,7.8,0.0,13.1,0.0,0.0,0.1,79.0
1747230156064,7.9,0.0,13.0,0.0,0.0,0.1,79.0
1747230158075,8.0,0.0,13.3,0.0,0.0,0.1,78.6
1747230160086,8.4,0.0,13.3,0.0,0.0,0.1,78.2
1747230162097,7.6,0.0,14.1,0.0,0.0,0.2,78.0
1747230164108,7.6,0.0,14.2,0.0,0.0,0.1,78.1
1747230166119,8.1,0.0,14.0,0.0,0.0,0.1,77.7
1747230168128,8.2,0.0,14.5,0.0,0.0,0.1,77.2
1747230170138,8.7,0.0,12.8,0.1,0.0,0.1,78.4
1747230172150,7.6,0.0,14.1,0.0,0.0,0.1,78.2
1747230174161,8.7,0.0,13.8,0.0,0.0,0.1,77.4
1747230176172,8.9,0.0,13.4,0.0,0.0,0.1,77.7
1747230178182,8.0,0.0,14.1,0.0,0.0,0.1,77.9
1747230180193,7.6,0.0,14.4,0.0,0.0,0.1,77.9
1747230182203,7.7,0.0,14.5,0.0,0.0,0.1,77.6
1747230184213,8.3,0.0,13.8,0.0,0.0,0.1,77.8
1747230186224,7.3,0.0,13.5,0.0,0.0,0.1,79.0
1747230188234,6.9,0.0,13.8,0.0,0.0,0.1,79.1
1747230190246,7.9,0.0,13.5,0.0,0.0,0.2,78.4
1747230192256,8.1,0.0,14.8,0.0,0.0,0.2,76.9
1747230194266,7.2,0.0,14.3,0.0,0.0,0.1,78.4
1747230196277,7.6,0.0,14.0,0.0,0.0,0.3,78.1
1747230198288,7.5,0.0,14.6,0.0,0.0,0.1,77.7
1747230200298,9.2,0.0,13.9,0.0,0.0,0.2,76.7
1747230202309,7.5,0.0,14.2,0.0,0.0,0.1,78.2
1747230204320,7.9,0.0,13.5,0.0,0.0,0.1,78.5
1747230206330,7.7,0.0,13.9,0.1,0.0,0.2,78.2
1747230208338,8.9,0.0,13.0,0.0,0.0,0.1,78.0
1747230210347,7.9,0.0,13.2,0.0,0.0,0.2,78.7
1747230212358,7.4,0.0,13.7,0.0,0.0,0.2,78.7
1747230214370,7.4,0.0,13.8,0.0,0.0,0.1,78.7
1747230216381,0.0,0.0,0.0,0.0,0.0,0.0,0.0
1747230218390,11.4,0.0,18.0,0.0,0.0,0.0,70.5
1747230220403,11.5,0.0,17.7,0.0,0.0,0.1,70.7
1747230222415,12.4,0.0,17.6,0.0,0.0,0.1,69.9
1747230224429,11.8,0.0,17.1,0.0,0.0,0.1,71.0
1747230226441,11.3,0.0,16.0,0.0,0.0,0.2,72.5
1747230228454,11.3,0.0,17.4,0.0,0.0,0.0,71.2
1747230230465,12.1,0.0,16.9,0.0,0.0,0.1,70.9
1747230232477,11.7,0.0,17.1,0.0,0.0,0.1,71.0
1747230234489,11.0,0.0,16.2,0.0,0.0,0.0,72.8
1747230236499,11.1,0.0,16.3,0.0,0.0,0.1,72.4
1747230238511,10.0,0.0,16.9,0.0,0.0,0.1,73.0
1747230240524,11.6,0.0,17.0,0.0,0.0,0.1,71.4
1747230242538,8.3,0.0,12.9,0.0,0.0,0.2,78.7
1747230244546,7.8,0.0,12.7,0.0,0.0,0.1,79.3
1747230246556,7.1,0.0,12.8,0.0,0.0,0.1,80.0
1747230248572,7.2,0.0,12.9,0.0,0.0,0.2,79.8
1747230250587,8.4,0.0,12.5,0.0,0.0,0.2,79.0
1747230252598,7.3,0.0,13.4,0.0,0.0,0.1,79.1
1747230254609,7.4,0.0,14.2,0.0,0.0,0.1,78.3
1747230256620,8.0,0.0,14.2,0.0,0.0,0.1,77.7
1747230258629,7.8,0.0,13.5,0.0,0.0,0.1,78.6
1747230260637,7.3,0.0,13.7,0.0,0.0,0.1,79.0
1747230262646,7.4,0.0,14.0,0.0,0.0,0.2,78.5
1747230264658,8.5,0.0,14.4,0.0,0.0,0.1,77.0
1747230266669,8.7,0.0,12.9,0.0,0.0,0.1,78.3
1747230268677,7.6,0.0,12.7,0.0,0.0,0.1,79.5
1747230270685,6.7,0.0,14.2,0.0,0.0,0.1,79.0
1747230272694,7.3,0.0,13.7,0.0,0.0,0.0,79.0
1747230274704,8.4,0.0,13.6,0.0,0.0,0.2,77.9
1747230276713,7.3,0.0,12.9,0.0,0.0,0.1,79.7
1747230278722,7.1,0.0,12.6,0.0,0.0,0.0,80.3
1747230280738,7.0,0.0,13.5,0.0,0.0,0.0,79.5
1747230282750,9.3,0.0,13.2,0.0,0.0,0.0,77.4
1747230284760,8.6,0.0,13.1,0.0,0.0,0.0,78.2
1747230286770,8.3,0.0,13.5,0.0,0.0,0.2,78.0
1747230288782,8.2,0.0,14.2,0.0,0.0,0.0,77.6
1747230290793,8.2,0.0,13.2,0.0,0.0,0.1,78.5
1747230292803,7.5,0.0,13.9,0.0,0.0,0.1,78.5
1747230294812,7.3,0.0,13.2,0.0,0.0,0.1,79.4
1747230296821,7.5,0.0,13.2,0.0,0.0,0.3,79.0
1747230298831,8.2,0.0,12.9,0.0,0.0,0.1,78.8
1747230300839,7.5,0.0,12.5,0.0,0.0,0.1,79.9
1747230302850,7.6,0.0,12.3,0.0,0.0,0.0,80.0
1747230304859,7.1,0.0,12.6,0.0,0.0,0.1,80.2
1747230306876,7.8,0.0,12.9,0.0,0.0,0.0,79.3
1747230308893,8.1,0.0,12.6,0.0,0.0,0.0,79.4
1747230310902,7.2,0.0,12.9,0.0,0.0,0.0,79.8
1747230312912,7.9,0.0,14.2,0.0,0.0,0.1,77.8
1747230314922,8.9,0.0,12.6,0.0,0.0,0.1,78.3
1747230316931,7.3,0.0,13.1,0.0,0.0,0.1,79.5
1747230318941,7.2,0.0,12.8,0.0,0.0,0.0,79.9
1747230320951,7.2,0.0,12.4,0.2,0.0,0.1,80.1
1747230322961,8.2,0.0,12.6,0.0,0.0,0.1,79.0
1747230324971,6.9,0.0,13.2,0.0,0.0,0.1,79.8
1747230326980,7.6,0.0,12.4,0.0,0.0,0.1,79.9
1747230328989,7.2,0.0,12.7,0.0,0.0,0.1,80.0
1747230330999,8.4,0.0,13.1,0.1,0.0,0.0,78.3
1747230333010,7.8,0.0,13.2,0.0,0.0,0.0,79.0
1747230335021,8.0,0.0,14.0,0.0,0.0,0.1,78.0
1747230337033,8.0,0.0,13.0,0.0,0.0,0.1,78.9
1747230339043,9.3,0.0,13.2,0.0,0.0,0.1,77.3
1747230341052,7.5,0.0,13.6,0.1,0.0,0.1,78.7
1747230343062,7.1,0.0,14.2,0.0,0.0,0.0,78.6
1747230345069,7.1,0.0,13.3,0.0,0.0,0.1,79.5
1747230347082,8.0,0.0,13.6,0.0,0.0,0.2,78.2
1747230349091,7.0,0.0,14.2,0.0,0.0,0.1,78.7
1747230351101,7.8,0.0,12.4,0.0,0.0,0.1,79.7
1747230353112,7.0,0.0,14.5,0.0,0.0,0.1,78.4
1747230355123,8.7,0.0,13.3,0.0,0.0,0.1,77.9
1747230357132,7.7,0.0,12.2,0.0,0.0,0.2,80.0
1747230359143,7.5,0.0,12.2,0.0,0.0,0.0,80.3
1747230361152,7.1,0.0,12.1,0.0,0.0,0.1,80.7
1747230363162,8.0,0.0,12.3,0.0,0.0,0.1,79.7
1747230365172,7.2,0.0,12.8,0.0,0.0,0.0,79.9
1747230367184,6.4,0.0,13.6,0.0,0.0,0.1,79.9
1747230369196,7.0,0.0,12.9,0.0,0.0,0.0,80.1
1747230371209,7.9,0.0,12.8,0.0,0.0,0.0,79.2
1747230373226,7.6,0.0,12.6,0.0,0.0,0.1,79.7
1747230375237,7.2,0.0,13.6,0.0,0.0,0.1,79.0
1747230377246,7.4,0.0,13.9,0.0,0.0,0.1,78.6
1747230379255,9.1,0.0,13.8,0.0,0.0,0.1,77.0
1747230381266,8.6,0.0,13.7,0.0,0.0,0.0,77.8
1747230383277,7.1,0.0,13.1,0.0,0.0,0.0,79.8
1747230385289,7.7,0.0,13.1,0.0,0.0,0.0,79.2
1747230387300,8.1,0.0,13.1,0.0,0.0,0.1,78.7
1747230389310,7.5,0.0,13.2,0.0,0.0,0.1,79.2
1747230391321,8.0,0.0,13.1,0.0,0.0,0.0,78.9
1747230393331,8.2,0.0,14.0,0.0,0.0,0.1,77.6
1747230395342,9.8,0.0,13.8,0.0,0.0,0.1,76.3
1747230397352,8.1,0.0,12.6,0.0,0.0,0.2,79.1
1747230399363,7.6,0.0,13.3,0.0,0.0,0.1,78.9
1747230401374,8.0,0.0,12.9,0.0,0.0,0.1,79.1
1747230403385,9.1,0.0,13.8,0.0,0.0,0.1,77.0
1747230405396,7.8,0.0,14.1,0.0,0.0,0.2,77.9
1747230407406,8.1,0.0,14.2,0.0,0.0,0.1,77.5
1747230409415,8.1,0.0,13.9,0.0,0.0,0.1,77.9
1747230411424,8.0,0.0,13.8,0.0,0.0,0.0,78.1
1747230413434,7.7,0.0,13.8,0.0,0.0,0.1,78.5
1747230415446,7.3,0.0,14.2,0.0,0.0,0.1,78.4
1747230417456,7.3,0.0,14.8,0.0,0.0,0.1,77.8
1747230419469,8.4,0.0,13.1,0.0,0.0,0.1,78.4
1747230421486,7.7,0.0,13.1,0.0,0.0,0.2,79.0
1747230423497,7.6,0.0,13.1,0.0,0.0,0.1,79.2
1747230425505,7.1,0.0,13.7,0.0,0.0,0.2,79.0
1747230427515,7.4,0.0,13.1,0.0,0.0,0.0,79.5
1747230429526,7.2,0.0,13.4,0.0,0.0,0.1,79.3
1747230431537,8.2,0.0,14.4,0.0,0.0,0.1,77.2
1747230433548,7.8,0.0,13.7,0.0,0.0,0.1,78.5
1747230435557,7.2,0.0,12.6,0.0,0.0,0.1,80.1
1747230437566,6.8,0.0,12.9,0.0,0.0,0.1,80.2
1747230439577,6.5,0.0,12.9,0.0,0.0,0.1,80.6
1747230441587,7.6,0.0,13.2,0.0,0.0,0.1,79.1
1747230443595,7.5,0.0,12.7,0.0,0.0,0.0,79.7
1747230445606,7.2,0.0,13.3,0.0,0.0,0.0,79.5
1747230447616,7.4,0.0,14.9,0.0,0.0,0.0,77.7
1747230449628,7.8,0.0,13.4,0.0,0.0,0.0,78.7
1747230451639,7.3,0.0,13.4,0.0,0.0,0.1,79.1
1747230453651,7.8,0.0,13.7,0.0,0.0,0.1,78.4
1747230455662,7.3,0.0,13.9,0.0,0.0,0.0,78.7
1747230457673,7.6,0.0,13.4,0.0,0.0,0.0,79.1
1747230459685,8.1,0.0,13.5,0.0,0.0,0.1,78.3
1747230461696,7.5,0.0,13.1,0.0,0.0,0.1,79.3
1747230463707,8.2,0.0,12.4,0.0,0.0,0.0,79.3
1747230465716,7.8,0.0,13.7,0.0,0.0,0.1,78.4
1747230467727,8.2,0.0,13.8,0.0,0.0,0.1,78.0
1747230469738,7.1,0.0,13.6,0.0,0.0,0.0,79.2
1747230471749,8.1,0.0,12.9,0.0,0.0,0.1,78.8
1747230473760,7.6,0.0,12.8,0.0,0.0,0.1,79.5
1747230475770,8.3,0.0,14.2,0.0,0.0,0.1,77.4
1747230477780,7.1,0.0,13.6,0.0,0.0,0.1,79.2
1747230479790,7.7,0.0,12.9,0.0,0.0,0.1,79.3
1747230481803,7.8,0.0,13.3,0.0,0.0,0.2,78.6
1747230483815,8.6,0.0,13.3,0.0,0.0,0.1,78.0
1747230485824,7.7,0.0,13.0,0.0,0.0,0.0,79.2
1747230487832,7.4,0.0,13.2,0.0,0.0,0.0,79.4
1747230489840,7.0,0.0,14.4,0.0,0.0,0.1,78.5
1747230491851,8.7,0.0,13.5,0.0,0.0,0.1,77.7
1747230493860,7.8,0.0,13.5,0.0,0.0,0.2,78.5
1747230495868,7.8,0.0,13.7,0.0,0.0,0.0,78.5
1747230497878,7.2,0.0,14.1,0.0,0.0,0.0,78.7
1747230499893,7.8,0.0,13.9,0.0,0.0,0.1,78.2
1747230501906,8.4,0.0,14.0,0.0,0.0,0.2,77.3
1747230503914,7.7,0.0,14.1,0.0,0.0,0.1,78.1
1747230505926,7.1,0.0,14.2,0.0,0.0,0.0,78.7
1747230507940,8.0,0.0,14.4,0.0,0.0,0.1,77.5
1747230509960,8.3,0.0,14.1,0.0,0.0,0.1,77.5
1747230511971,8.0,0.0,14.1,0.0,0.0,0.2,77.7
1747230513982,7.7,0.0,13.7,0.0,0.0,0.1,78.4
1747230515992,8.2,0.0,13.7,0.0,0.0,0.0,78.1
1747230518000,8.1,0.0,13.0,0.0,0.0,0.1,78.8
1747230520009,7.5,0.0,14.1,0.0,0.0,0.1,78.3
1747230522018,7.5,0.0,13.8,0.0,0.0,0.2,78.5
1747230524026,7.8,0.0,14.0,0.0,0.0,0.1,78.0
1747230526036,8.0,0.0,13.5,0.0,0.0,0.1,78.4
1747230528047,7.8,0.0,13.6,0.0,0.0,0.1,78.5
1747230530059,7.8,0.0,14.2,0.0,0.0,0.1,78.0
1747230532069,8.6,0.0,14.4,0.0,0.0,0.2,76.8
1747230534080,10.0,0.0,14.6,0.0,0.0,0.1,75.3
1747230536092,7.8,0.0,13.8,0.0,0.0,0.1,78.3
1747230538103,8.1,0.0,13.5,0.0,0.0,0.2,78.3
1747230540114,7.3,0.0,14.7,0.0,0.0,0.1,77.9
1747230542123,8.8,0.0,13.2,0.0,0.0,0.2,77.9
1747230544133,7.2,0.0,14.6,0.0,0.0,0.1,78.1
1747230546140,7.6,0.0,13.9,0.0,0.0,0.1,78.4
1747230548151,8.3,0.0,13.9,0.0,0.0,0.1,77.8
1747230550160,8.3,0.0,13.8,0.0,0.0,0.1,77.8
1747230552171,7.5,0.0,13.1,0.0,0.0,0.2,79.2
1747230554181,8.4,0.0,12.6,0.0,0.0,0.1,78.9
1747230556191,7.8,0.0,13.9,0.0,0.0,0.1,78.2
1747230558203,11.0,0.0,15.2,0.0,0.0,0.1,73.7
1747230560213,10.1,0.0,15.3,0.0,0.0,0.0,74.6
1747230562225,9.3,0.0,16.1,0.0,0.0,0.1,74.5
1747230564236,7.8,0.0,13.5,0.0,0.0,0.1,78.6
1747230566246,0.0,0.0,0.0,0.0,0.0,0.0,0.0
1747230568269,10.7,0.0,16.5,0.0,0.0,0.1,72.7
1747230570295,10.7,0.0,16.1,0.0,0.0,0.1,73.1
1747230572310,10.7,0.0,16.5,0.0,0.0,0.3,72.4
1747230574328,10.8,0.0,16.5,0.0,0.0,0.0,72.7
1747230576344,10.2,0.0,15.4,0.0,0.0,0.1,74.3
1747230578358,10.2,0.0,16.2,0.0,0.0,0.0,73.6
1747230580376,10.2,0.0,15.9,0.0,0.0,0.0,73.8
1747230582388,11.4,0.0,16.4,0.0,0.0,0.1,72.0
1747230584397,9.5,0.0,14.8,0.0,0.0,0.1,75.7
1747230586407,10.3,0.0,15.4,0.0,0.0,0.1,74.3
1747230588417,9.8,0.0,15.9,0.0,0.0,0.1,74.2
1747230590427,10.5,0.0,16.7,0.0,0.0,0.1,72.7
1747230592438,8.5,0.0,12.1,0.0,0.0,0.1,79.2
1747230594450,7.9,0.0,12.0,0.0,0.0,0.0,80.0
1747230596462,8.2,0.0,11.9,0.0,0.0,0.1,79.8
1747230598472,7.8,0.0,13.0,0.0,0.0,0.1,79.1
1747230600482,0.1,0.0,0.1,0.0,0.0,0.0,99.8
1747230602492,8.0,0.0,13.4,0.0,0.0,0.2,78.4
1747230604503,8.0,0.0,13.8,0.0,0.0,0.2,78.1
1747230606513,8.2,0.0,13.2,0.0,0.0,0.1,78.5
1747230608523,0.2,0.0,0.3,0.0,0.0,0.0,99.5
1747230610533,8.3,0.0,14.4,0.0,0.0,0.1,77.2
1747230612542,8.7,0.0,14.2,0.0,0.0,0.3,76.8
1747230614552,7.7,0.0,14.7,0.0,0.0,0.2,77.5
1747230616559,0.1,0.0,0.2,0.0,0.0,0.0,99.6
1747230618574,7.2,0.0,14.2,0.0,0.0,0.1,78.5
1747230620585,8.0,0.0,13.7,0.0,0.0,0.1,78.2
1747230622592,7.8,0.0,14.0,0.0,0.0,0.2,78.0
1747230624602,8.7,0.0,13.9,0.0,0.0,0.1,77.3
1747230626613,8.0,0.0,13.5,0.0,0.0,0.1,78.3
1747230628624,8.3,0.0,14.8,0.0,0.0,0.1,76.8
1747230630635,7.8,0.0,15.2,0.0,0.0,0.1,76.9
1747230632645,8.7,0.0,14.0,0.0,0.0,0.2,77.1
1747230634654,7.5,0.0,14.2,0.0,0.0,0.1,78.2
1747230636680,7.2,0.0,14.8,0.0,0.0,0.2,77.8
1747230638693,7.4,0.0,13.1,0.0,0.0,0.0,79.5
1747230640702,8.3,0.0,13.4,0.0,0.0,0.1,78.2
1747230642713,7.4,0.0,13.8,0.0,0.0,0.2,78.6
1747230644724,7.1,0.0,13.8,0.0,0.0,0.1,78.9
1747230646735,7.5,0.0,14.2,0.0,0.0,0.2,78.1
1747230648745,9.8,0.0,13.8,0.0,0.0,0.0,76.3
1747230650756,7.4,0.0,12.8,0.0,0.0,0.1,79.7
1747230652767,7.3,0.0,13.0,0.0,0.0,0.2,79.5
1747230654777,7.1,0.0,13.5,0.0,0.0,0.1,79.3
1747230656787,8.0,0.0,13.2,0.0,0.0,0.2,78.5
1747230658798,7.5,0.0,13.4,0.0,0.0,0.0,79.0
1747230660807,7.6,0.0,13.8,0.0,0.0,0.1,78.6
1747230662818,8.1,0.0,13.2,0.0,0.0,0.2,78.5
1747230664828,8.9,0.0,14.2,0.0,0.0,0.1,76.8
1747230666838,7.4,0.0,14.2,0.0,0.0,0.2,78.2
1747230668848,7.5,0.0,14.1,0.0,0.0,0.0,78.4
1747230670858,8.5,0.0,13.5,0.0,0.0,0.0,78.0
1747230672869,9.5,0.0,14.0,0.0,0.0,0.2,76.3
1747230674879,7.2,0.0,13.7,0.0,0.0,0.0,79.0
1747230676889,7.7,0.0,13.1,0.0,0.0,0.2,79.1
1747230678899,7.2,0.0,13.7,0.0,0.0,0.1,79.1
1747230680909,8.7,0.0,13.4,0.0,0.0,0.1,77.8
1747230682920,7.3,0.0,13.2,0.0,0.0,0.1,79.5
1747230684929,7.4,0.0,14.1,0.0,0.0,0.0,78.5
1747230686938,7.0,0.0,13.8,0.0,0.0,0.1,79.0
1747230688947,8.2,0.0,13.5,0.0,0.0,0.0,78.3
1747230690964,7.6,0.0,14.9,0.0,0.0,0.0,77.4
1747230692978,8.1,0.0,14.9,0.0,0.0,0.1,76.8
1747230694998,7.9,0.0,13.8,0.0,0.0,0.0,78.3
1747230697011,8.2,0.0,13.3,0.0,0.0,0.2,78.3
1747230699023,7.2,0.0,12.9,0.0,0.0,0.0,79.8
1747230701041,7.9,0.0,12.7,0.0,0.0,0.0,79.4
1747230703050,7.3,0.0,13.4,0.0,0.0,0.1,79.2
1747230705059,8.8,0.0,12.8,0.0,0.0,0.1,78.3
1747230707070,7.2,0.0,13.8,0.0,0.0,0.1,78.9
1747230709079,7.9,0.0,12.9,0.0,0.0,0.0,79.2
1747230711090,7.8,0.0,13.5,0.0,0.0,0.0,78.6
1747230713101,8.3,0.0,14.2,0.0,0.0,0.1,77.4
1747230715111,8.2,0.0,13.3,0.0,0.0,0.1,78.4
1747230717121,8.3,0.0,14.1,0.0,0.0,0.1,77.5
1747230719132,7.5,0.0,13.7,0.0,0.0,0.1,78.7
1747230721142,10.5,0.0,15.9,0.0,0.0,0.1,73.5
1747230723151,7.4,0.0,13.3,0.0,0.0,0.1,79.2
1747230725160,7.6,0.0,13.5,0.0,0.0,0.1,78.9
1747230727171,7.5,0.0,13.9,0.0,0.0,0.2,78.5
1747230729181,0.0,0.0,0.0,0.0,0.0,0.0,0.0
1747230731191,11.3,0.0,18.8,0.0,0.0,0.1,69.8
1747230733200,12.0,0.0,17.3,0.0,0.0,0.1,70.6
1747230735218,11.6,0.0,16.2,0.0,0.0,0.1,72.1
1747230737235,11.5,0.0,18.2,0.0,0.0,0.1,70.3
1747230739246,10.3,0.0,14.1,0.7,0.0,0.0,74.9
1747230741264,10.7,0.0,14.8,1.0,0.0,0.0,73.4
1747230743287,10.7,0.0,15.2,0.0,0.0,0.1,74.0
1747230745304,10.8,0.0,16.2,0.0,0.0,0.1,73.0
1747230747321,0.0,0.0,0.0,0.0,0.0,0.0,0.0
1747230749333,10.6,0.0,14.3,0.0,0.0,0.0,75.1
1747230751352,9.9,0.0,15.2,0.0,0.0,0.1,74.8
1747230753365,9.9,0.0,15.6,0.0,0.0,0.0,74.5
1747230755380,0.2,0.0,0.3,0.0,0.0,0.0,99.5
1747230757391,7.3,0.0,11.6,0.0,0.0,0.1,81.1
1747230759399,7.4,0.0,11.7,0.0,0.0,0.0,80.9
1747230761407,7.5,0.0,11.2,0.0,0.0,0.0,81.3
