timestamp_ms,usr%,nice%,sys%,iowait%,irq%,soft%,steal%,idle%
1747108415432,2.7,0.0,6.7,0.0,0.0,1.5,89.2
1747108417443,2.9,0.0,6.5,0.0,0.0,1.3,89.2
1747108419452,2.8,0.0,6.1,0.0,0.0,1.6,89.5
1747108421464,2.6,0.0,6.7,0.0,0.0,1.1,89.6
1747108423474,2.8,0.0,6.8,0.0,0.0,1.4,89.0
1747108425484,3.0,0.0,7.5,0.0,0.0,1.2,88.3
1747108427497,2.8,0.0,6.7,0.0,0.0,1.2,89.3
1747108429508,3.1,0.0,6.8,0.0,0.0,1.3,88.9
1747108431520,3.1,0.0,6.6,0.0,0.0,1.4,88.8
1747108433531,3.2,0.0,6.6,0.0,0.0,1.5,88.8
1747108435543,3.1,0.0,6.8,0.0,0.0,1.6,88.6
1747108437555,3.2,0.0,10.0,0.0,0.0,1.3,85.5
1747108439567,3.1,0.0,7.0,0.0,0.0,1.5,88.4
1747108441579,3.3,0.0,7.6,0.0,0.0,1.0,88.1
1747108443591,3.2,0.0,6.3,0.0,0.0,1.3,89.2
1747108445603,3.1,0.0,7.2,0.0,0.0,1.5,88.1
1747108447614,3.2,0.0,6.6,0.0,0.0,1.1,89.1
1747108449626,3.2,0.0,7.2,0.0,0.0,1.2,88.5
1747108451638,3.3,0.0,7.8,0.0,0.0,1.4,87.5
1747108453648,2.9,0.0,8.3,0.0,0.0,1.2,87.5
1747108455660,3.1,0.0,6.9,0.0,0.0,1.2,88.8
1747108457672,3.4,0.0,6.5,0.0,0.0,1.4,88.7
1747108459684,3.3,0.0,6.7,0.0,0.0,1.4,88.7
1747108461697,3.2,0.0,6.8,0.0,0.0,1.4,88.5
1747108463708,3.3,0.0,6.7,0.0,0.0,1.6,88.5
1747108465720,3.4,0.0,7.0,0.0,0.0,1.5,88.2
1747108467732,3.0,0.0,9.3,0.0,0.0,1.1,86.6
1747108469743,3.3,0.0,6.4,0.0,0.0,1.3,89.1
1747108471755,3.0,0.0,7.9,0.0,0.0,1.0,88.0
1747108473767,3.1,0.0,6.6,0.0,0.0,1.2,89.1
1747108475780,2.8,0.0,8.0,0.0,0.0,1.1,88.0
1747108477793,3.0,0.0,7.0,0.0,0.0,1.4,88.5
1747108479805,3.1,0.0,7.1,0.0,0.0,1.8,88.1
1747108481817,3.2,0.0,6.9,0.0,0.0,1.4,88.6
1747108483829,3.0,0.0,7.1,0.0,0.0,1.3,88.6
1747108485842,3.0,0.0,8.5,0.0,0.0,1.2,87.3
1747108487853,2.8,0.0,7.8,0.0,0.0,1.2,88.1
1747108489865,3.0,0.0,6.7,0.0,0.0,1.2,89.1
1747108491873,3.0,0.0,6.2,0.0,0.0,1.3,89.6
1747108493884,2.9,0.0,6.4,0.0,0.0,1.0,89.7
1747108495894,2.9,0.0,7.1,0.0,0.0,1.6,88.4
1747108497906,3.0,0.0,6.8,0.0,0.0,1.2,89.0
1747108499917,3.2,0.0,6.9,0.0,0.0,1.5,88.3
1747108501930,3.1,0.0,7.5,0.0,0.0,1.4,87.9
1747108503941,3.0,0.0,6.7,0.0,0.0,0.8,89.5
1747108505954,3.0,0.0,7.0,0.0,0.0,1.3,88.7
1747108507966,3.0,0.0,6.8,0.0,0.0,1.2,89.0
1747108509979,3.2,0.0,8.1,0.0,0.0,1.4,87.2
1747108511991,3.2,0.0,7.9,0.0,0.0,1.1,87.8
1747108514002,3.2,0.0,6.9,0.0,0.0,1.2,88.7
1747108516014,3.4,0.0,6.5,0.0,0.0,1.2,88.9
1747108518026,3.1,0.0,6.9,0.0,0.0,1.4,88.6
1747108520037,2.8,0.0,7.5,0.0,0.0,1.2,88.5
1747108522049,2.8,0.0,7.5,0.0,0.0,1.5,88.2
1747108524061,2.8,0.0,7.4,0.0,0.0,1.3,88.4
1747108526073,3.1,0.0,6.7,0.0,0.0,1.3,88.9
1747108528084,2.9,0.0,6.7,0.0,0.0,1.4,89.0
1747108530097,3.3,0.0,8.0,0.0,0.0,1.1,87.6
1747108532108,3.1,0.0,6.4,0.0,0.0,1.4,89.1
1747108534121,3.0,0.0,6.7,0.0,0.0,1.2,89.1
1747108536133,2.9,0.0,6.8,0.0,0.0,1.4,88.9
1747108538145,3.2,0.0,7.5,0.0,0.0,1.0,88.2
1747108540157,3.0,0.0,9.2,0.0,0.0,1.5,86.4
1747108542168,3.3,0.0,6.5,0.0,0.0,1.4,88.8
1747108544180,3.0,0.0,7.5,0.0,0.0,1.4,88.1
1747108546192,3.0,0.0,6.8,0.0,0.0,1.2,89.0
1747108548204,2.9,0.0,6.4,0.0,0.0,1.7,89.0
1747108550217,3.3,0.0,6.8,0.0,0.0,1.2,88.7
1747108552228,2.9,0.0,9.4,0.0,0.0,1.2,86.4
1747108554241,3.3,0.0,8.6,0.1,0.0,1.2,86.9
1747108556253,3.0,0.0,6.7,0.0,0.0,1.3,89.0
1747108558264,2.9,0.0,7.2,0.0,0.0,1.2,88.8
1747108560276,3.2,0.0,6.7,0.0,0.0,1.1,89.1
1747108562287,3.0,0.0,6.7,0.0,0.0,1.4,89.0
1747108564297,3.0,0.0,7.8,0.0,0.0,1.1,88.1
1747108566307,2.8,0.0,6.8,0.0,0.0,1.5,88.8
1747108568315,2.7,0.0,6.7,0.0,0.0,1.2,89.3
1747108570326,2.7,0.0,6.4,0.0,0.0,1.3,89.7
1747108572338,2.6,0.0,6.5,0.0,0.0,1.6,89.3
1747108574351,3.3,0.0,6.3,0.0,0.0,1.2,89.2
1747108576363,3.1,0.0,9.3,0.0,0.0,1.3,86.3
1747108578374,3.3,0.0,6.6,0.0,0.0,1.1,89.1
1747108580385,2.7,0.0,7.4,0.0,0.0,1.3,88.6
1747108582396,3.1,0.0,7.2,0.0,0.0,1.5,88.2
1747108584408,2.9,0.0,6.6,0.0,0.0,1.1,89.4
1747108586420,2.9,0.0,8.3,0.0,0.0,1.2,87.6
1747108588434,2.8,0.0,6.9,0.0,0.0,1.1,89.2
1747108590445,2.9,0.0,6.8,0.0,0.0,1.4,88.9
1747108592457,3.2,0.0,8.5,0.0,0.0,1.4,87.0
1747108594469,3.0,0.0,6.9,0.0,0.0,1.4,88.8
1747108596481,3.0,0.0,7.4,0.0,0.0,1.3,88.3
1747108598494,2.9,0.0,7.0,0.0,0.0,1.3,88.8
1747108600506,3.0,0.0,7.0,0.0,0.0,1.3,88.7
1747108602518,3.1,0.0,6.9,0.0,0.0,1.4,88.5
1747108604530,3.2,0.0,6.8,0.0,0.0,1.2,88.8
1747108606542,3.3,0.0,6.5,0.0,0.0,1.4,88.8
1747108608554,3.4,0.0,6.3,0.0,0.0,1.3,89.0
1747108610565,3.2,0.0,10.6,0.0,0.0,1.4,84.8
1747108612576,3.3,0.0,6.7,0.0,0.0,1.5,88.6
1747108614588,3.1,0.0,5.3,0.0,0.0,0.5,91.1
1747108616599,2.7,0.0,5.5,0.0,0.0,0.7,91.1
1747108618611,3.1,0.0,5.0,0.0,0.0,0.5,91.3
1747108620622,3.1,0.0,5.9,0.0,0.0,0.6,90.5
1747108622634,3.0,0.0,5.4,0.0,0.0,0.6,91.0
1747108624645,2.9,0.0,8.1,0.0,0.0,0.6,88.4
1747108626657,3.1,0.0,5.5,0.0,0.0,0.7,90.8
1747108628668,3.1,0.0,6.0,0.0,0.0,0.5,90.4
1747108630680,3.1,0.0,8.1,0.0,0.0,0.5,88.3
1747108632692,3.2,0.0,6.5,0.0,0.0,0.7,89.5
1747108634703,3.0,0.0,5.8,0.0,0.0,0.5,90.6
1747108636714,2.7,0.0,5.8,0.0,0.0,0.5,90.9
1747108638724,3.1,0.0,7.8,0.0,0.0,0.5,88.6
1747108640735,2.4,0.0,5.4,0.0,0.0,0.6,91.6
1747108642745,3.0,0.0,5.2,0.0,0.0,0.6,91.2
1747108644755,2.9,0.0,5.7,0.0,0.0,0.6,90.8
1747108646768,2.9,0.0,6.2,0.0,0.0,0.5,90.4
1747108648780,3.2,0.0,5.6,0.0,0.0,0.6,90.7
1747108650792,3.2,0.0,5.9,0.0,0.0,0.5,90.3
1747108652805,3.2,0.0,5.8,0.0,0.0,0.6,90.5
1747108654816,3.0,0.0,6.5,0.0,0.0,0.7,89.8
1747108656828,3.2,0.0,8.6,0.0,0.0,0.5,87.8
1747108658841,3.3,0.0,6.0,0.0,0.0,0.6,90.1
1747108660853,3.0,0.0,6.3,0.0,0.0,0.6,90.1
1747108662865,3.2,0.0,5.9,0.0,0.0,0.7,90.2
1747108664877,3.3,0.0,5.7,0.0,0.0,0.5,90.5
1747108666889,3.2,0.0,8.9,0.0,0.0,0.6,87.3
1747108668901,3.1,0.0,6.1,0.0,0.0,0.5,90.3
1747108670913,3.4,0.0,5.7,0.0,0.0,0.7,90.2
1747108672924,3.1,0.0,6.1,0.0,0.0,0.6,90.2
1747108674937,3.4,0.0,5.9,0.0,0.0,0.7,90.0
1747108676950,3.0,0.0,6.2,0.0,0.0,0.6,90.2
1747108678962,3.4,0.0,8.4,0.0,0.0,0.7,87.6
1747108680975,3.1,0.0,5.9,0.0,0.0,0.7,90.4
1747108682987,3.1,0.0,6.0,0.0,0.0,0.6,90.3
1747108684999,3.2,0.0,5.8,0.0,0.0,0.6,90.3
1747108687011,3.1,0.0,6.0,0.0,0.0,0.5,90.3
1747108689023,3.0,0.0,6.4,0.0,0.0,0.6,90.0
1747108691035,3.2,0.0,6.0,0.0,0.0,0.8,90.0
1747108693047,3.4,0.0,7.1,0.0,0.0,0.8,88.8
1747108695058,3.5,0.0,5.9,0.0,0.0,0.6,90.0
1747108697070,3.1,0.0,6.2,0.0,0.0,0.6,90.2
1747108699081,3.8,0.0,7.8,0.0,0.0,0.5,87.9
1747108701093,3.4,0.0,6.2,0.0,0.0,0.5,89.9
1747108703105,3.2,0.0,6.8,0.0,0.0,0.7,89.3
1747108705117,3.2,0.0,6.0,0.0,0.0,0.7,90.1
1747108707129,3.2,0.0,6.0,0.0,0.0,0.8,90.1
1747108709141,3.1,0.0,8.2,0.0,0.0,0.8,87.9
1747108711152,3.5,0.0,5.7,0.0,0.0,0.8,90.0
1747108713164,3.4,0.0,5.8,0.0,0.0,0.8,90.1
1747108715173,2.8,0.0,5.7,0.0,0.0,0.5,90.9
1747108717182,2.9,0.0,5.3,0.0,0.0,0.6,91.2
1747108719191,3.1,0.0,6.2,0.0,0.0,0.6,90.1
1747108721201,3.1,0.0,5.2,0.0,0.0,0.7,91.0
1747108723211,3.0,0.0,8.1,0.0,0.0,0.8,88.0
1747108725224,3.2,0.0,6.5,0.0,0.0,0.6,89.8
1747108727235,3.2,0.0,5.9,0.0,0.0,0.8,90.1
1747108729247,3.4,0.0,6.5,0.0,0.0,0.8,89.3
1747108731259,3.2,0.0,6.7,0.0,0.0,0.7,89.4
1747108733270,3.2,0.0,9.1,0.0,0.0,0.6,87.0
1747108735284,3.4,0.0,6.0,0.0,0.0,0.5,90.1
1747108737295,3.4,0.0,6.8,0.0,0.0,0.7,89.1
1747108739307,3.2,0.0,6.4,0.0,0.0,0.5,89.9
1747108741319,3.3,0.0,6.2,0.0,0.0,0.7,89.7
1747108743331,3.3,0.0,8.1,0.0,0.0,0.8,87.9
1747108745345,3.4,0.0,6.1,0.0,0.0,0.7,89.9
1747108747356,3.4,0.0,7.9,0.0,0.0,0.8,87.9
1747108749368,3.4,0.0,6.4,0.0,0.0,0.5,89.6
1747108751380,3.5,0.0,8.0,0.0,0.0,0.8,87.8
1747108753392,3.4,0.0,7.0,0.0,0.0,0.5,89.1
1747108755403,3.6,0.0,5.9,0.0,0.0,0.8,89.8
1747108757415,3.4,0.0,8.8,0.0,0.0,0.6,87.3
1747108759426,3.2,0.0,6.5,0.0,0.0,0.6,89.7
1747108761438,3.2,0.0,7.2,0.0,0.0,0.8,88.8
1747108763450,3.6,0.0,6.9,0.0,0.0,0.7,88.8
1747108765461,3.3,0.0,6.5,0.0,0.0,0.7,89.5
1747108767473,3.1,0.0,7.2,0.0,0.0,0.7,88.9
1747108769485,3.6,0.0,6.7,0.0,0.0,0.8,89.0
1747108771496,3.8,0.0,6.4,0.0,0.0,0.7,89.1
1747108773508,3.4,0.0,6.4,0.0,0.0,0.8,89.5
1747108775520,3.7,0.0,9.9,0.0,0.0,0.9,85.6
1747108777531,3.7,0.0,6.1,0.0,0.0,0.6,89.6
1747108779543,3.5,0.0,6.5,0.0,0.0,0.6,89.4
1747108781555,3.2,0.0,6.5,0.0,0.0,0.8,89.4
1747108783568,3.5,0.0,6.6,0.0,0.0,0.8,89.2
1747108785580,3.3,0.0,6.2,0.0,0.0,0.7,89.8
1747108787591,3.1,0.0,6.3,0.0,0.0,0.7,89.9
1747108789601,3.4,0.0,6.1,0.0,0.0,0.6,89.9
1747108791609,3.4,0.0,6.0,0.0,0.0,0.8,89.7
1747108793620,3.2,0.0,7.5,0.0,0.0,0.4,88.9
1747108795632,3.4,0.0,5.7,0.0,0.0,0.8,90.1
1747108797646,3.4,0.0,6.5,0.0,0.0,0.8,89.3
1747108799660,3.4,0.0,7.5,0.0,0.0,0.8,88.2
1747108801671,3.7,0.0,6.2,0.0,0.0,0.6,89.5
1747108803684,3.6,0.0,7.6,0.0,0.0,0.7,88.0
1747108805695,3.8,0.0,7.3,0.0,0.0,0.5,88.4
1747108807707,3.9,0.0,7.5,0.0,0.0,0.7,88.0
1747108809719,3.6,0.0,8.4,0.0,0.0,0.6,87.4
1747108811731,3.7,0.0,7.6,0.0,0.0,0.6,88.1
1747108813743,3.8,0.0,6.6,0.0,0.0,0.6,89.0
1747108815755,3.8,0.0,6.3,0.0,0.0,0.6,89.3
1747108817767,3.8,0.0,7.0,0.0,0.0,0.8,88.5
1747108819779,3.7,0.0,6.7,0.0,0.0,0.6,89.0
1747108821790,3.9,0.0,7.2,0.0,0.0,0.5,88.4
1747108823802,3.8,0.0,6.5,0.0,0.0,0.5,89.2
1747108825814,3.6,0.0,6.5,0.0,0.0,0.6,89.3
1747108827826,3.5,0.0,6.7,0.0,0.0,0.3,89.5
1747108829839,3.7,0.0,7.3,0.0,0.0,0.5,88.5
1747108831851,3.9,0.0,6.1,0.0,0.0,0.6,89.5
1747108833863,3.6,0.0,7.4,0.0,0.0,0.5,88.5
1747108835873,4.0,0.0,6.5,0.0,0.0,0.8,88.7
1747108837885,3.5,0.0,6.2,0.0,0.0,0.7,89.7
1747108839897,3.5,0.0,6.7,0.0,0.0,0.7,89.2
1747108841909,3.5,0.0,7.0,0.0,0.0,0.6,89.0
1747108843922,3.4,0.0,6.5,0.0,0.0,0.9,89.2
1747108845934,3.4,0.0,7.0,0.0,0.0,0.8,88.8
1747108847946,3.4,0.0,7.4,0.0,0.0,0.7,88.5
1747108849958,3.6,0.0,6.5,0.0,0.0,0.8,89.1
1747108851970,3.4,0.0,6.9,0.0,0.0,0.7,89.1
1747108853983,3.5,0.0,7.2,0.0,0.0,0.5,88.8
1747108855995,3.8,0.0,6.7,0.0,0.0,0.8,88.7
1747108858006,3.6,0.0,6.8,0.0,0.0,0.6,89.0
1747108860019,3.5,0.0,7.2,0.0,0.0,0.8,88.4
1747108862031,3.4,0.0,6.3,0.0,0.0,0.7,89.6
1747108864042,3.7,0.0,6.3,0.0,0.0,0.6,89.4
1747108866052,3.7,0.0,5.9,0.0,0.0,0.6,89.9
1747108868062,3.5,0.0,6.1,0.0,0.0,0.9,89.5
1747108870071,3.5,0.0,6.1,0.0,0.0,0.7,89.8
1747108872082,2.8,0.0,6.4,0.0,0.0,0.6,90.2
1747108874093,3.4,0.0,6.1,0.0,0.0,0.7,89.8
1747108876105,3.4,0.0,6.8,0.0,0.0,0.6,89.2
1747108878120,3.3,0.0,7.2,0.0,0.0,0.7,88.9
1747108880132,3.7,0.0,7.2,0.0,0.0,0.7,88.4
1747108882144,3.7,0.0,7.0,0.0,0.0,0.8,88.4
1747108884157,3.7,0.0,7.7,0.0,0.0,0.6,88.0
1747108886169,3.6,0.0,7.6,0.0,0.0,0.7,88.0
1747108888181,3.8,0.0,7.2,0.0,0.0,0.7,88.3
1747108890193,3.4,0.0,8.2,0.0,0.0,0.7,87.8
1747108892204,3.9,0.0,6.7,0.0,0.0,0.8,88.5
1747108894217,4.0,0.0,6.7,0.0,0.0,0.5,88.8
1747108896229,3.8,0.0,7.1,0.0,0.0,0.8,88.3
1747108898243,4.1,0.0,6.5,0.0,0.0,0.7,88.7
1747108900254,3.7,0.0,6.7,0.0,0.0,0.7,88.8
1747108902265,3.8,0.0,8.4,0.0,0.0,0.7,87.2
1747108904278,3.8,0.0,6.7,0.0,0.0,0.8,88.7
1747108906290,3.7,0.0,6.8,0.0,0.0,0.7,88.9
1747108908302,3.8,0.0,6.8,0.0,0.0,0.7,88.7
1747108910313,4.1,0.0,6.8,0.0,0.0,0.6,88.5
1747108912325,3.4,0.0,7.2,0.0,0.0,0.6,88.7
1747108914337,4.0,0.0,6.9,0.0,0.0,0.4,88.7
1747108916348,4.1,0.0,6.3,0.0,0.0,0.8,88.9
1747108918360,4.0,0.0,6.2,0.0,0.0,0.6,89.3
1747108920372,3.8,0.0,7.5,0.0,0.0,0.7,88.0
1747108922384,3.8,0.0,7.0,0.0,0.0,0.5,88.7
1747108924397,4.0,0.0,6.5,0.0,0.0,0.7,88.8
1747108926410,3.9,0.0,7.5,0.0,0.0,0.6,88.0
1747108928421,4.0,0.0,7.3,0.0,0.0,0.7,88.0
1747108930434,3.9,0.0,7.3,0.0,0.0,0.6,88.2
1747108932446,3.7,0.0,7.2,0.0,0.0,0.8,88.2
1747108934457,3.8,0.0,7.1,0.0,0.0,0.4,88.8
1747108936468,3.6,0.0,7.6,0.0,0.0,0.8,88.0
1747108938479,4.0,0.0,7.6,0.0,0.0,0.5,87.9
1747108940491,3.9,0.0,7.1,0.0,0.0,0.9,88.0
1747108942502,3.7,0.0,6.9,0.0,0.0,0.5,88.9
1747108944511,3.3,0.0,6.7,0.0,0.0,0.6,89.4
1747108946520,3.5,0.0,7.6,0.0,0.0,0.7,88.1
1747108948531,3.0,0.0,7.0,0.0,0.0,0.4,89.5
1747108950539,3.8,0.0,7.6,0.0,0.0,0.7,87.9
1747108952551,3.3,0.0,7.0,0.0,0.0,0.7,89.0
1747108954564,3.8,0.0,6.8,0.0,0.0,0.5,88.9
1747108956575,4.0,0.0,7.1,0.0,0.0,0.7,88.2
1747108958587,3.8,0.0,6.8,0.0,0.0,0.7,88.7
1747108960599,3.9,0.0,7.3,0.0,0.0,0.8,88.1
1747108962611,4.0,0.0,8.1,0.0,0.0,0.5,87.5
1747108964621,3.6,0.0,7.5,0.0,0.0,0.8,88.1
1747108966633,3.7,0.0,8.1,0.0,0.0,0.5,87.7
1747108968645,4.0,0.0,7.1,0.0,0.0,0.7,88.2
1747108970657,3.9,0.0,7.5,0.0,0.0,0.7,88.0
1747108972669,3.5,0.0,7.3,0.0,0.0,0.6,88.7
1747108974682,3.8,0.0,6.7,0.0,0.0,0.7,88.8
1747108976693,3.8,0.0,7.2,0.0,0.0,0.6,88.5
1747108978705,3.9,0.0,7.8,0.0,0.0,0.7,87.7
1747108980717,4.0,0.0,7.7,0.0,0.0,0.6,87.7
1747108982729,4.0,0.0,6.9,0.0,0.0,0.8,88.3
1747108984741,4.0,0.0,7.5,0.0,0.0,0.8,87.7
1747108986753,4.1,0.0,8.6,0.0,0.0,0.7,86.6
1747108988764,4.1,0.0,7.6,0.0,0.0,0.5,87.8
1747108990776,4.2,0.0,9.6,0.0,0.0,0.7,85.5
1747108992788,3.9,0.0,7.2,0.0,0.0,0.8,88.0
1747108994799,4.0,0.0,7.7,0.0,0.0,0.5,87.8
1747108996810,3.9,0.0,7.1,0.0,0.0,0.7,88.4
1747108998821,4.0,0.0,7.1,0.0,0.0,0.7,88.3
1747109000832,4.0,0.0,7.4,0.0,0.0,0.8,87.8
1747109002844,3.8,0.0,8.3,0.0,0.0,0.7,87.1
1747109004856,3.9,0.0,7.1,0.0,0.0,0.6,88.4
1747109006869,3.5,0.0,6.9,0.0,0.0,0.9,88.7
1747109008881,3.6,0.0,7.7,0.0,0.0,0.7,88.0
1747109010893,4.0,0.0,9.7,0.0,0.0,0.7,85.7
1747109012904,4.2,0.0,6.6,0.0,0.0,0.7,88.5
1747109014915,4.2,0.0,6.6,0.0,0.0,0.7,88.4
1747109016923,4.0,0.0,6.2,0.0,0.0,0.6,89.2
1747109018932,3.4,0.0,7.1,0.0,0.0,0.6,88.9
1747109020944,3.7,0.0,7.0,0.0,0.0,0.8,88.5
1747109022954,3.8,0.0,6.7,0.0,0.0,0.8,88.7
1747109024963,3.8,0.0,7.3,0.0,0.0,0.8,88.1
1747109026974,4.1,0.0,6.6,0.0,0.0,0.7,88.5
1747109028987,4.0,0.0,7.6,0.0,0.0,0.8,87.7
1747109030998,4.0,0.0,7.5,0.0,0.0,0.8,87.6
1747109033010,4.0,0.0,7.7,0.0,0.0,0.7,87.7
1747109035021,3.7,0.0,7.4,0.0,0.0,0.7,88.3
1747109037034,3.7,0.0,7.3,0.0,0.0,0.5,88.4
1747109039045,4.1,0.0,10.8,0.0,0.0,0.5,84.6
1747109041057,4.2,0.0,7.1,0.0,0.0,0.5,88.2
1747109043068,4.3,0.0,8.6,0.0,0.0,0.6,86.4
1747109045080,4.0,0.0,7.1,0.0,0.0,0.6,88.4
1747109047093,4.2,0.0,7.2,0.0,0.0,0.7,87.9
1747109049104,4.1,0.0,6.8,0.0,0.0,0.7,88.4
1747109051117,3.9,0.0,8.4,0.0,0.0,0.6,87.1
1747109053130,3.8,0.0,8.6,0.0,0.0,0.6,86.9
1747109055142,4.3,0.0,6.7,0.0,0.0,0.6,88.4
1747109057154,3.8,0.0,6.9,0.0,0.0,0.9,88.5
1747109059166,4.4,0.0,7.3,0.0,0.0,0.6,87.6
1747109061178,4.1,0.0,7.6,0.0,0.0,0.8,87.5
1747109063190,4.0,0.0,7.6,0.0,0.0,0.7,87.7
1747109065202,4.2,0.0,7.7,0.0,0.0,0.6,87.6
1747109067214,4.1,0.0,8.7,0.0,0.0,0.5,86.7
1747109069226,4.2,0.0,8.7,0.0,0.0,0.9,86.2
1747109071237,3.9,0.0,7.4,0.0,0.0,0.8,87.9
1747109073250,4.3,0.0,7.9,0.0,0.0,0.8,87.0
1747109075262,4.1,0.0,7.4,0.0,0.0,0.5,88.0
1747109077274,3.9,0.0,7.4,0.0,0.0,0.7,88.1
1747109079286,4.3,0.0,8.0,0.0,0.0,0.6,87.1
1747109081298,4.0,0.0,7.9,0.0,0.0,0.6,87.6
1747109083309,4.1,0.0,7.2,0.0,0.0,0.5,88.2
1747109085322,4.0,0.0,8.1,0.0,0.0,0.9,87.0
1747109087334,3.7,0.0,7.5,0.0,0.0,0.8,88.0
1747109089346,3.8,0.0,7.3,0.0,0.0,0.8,88.2
1747109091356,3.7,0.0,8.2,0.0,0.0,0.8,87.2
1747109093365,3.5,0.0,8.1,0.0,0.0,0.7,87.6
1747109095379,3.4,0.0,8.6,0.0,0.0,0.8,87.2
1747109097392,4.1,0.0,7.4,0.0,0.0,0.9,87.6
1747109099401,4.0,0.0,6.6,0.0,0.0,0.7,88.7
1747109101411,3.8,0.0,8.8,0.0,0.0,0.8,86.6
1747109103424,4.2,0.0,7.4,0.0,0.0,0.7,87.7
1747109105435,4.2,0.0,7.1,0.0,0.0,0.8,87.9
1747109107447,4.3,0.0,8.6,0.0,0.0,0.8,86.2
1747109109459,3.9,0.0,7.4,0.0,0.0,0.8,87.8
1747109111469,3.8,0.0,7.7,0.0,0.0,0.8,87.7
1747109113481,4.0,0.0,9.5,0.0,0.0,0.9,85.5
1747109115493,4.2,0.0,7.6,0.0,0.0,0.7,87.5
1747109117505,4.1,0.0,7.3,0.0,0.0,0.7,87.8
1747109119517,4.2,0.0,7.2,0.0,0.0,0.8,87.8
1747109121528,4.1,0.0,8.0,0.0,0.0,0.8,87.0
1747109123540,4.0,0.0,8.3,0.0,0.0,0.8,86.8
1747109125552,4.1,0.0,6.6,0.0,0.0,0.7,88.5
1747109127567,4.2,0.0,7.8,0.0,0.0,0.9,87.2
1747109129579,3.9,0.0,7.3,0.0,0.0,0.7,88.0
1747109131591,3.7,0.0,7.4,0.0,0.0,0.6,88.3
1747109133602,3.8,0.0,7.5,0.0,0.0,0.7,88.0
1747109135614,4.2,0.0,7.1,0.0,0.0,0.7,88.0
1747109137626,4.4,0.0,7.6,0.0,0.0,0.8,87.2
1747109139639,4.0,0.0,7.4,0.0,0.0,0.7,87.8
1747109141651,4.2,0.0,7.4,0.0,0.0,0.8,87.5
1747109143662,4.3,0.0,7.6,0.0,0.0,0.8,87.3
1747109145675,4.2,0.0,9.3,0.0,0.0,0.7,85.8
1747109147687,4.4,0.0,7.2,0.0,0.0,0.8,87.6
1747109149699,3.8,0.0,8.0,0.0,0.0,0.7,87.6
1747109151711,4.3,0.0,7.7,0.0,0.0,0.6,87.3
1747109153721,3.9,0.0,8.2,0.0,0.0,0.9,87.0
1747109155733,4.0,0.0,7.8,0.0,0.0,0.4,87.8
1747109157745,3.9,0.0,7.5,0.0,0.0,0.6,88.0
1747109159756,3.8,0.0,7.5,0.0,0.0,0.5,88.2
1747109161767,3.9,0.0,8.8,0.0,0.0,0.8,86.5
1747109163778,4.7,0.0,7.5,0.0,0.0,0.8,87.1
1747109165787,3.7,0.0,8.1,0.0,0.0,0.9,87.3
1747109167798,3.6,0.0,7.9,0.0,0.0,0.9,87.7
1747109169808,3.8,0.0,7.0,0.0,0.0,0.7,88.5
1747109171819,3.8,0.0,8.0,0.0,0.0,0.7,87.4
1747109173830,4.4,0.0,8.9,0.0,0.0,0.4,86.2
1747109175843,4.2,0.0,7.8,0.0,0.0,0.7,87.4
1747109177854,4.1,0.0,8.5,0.0,0.0,0.7,86.7
1747109179865,4.1,0.0,7.7,0.0,0.0,0.5,87.7
1747109181877,4.4,0.0,7.8,0.0,0.0,0.8,87.1
1747109183888,4.1,0.0,7.5,0.0,0.0,0.7,87.7
1747109185900,4.3,0.0,8.2,0.0,0.0,0.6,86.9
1747109187911,4.2,0.0,8.0,0.0,0.0,0.8,87.1
1747109189923,4.0,0.0,7.6,0.0,0.0,0.6,87.8
1747109191935,4.4,0.0,7.7,0.0,0.0,0.5,87.3
1747109193947,4.0,0.0,7.8,0.0,0.0,0.7,87.6
1747109195959,4.0,0.0,7.5,0.0,0.0,0.8,87.8
1747109197971,4.2,0.0,7.3,0.0,0.0,0.5,88.0
1747109199982,4.2,0.0,7.7,0.0,0.0,0.7,87.3
1747109201994,3.8,0.0,9.2,0.0,0.0,0.6,86.3
1747109204006,4.0,0.0,7.9,0.0,0.0,0.8,87.3
1747109206018,3.7,0.0,8.1,0.0,0.0,0.6,87.6
1747109208031,4.3,0.0,8.6,0.0,0.0,0.8,86.2
1747109210044,4.5,0.0,7.6,0.0,0.0,0.8,87.1
1747109212055,4.4,0.0,9.6,0.0,0.0,0.7,85.2
1747109214067,3.7,0.0,10.9,0.0,0.0,0.6,84.8
1747109216078,4.2,0.0,7.5,0.0,0.0,0.6,87.6
1747109218090,4.4,0.0,11.9,0.0,0.0,0.7,82.9
1747109220103,4.0,0.0,7.7,0.0,0.0,0.8,87.5
1747109222116,4.0,0.0,10.1,0.0,0.0,0.4,85.5
1747109224128,3.9,0.0,7.6,0.0,0.0,0.7,87.7
1747109226140,4.1,0.0,7.3,0.0,0.0,0.8,87.8
1747109228153,4.4,0.0,7.3,0.0,0.0,0.6,87.7
1747109230166,4.3,0.0,7.0,0.0,0.0,0.5,88.1
1747109232178,3.9,0.0,8.1,0.0,0.0,0.4,87.6
1747109234189,3.9,0.0,10.1,0.0,0.0,0.8,85.3
1747109236199,3.5,0.0,7.1,0.0,0.0,0.8,88.6
1747109238209,3.8,0.0,8.5,0.0,0.0,0.4,87.3
1747109240217,3.9,0.0,9.4,0.0,0.0,0.7,86.1
1747109242227,3.9,0.0,7.3,0.0,0.0,0.5,88.3
1747109244241,3.9,0.0,7.0,0.0,0.0,0.7,88.4
1747109246254,4.3,0.0,7.2,0.0,0.0,0.8,87.7
1747109248267,4.4,0.0,8.0,0.0,0.0,0.9,86.8
1747109250278,4.4,0.0,7.8,0.0,0.0,0.5,87.3
1747109252289,4.2,0.0,9.1,0.0,0.0,0.6,86.2
1747109254301,4.4,0.0,9.6,0.0,0.0,0.3,85.7
1747109256312,4.0,0.0,8.9,0.0,0.0,0.5,86.6
1747109258324,4.0,0.0,8.0,0.0,0.0,0.8,87.2
1747109260336,4.5,0.0,7.3,0.0,0.0,0.5,87.6
1747109262348,4.1,0.0,7.8,0.0,0.0,0.5,87.5
1747109264360,4.3,0.0,7.4,0.0,0.0,1.0,87.3
1747109266372,4.2,0.0,8.1,0.0,0.0,0.7,87.0
1747109268383,4.2,0.0,7.7,0.0,0.0,0.5,87.6
1747109270395,4.6,0.0,11.2,0.0,0.0,0.6,83.6
1747109272406,4.1,0.0,7.6,0.0,0.0,0.6,87.8
1747109274417,4.4,0.0,7.4,0.0,0.0,0.5,87.7
1747109276430,4.4,0.0,7.4,0.0,0.0,0.7,87.5
1747109278442,4.1,0.0,8.1,0.0,0.0,0.6,87.2
1747109280454,4.3,0.0,8.3,0.0,0.0,0.6,86.7
1747109282467,4.3,0.0,8.9,0.0,0.0,0.7,86.1
1747109284478,3.8,0.0,8.0,0.0,0.0,0.7,87.5
1747109286490,3.9,0.0,7.7,0.0,0.0,0.7,87.7
1747109288502,3.9,0.0,8.2,0.0,0.0,0.8,87.2
1747109290513,4.2,0.0,7.9,0.0,0.0,0.4,87.5
1747109292525,4.2,0.0,7.9,0.0,0.0,0.8,87.1
1747109294536,4.3,0.0,7.5,0.0,0.0,0.5,87.7
1747109296548,4.0,0.0,8.1,0.0,0.0,0.7,87.2
1747109298560,4.6,0.0,8.2,0.0,0.0,0.6,86.6
1747109300573,3.9,0.0,9.0,0.0,0.0,0.8,86.4
1747109302585,4.7,0.0,7.6,0.0,0.0,0.8,86.9
1747109304596,4.3,0.0,10.0,0.0,0.0,0.8,85.0
1747109306608,4.1,0.0,8.4,0.0,0.0,0.4,87.0
1747109308617,3.8,0.0,8.5,0.0,0.0,0.8,87.0
1747109310624,3.8,0.0,7.8,0.0,0.0,0.8,87.7
1747109312634,3.9,0.0,8.0,0.0,0.0,0.7,87.4
1747109314644,4.0,0.0,7.8,0.1,0.0,0.7,87.5
1747109316656,4.3,0.0,7.9,0.0,0.0,0.7,87.1
1747109318667,4.5,0.0,9.0,0.0,0.0,0.7,85.9
1747109320678,4.4,0.0,8.8,0.0,0.0,0.8,86.1
1747109322689,4.5,0.0,7.9,0.0,0.0,1.0,86.6
1747109324702,4.5,0.0,8.4,2.8,0.0,0.5,83.9
1747109326713,4.3,0.0,11.1,0.0,0.0,0.6,84.0
1747109328725,4.0,0.0,8.0,0.0,0.0,0.7,87.4
1747109330736,4.0,0.0,7.8,2.2,0.0,0.9,85.1
1747109332747,4.7,0.0,7.5,0.0,0.0,0.6,87.2
1747109334760,4.2,0.0,8.3,0.0,0.0,0.6,86.9
1747109336773,4.2,0.0,10.8,0.0,0.0,0.8,84.2
1747109338785,4.3,0.0,8.6,0.0,0.0,0.7,86.4
1747109340796,4.4,0.0,8.1,0.0,0.0,0.8,86.7
1747109342809,4.5,0.0,8.4,0.0,0.0,0.5,86.5
1747109344821,4.4,0.0,10.3,0.0,0.0,0.7,84.7
1747109346832,4.4,0.0,9.2,0.0,0.0,0.8,85.7
1747109348845,4.5,0.0,8.2,0.0,0.0,0.5,86.8
1747109350857,4.3,0.0,7.6,0.0,0.0,0.6,87.5
1747109352869,4.6,0.0,8.4,0.0,0.0,0.6,86.4
1747109354879,4.5,0.0,9.0,0.0,0.0,0.3,86.2
1747109356892,4.7,0.0,9.1,0.0,0.0,0.6,85.7
1747109358904,4.3,0.0,8.7,0.0,0.0,0.9,86.2
1747109360916,4.4,0.0,11.4,0.0,0.0,0.7,83.5
1747109362927,4.4,0.0,8.0,0.0,0.0,0.4,87.2
1747109364938,4.3,0.0,7.9,0.0,0.0,0.7,87.1
1747109366950,4.8,0.0,7.5,0.0,0.0,0.6,87.0
1747109368962,4.4,0.0,8.4,0.0,0.0,0.8,86.4
1747109370974,4.5,0.0,7.6,0.0,0.0,1.0,87.0
1747109372984,4.3,0.0,8.6,0.0,0.0,0.6,86.5
1747109374995,4.3,0.0,9.6,0.0,0.0,0.7,85.4
1747109377004,4.0,0.0,7.2,0.0,0.0,0.8,88.0
1747109379014,4.1,0.0,7.4,0.0,0.0,0.6,87.9
1747109381022,4.4,0.0,7.0,0.0,0.0,0.9,87.7
1747109383033,4.2,0.0,9.4,0.0,0.0,0.6,85.7
1747109385044,4.6,0.0,8.3,0.0,0.0,0.5,86.6
1747109387055,4.5,0.0,7.8,0.0,0.0,0.6,87.1
1747109389068,4.3,0.0,8.2,0.0,0.0,0.8,86.7
1747109391080,4.3,0.0,9.9,0.0,0.0,0.7,85.2
1747109393092,4.4,0.0,10.4,0.0,0.0,0.7,84.4
1747109395103,4.3,0.0,8.9,0.0,0.0,0.8,86.0
1747109397115,4.5,0.0,10.3,0.0,0.0,0.5,84.7
1747109399127,4.6,0.0,8.4,0.0,0.0,0.5,86.5
1747109401139,4.9,0.0,7.6,0.0,0.0,0.7,86.7
1747109403152,4.5,0.0,8.0,0.0,0.0,0.3,87.2
1747109405164,4.4,0.0,8.1,0.0,0.0,0.6,86.9
1747109407176,4.8,0.0,8.7,0.0,0.0,0.5,86.0
1747109409188,4.5,0.0,8.5,0.0,0.0,0.5,86.4
1747109411200,4.7,0.0,8.5,0.0,0.0,0.6,86.2
1747109413212,4.6,0.0,8.3,0.0,0.0,0.6,86.5
1747109415224,4.7,0.0,8.9,0.0,0.0,0.3,86.1
1747109417234,4.4,0.0,7.7,0.0,0.0,0.5,87.4
1747109419245,4.8,0.0,7.9,0.0,0.0,0.6,86.7
1747109421257,4.4,0.0,8.5,0.0,0.0,0.8,86.4
1747109423269,4.6,0.0,7.8,0.0,0.0,0.7,86.8
1747109425279,4.2,0.0,7.5,0.0,0.0,0.6,87.8
1747109427290,4.5,0.0,7.7,0.0,0.0,0.6,87.2
1747109429301,4.9,0.0,8.3,0.0,0.0,0.5,86.3
1747109431313,4.5,0.0,8.7,0.0,0.0,0.7,86.1
1747109433326,4.5,0.0,9.6,0.0,0.0,0.6,85.3
1747109435338,4.3,0.0,8.1,0.0,0.0,0.5,87.0
1747109437352,4.6,0.0,8.1,0.0,0.0,0.5,86.8
1747109439363,4.0,0.0,8.6,0.0,0.0,0.5,86.8
1747109441374,4.6,0.0,8.4,0.0,0.0,0.7,86.3
1747109443384,4.8,0.0,8.6,0.0,0.0,0.7,85.8
1747109445396,4.0,0.0,8.0,0.0,0.0,0.6,87.4
1747109447408,4.6,0.0,9.0,0.0,0.0,0.5,85.9
1747109449418,4.2,0.0,8.2,0.0,0.0,0.7,86.9
1747109451426,4.3,0.0,7.5,0.0,0.0,0.5,87.7
1747109453435,4.3,0.0,7.6,0.0,0.0,0.7,87.4
1747109455446,4.3,0.0,9.2,0.0,0.0,0.9,85.6
1747109457459,4.5,0.0,8.1,0.0,0.0,0.6,86.7
1747109459470,4.7,0.0,8.2,0.0,0.0,0.5,86.6
1747109461481,4.6,0.0,9.3,0.0,0.0,0.7,85.5
1747109463493,4.7,0.0,8.0,0.0,0.0,0.8,86.5
1747109465504,4.8,0.0,10.4,0.0,0.0,0.7,84.1
1747109467516,4.3,0.0,8.3,0.0,0.0,0.8,86.5
1747109469528,4.6,0.0,8.2,0.0,0.0,0.6,86.6
1747109471540,4.6,0.0,8.9,0.0,0.0,0.7,85.9
1747109473550,4.8,0.0,10.2,0.0,0.0,0.6,84.4
1747109475562,4.6,0.0,8.4,0.0,0.0,0.4,86.6
1747109477574,4.9,0.0,8.0,0.0,0.0,0.4,86.7
1747109479585,5.1,0.0,7.5,0.0,0.0,0.5,86.9
1747109481597,4.8,0.0,11.1,0.0,0.0,0.5,83.5
1747109483609,4.4,0.0,9.3,0.0,0.0,0.8,85.5
1747109485621,4.4,0.0,8.8,0.0,0.0,0.4,86.4
1747109487633,4.1,0.0,8.8,0.0,0.0,0.6,86.5
1747109489643,4.4,0.0,8.4,0.0,0.0,0.6,86.6
1747109491655,4.4,0.0,7.6,0.0,0.0,0.7,87.3
1747109493667,4.6,0.0,7.8,0.0,0.0,0.5,87.1
1747109495678,4.4,0.0,9.0,0.0,0.0,0.7,85.9
1747109497691,4.6,0.0,8.8,0.0,0.0,0.6,86.1
1747109499702,4.9,0.0,8.7,0.0,0.0,0.6,85.8
1747109501715,4.5,0.0,8.6,0.0,0.0,0.8,86.1
1747109503726,4.8,0.0,8.5,0.0,0.0,0.8,86.0
1747109505737,4.6,0.0,7.9,0.0,0.0,0.8,86.6
1747109507751,4.6,0.0,9.8,0.0,0.0,0.7,85.0
1747109509764,4.6,0.0,8.8,0.0,0.0,0.5,86.1
1747109511776,4.7,0.0,9.8,0.0,0.0,0.8,84.8
1747109513786,4.7,0.0,8.9,0.0,0.0,0.6,85.9
1747109515796,4.3,0.0,9.5,0.0,0.0,0.7,85.5
1747109517807,4.2,0.0,7.5,0.0,0.0,0.9,87.5
1747109519817,4.3,0.0,8.3,0.0,0.0,0.8,86.6
1747109521828,4.4,0.0,7.5,0.0,0.0,0.4,87.7
1747109523838,4.6,0.0,8.0,0.0,0.0,0.5,86.8
1747109525851,4.0,0.0,7.6,0.0,0.0,0.8,87.6
1747109527863,4.7,0.0,8.9,0.0,0.0,0.6,85.8
1747109529875,4.2,0.0,9.7,0.0,0.0,0.5,85.6
1747109531886,4.4,0.0,8.4,0.0,0.0,0.8,86.4
1747109533898,4.3,0.0,8.1,0.0,0.0,0.5,87.1
1747109535910,4.6,0.0,8.5,0.0,0.0,0.7,86.2
1747109537921,4.6,0.0,8.6,0.0,0.0,0.7,86.1
1747109539933,5.1,0.0,8.2,0.0,0.0,0.7,85.9
1747109541945,4.4,0.0,9.3,0.0,0.0,0.6,85.6
1747109543956,4.6,0.0,11.4,0.0,0.0,0.6,83.4
1747109545968,4.7,0.0,9.1,0.0,0.0,0.7,85.6
1747109547979,4.9,0.0,10.8,0.0,0.0,0.4,83.8
1747109549991,5.0,0.0,9.0,0.0,0.0,0.7,85.4
1747109552003,4.2,0.0,9.8,0.0,0.0,0.6,85.3
1747109554015,4.2,0.0,8.3,0.0,0.0,0.6,86.9
1747109556026,4.7,0.0,9.7,0.0,0.0,0.6,84.9
1747109558038,4.4,0.0,9.5,0.0,0.0,1.0,85.1
1747109560048,4.7,0.0,10.9,0.0,0.0,0.6,83.8
1747109562060,4.8,0.0,8.7,0.0,0.0,0.6,86.0
1747109564072,4.7,0.0,9.2,0.0,0.0,0.3,85.8
1747109566083,4.9,0.0,8.4,0.0,0.0,0.7,86.1
1747109568094,5.2,0.0,8.4,0.0,0.0,0.8,85.7
1747109570105,4.7,0.0,8.8,0.0,0.0,0.3,86.1
1747109572117,5.0,0.0,8.2,0.0,0.0,0.4,86.4
1747109574130,4.7,0.0,8.8,0.0,0.0,0.8,85.8
1747109576143,5.0,0.0,8.6,0.0,0.0,0.6,85.9
1747109578155,5.0,0.0,8.5,0.0,0.0,0.6,85.9
1747109580167,4.9,0.0,8.6,0.0,0.0,0.5,86.0
1747109582177,4.7,0.0,10.2,0.0,0.0,0.1,85.1
1747109584186,4.4,0.0,8.3,0.0,0.0,0.7,86.6
1747109586196,4.4,0.0,8.4,0.0,0.0,0.6,86.7
1747109588210,4.8,0.0,8.5,0.0,0.0,0.5,86.2
1747109590221,4.3,0.0,8.7,0.0,0.0,0.6,86.4
1747109592231,5.0,0.0,8.3,0.0,0.0,0.7,86.0
1747109594241,4.6,0.0,8.5,0.0,0.0,0.6,86.3
1747109596250,4.4,0.0,8.4,0.0,0.0,0.4,86.8
1747109598261,4.8,0.0,8.6,0.0,0.0,0.6,86.0
1747109600274,5.0,0.0,8.8,0.0,0.0,0.7,85.6
1747109602285,4.5,0.0,8.8,0.0,0.0,0.9,85.7
1747109604297,5.0,0.0,8.8,0.0,0.0,0.7,85.6
1747109606308,4.7,0.0,8.6,0.0,0.0,0.6,86.1
1747109608320,4.5,0.0,9.5,0.0,0.0,0.6,85.4
1747109610332,4.7,0.0,8.6,0.0,0.0,0.7,86.0
1747109612346,4.6,0.0,8.6,0.0,0.0,0.6,86.1
1747109614358,5.0,0.0,10.0,0.0,0.0,0.5,84.4
1747109616369,4.5,0.0,8.8,0.0,0.0,0.5,86.3
1747109618381,4.4,0.0,8.8,0.0,0.0,0.4,86.4
1747109620393,4.6,0.0,9.2,0.0,0.0,0.7,85.5
1747109622405,5.0,0.0,8.7,0.0,0.0,0.4,85.9
1747109624417,5.0,0.0,8.3,0.0,0.0,0.4,86.4
1747109626428,4.8,0.0,8.7,0.0,0.0,0.5,86.0
1747109628439,4.7,0.0,8.5,0.0,0.0,0.7,86.1
1747109630452,4.8,0.0,9.3,0.0,0.0,0.7,85.3
1747109632463,4.5,0.0,8.9,0.0,0.0,0.6,85.9
1747109634477,4.8,0.0,9.1,0.0,0.0,0.4,85.7
1747109636488,4.4,0.0,8.7,0.0,0.0,0.5,86.4
1747109638500,4.5,0.0,9.6,0.0,0.0,0.5,85.3
1747109640511,4.5,0.0,8.5,0.0,0.0,0.8,86.2
1747109642522,4.8,0.0,8.4,0.0,0.0,0.5,86.2
1747109644533,4.7,0.0,9.4,0.0,0.0,0.6,85.4
1747109646546,4.9,0.0,8.5,0.0,0.0,0.8,85.8
1747109648558,4.8,0.0,8.7,0.0,0.0,0.7,85.8
1747109650570,4.9,0.0,8.7,0.0,0.0,0.7,85.7
1747109652581,4.8,0.0,8.6,0.0,0.0,0.6,86.0
1747109654593,4.7,0.0,8.6,0.0,0.0,0.6,86.1
1747109656605,4.5,0.0,10.2,0.0,0.0,0.3,85.0
1747109658617,5.1,0.0,9.1,0.0,0.0,0.9,84.9
1747109660627,4.2,0.0,7.8,0.0,0.0,0.8,87.1
1747109662635,4.6,0.0,8.0,0.0,0.0,0.6,86.9
1747109664644,4.8,0.0,7.6,0.0,0.0,0.8,86.8
1747109666655,4.2,0.0,8.7,0.0,0.0,0.7,86.5
1747109668664,4.4,0.0,9.0,0.0,0.0,0.6,86.0
1747109670676,4.8,0.0,10.8,0.0,0.0,0.6,83.8
1747109672688,4.7,0.0,8.9,0.0,0.0,0.5,85.8
1747109674700,4.6,0.0,9.0,0.0,0.0,0.7,85.7
1747109676713,5.0,0.0,8.6,0.0,0.0,0.8,85.7
1747109678725,4.3,0.0,9.7,0.0,0.0,0.8,85.2
1747109680737,4.9,0.0,8.5,0.0,0.0,0.5,86.1
1747109682748,4.8,0.0,11.2,0.0,0.0,0.9,83.1
1747109684760,4.9,0.0,10.5,0.0,0.0,0.3,84.3
1747109686770,4.3,0.0,9.2,0.0,0.0,0.5,86.1
1747109688780,5.0,0.0,9.2,0.0,0.0,0.8,85.0
1747109690792,4.8,0.0,9.4,0.0,0.0,0.9,85.0
1747109692804,4.6,0.0,9.0,0.0,0.0,0.5,85.9
1747109694816,5.2,0.0,8.5,0.0,0.0,0.8,85.6
1747109696827,5.2,0.0,8.9,0.0,0.0,0.6,85.3
1747109698838,5.1,0.0,11.1,0.0,0.0,0.8,83.0
1747109700850,4.5,0.0,8.8,0.0,0.0,0.5,86.2
1747109702862,5.2,0.0,13.8,0.0,0.0,0.6,80.4
1747109704873,4.6,0.0,8.6,0.0,0.0,0.8,86.0
1747109706884,4.9,0.0,10.2,0.0,0.0,0.8,84.0
1747109708895,4.7,0.0,9.0,0.0,0.0,0.5,85.8
1747109710907,4.5,0.0,9.6,0.0,0.0,0.4,85.4
1747109712921,4.8,0.0,8.4,0.0,0.0,0.9,85.9
1747109714934,4.7,0.0,8.3,0.0,0.0,0.6,86.4
1747109716946,4.6,0.0,8.8,0.0,0.0,0.6,86.0
1747109718959,4.8,0.0,8.9,0.0,0.0,0.8,85.4
1747109720970,4.7,0.0,12.1,0.0,0.0,0.8,82.5
1747109722981,5.0,0.0,8.4,0.0,0.0,0.6,86.0
1747109724989,4.8,0.0,10.4,0.0,0.0,0.7,84.1
1747109726999,4.3,0.0,8.4,0.0,0.0,0.5,86.8
1747109729009,4.6,0.0,9.1,0.0,0.0,0.5,85.8
1747109731020,4.8,0.0,8.9,0.0,0.0,0.5,85.8
1747109733035,4.3,0.0,9.6,0.0,0.0,0.6,85.5
1747109735049,5.0,0.0,8.5,0.0,0.0,0.5,86.0
1747109737062,4.8,0.0,8.9,0.0,0.0,0.7,85.6
1747109739075,4.7,0.0,9.2,0.0,0.0,0.4,85.7
1747109741088,4.9,0.0,9.0,0.0,0.0,0.5,85.6
1747109743100,4.8,0.0,9.6,0.0,0.0,0.5,85.0
1747109745114,5.1,0.0,8.8,0.0,0.0,0.5,85.5
1747109747128,4.8,0.0,13.4,0.0,0.0,0.6,81.2
1747109749139,4.6,0.0,9.5,0.0,0.0,0.6,85.3
1747109751151,4.6,0.0,8.8,0.0,0.0,0.4,86.2
1747109753164,5.0,0.0,9.3,0.0,0.0,0.5,85.3
1747109755176,5.2,0.0,10.5,0.0,0.0,0.4,83.9
1747109757187,4.5,0.0,9.2,0.0,0.0,0.6,85.7
1747109759199,4.9,0.0,8.6,0.0,0.0,0.6,85.8
1747109761211,5.1,0.0,8.7,0.0,0.0,0.4,85.8
1747109763222,5.0,0.0,8.4,0.0,0.0,0.7,85.9
1747109765235,5.3,0.0,8.1,0.0,0.0,0.8,85.9
1747109767247,5.1,0.0,12.3,0.0,0.0,0.6,82.0
1747109769259,5.3,0.0,9.5,0.0,0.0,0.5,84.7
1747109771271,5.1,0.0,8.7,0.0,0.0,0.6,85.7
1747109773282,4.8,0.0,9.7,0.0,0.0,0.3,85.2
1747109775293,4.8,0.0,9.1,0.0,0.0,0.3,85.8
1747109777304,5.1,0.0,8.7,0.0,0.0,0.3,85.9
1747109779316,5.4,0.0,8.6,0.0,0.0,0.5,85.5
1747109781328,5.0,0.0,9.6,0.0,0.0,0.7,84.7
1747109783340,4.9,0.0,9.0,0.0,0.0,0.8,85.3
1747109785353,5.1,0.0,10.1,0.0,0.0,0.6,84.2
1747109787365,4.7,0.0,8.9,0.0,0.0,0.5,85.8
1747109789374,5.1,0.0,9.0,0.0,0.0,0.6,85.3
1747109791383,4.6,0.0,9.0,0.0,0.0,0.8,85.6
1747109793391,4.9,0.0,8.8,0.0,0.0,0.9,85.4
1747109795399,4.7,0.0,8.0,0.0,0.0,0.7,86.6
1747109797409,4.9,0.0,8.9,0.0,0.0,0.6,85.7
1747109799419,4.6,0.0,8.6,0.0,0.0,0.4,86.4
1747109801433,4.5,0.0,9.9,0.0,0.0,0.8,84.9
1747109803444,5.0,0.0,9.8,0.0,0.0,0.7,84.5
1747109805455,5.0,0.0,10.2,0.0,0.0,0.4,84.3
1747109807467,5.1,0.0,9.0,0.0,0.0,0.9,85.0
1747109809477,5.2,0.0,8.5,0.0,0.0,1.0,85.3
1747109811489,5.0,0.0,10.7,0.0,0.0,0.5,83.8
1747109813501,4.9,0.0,9.8,0.0,0.0,0.5,84.8
1747109815512,4.9,0.0,8.9,0.0,0.0,0.6,85.6
1747109817525,4.8,0.0,9.1,0.0,0.0,0.5,85.5
1747109819538,5.0,0.0,9.4,0.0,0.0,0.9,84.8
1747109821550,4.8,0.0,9.8,0.0,0.0,0.8,84.7
1747109823562,4.9,0.0,10.7,0.0,0.0,0.8,83.6
1747109825574,4.6,0.0,10.1,0.0,0.0,0.6,84.7
1747109827585,5.2,0.0,8.5,0.0,0.0,0.5,85.9
1747109829597,4.7,0.0,10.1,0.0,0.0,0.4,84.8
1747109831608,5.2,0.0,9.0,0.0,0.0,0.3,85.5
1747109833620,4.6,0.0,9.4,0.0,0.0,0.6,85.4
1747109835632,4.8,0.0,9.1,0.0,0.0,0.6,85.5
1747109837644,5.0,0.0,9.1,0.0,0.0,0.4,85.5
1747109839655,4.9,0.0,8.9,0.0,0.0,0.6,85.6
1747109841667,5.1,0.0,8.7,0.0,0.0,0.5,85.7
1747109843679,5.3,0.0,8.7,0.0,0.0,0.3,85.7
1747109845689,4.9,0.0,9.0,0.0,0.0,0.6,85.5
1747109847701,5.2,0.0,8.8,0.0,0.0,0.7,85.3
1747109849712,4.9,0.0,9.0,0.0,0.0,0.4,85.7
1747109851724,4.5,0.0,9.2,0.0,0.0,0.6,85.7
1747109853737,5.1,0.0,8.3,0.0,0.0,0.7,85.9
1747109855750,4.7,0.0,9.4,0.0,0.0,0.6,85.3
1747109857762,4.8,0.0,9.5,0.0,0.0,0.7,85.1
1747109859772,5.0,0.0,8.9,0.0,0.0,0.6,85.5
1747109861780,4.8,0.0,8.7,0.0,0.0,0.8,85.8
1747109863789,4.4,0.0,8.9,0.0,0.0,1.0,85.7
1747109865799,4.8,0.0,7.9,0.0,0.0,0.5,86.8
1747109867809,4.8,0.0,8.8,0.0,0.0,0.4,86.0
1747109869818,4.5,0.0,8.5,0.0,0.0,0.7,86.3
1747109871828,4.9,0.0,9.0,0.0,0.0,0.7,85.5
1747109873843,5.1,0.0,11.9,0.0,0.0,0.4,82.5
1747109875855,4.8,0.0,8.9,0.0,0.0,0.7,85.7
1747109877867,5.3,0.0,8.7,0.0,0.0,0.5,85.5
1747109879879,4.7,0.0,9.5,0.0,0.0,0.6,85.2
1747109881892,5.2,0.0,9.3,0.0,0.0,0.5,85.0
1747109883904,5.3,0.0,8.6,0.0,0.0,0.8,85.3
1747109885916,4.9,0.0,8.9,0.0,0.0,0.6,85.6
1747109887928,5.1,0.0,8.8,0.0,0.0,0.7,85.4
1747109889941,4.8,0.0,9.6,0.0,0.0,0.8,84.8
1747109891954,4.8,0.0,10.1,0.0,0.0,0.8,84.2
1747109893966,5.4,0.0,10.8,0.0,0.0,0.5,83.3
1747109895977,4.7,0.0,9.1,0.0,0.0,1.1,85.1
1747109897989,5.1,0.0,10.3,0.0,0.0,0.5,84.1
1747109900001,4.8,0.0,8.4,0.0,0.0,0.5,86.3
1747109902013,4.6,0.0,8.8,0.0,0.0,0.7,85.9
1747109904025,4.8,0.0,9.2,0.0,0.0,0.6,85.4
1747109906038,4.8,0.0,8.9,0.0,0.0,0.6,85.7
1747109908049,4.8,0.0,9.1,0.0,0.0,0.5,85.5
1747109910061,4.7,0.0,13.1,0.0,0.0,0.6,81.6
1747109912072,4.9,0.0,9.2,0.0,0.0,0.8,85.1
1747109914083,5.1,0.0,9.5,0.0,0.0,0.5,84.9
1747109916095,5.0,0.0,8.9,0.0,0.0,0.6,85.5
1747109918107,5.6,0.0,12.3,0.0,0.0,0.5,81.6
1747109920118,5.2,0.0,9.1,0.0,0.0,0.8,85.0
1747109922131,5.0,0.0,8.6,0.0,0.0,0.7,85.7
1747109924143,5.4,0.0,8.8,0.0,0.0,0.6,85.2
1747109926154,4.8,0.0,10.2,0.0,0.0,0.7,84.3
1747109928164,4.9,0.0,9.2,0.0,0.0,0.5,85.3
1747109930171,5.0,0.0,11.9,0.0,0.0,0.7,82.5
1747109932181,4.5,0.0,8.7,0.0,0.0,0.8,86.0
1747109934191,4.9,0.0,9.3,0.0,0.0,0.2,85.5
1747109936201,4.9,0.0,9.3,0.0,0.0,0.5,85.3
1747109938211,5.0,0.0,9.7,0.0,0.0,0.6,84.7
1747109940225,5.2,0.0,9.2,0.0,0.0,0.8,84.8
1747109942236,4.8,0.0,10.9,0.0,0.0,0.7,83.6
1747109944248,4.9,0.0,10.2,0.0,0.0,0.4,84.5
1747109946260,5.2,0.0,9.3,0.0,0.0,0.6,84.8
1747109948271,4.9,0.0,10.3,0.0,0.0,0.5,84.3
1747109950282,5.0,0.0,9.7,0.0,0.0,0.6,84.8
1747109952294,4.9,0.0,11.9,0.0,0.0,0.8,82.5
1747109954305,5.2,0.0,11.8,0.0,0.0,0.6,82.4
1747109956315,5.0,0.0,9.0,0.0,0.0,0.8,85.2
1747109958329,5.1,0.0,9.4,0.0,0.0,0.6,84.8
1747109960341,5.1,0.0,12.5,0.0,0.0,0.2,82.2
1747109962353,5.0,0.0,9.2,0.0,0.0,0.5,85.2
1747109964365,4.8,0.0,13.2,0.0,0.0,0.6,81.3
1747109966377,5.2,0.0,9.5,0.0,0.0,0.4,84.9
1747109968389,5.0,0.0,9.2,0.0,0.0,0.8,85.1
1747109970401,5.0,0.0,9.4,0.0,0.0,0.4,85.2
1747109972412,5.4,0.0,8.3,0.0,0.0,0.4,86.0
1747109974425,5.0,0.0,8.9,0.0,0.0,0.5,85.6
1747109976437,5.1,0.0,8.2,0.0,0.0,0.5,86.2
1747109978449,5.0,0.0,9.4,0.0,0.0,0.3,85.3
1747109980460,5.0,0.0,8.9,0.0,0.0,0.6,85.5
1747109982472,5.0,0.0,10.4,0.0,0.0,0.8,83.8
1747109984484,5.0,0.0,9.7,0.0,0.0,0.6,84.7
1747109986495,5.4,0.0,9.7,0.0,0.0,0.6,84.3
1747109988507,5.0,0.0,10.9,0.0,0.0,0.8,83.3
1747109990518,4.9,0.0,9.8,0.0,0.0,0.7,84.6
1747109992527,4.5,0.0,9.0,0.0,0.0,0.5,86.0
1747109994536,4.7,0.0,11.0,0.0,0.0,0.5,83.8
1747109996546,4.8,0.0,8.5,0.0,0.0,0.3,86.3
1747109998555,5.4,0.0,10.3,0.0,0.0,0.3,84.0
1747110000563,4.5,0.0,9.4,0.0,0.0,0.6,85.5
1747110002573,5.2,0.0,8.7,0.0,0.0,0.5,85.7
1747110004585,5.5,0.0,10.0,0.0,0.0,0.7,83.9
1747110006597,5.3,0.0,9.8,0.0,0.0,0.8,84.1
1747110008608,5.3,0.0,8.9,0.0,0.0,0.8,85.0
1747110010620,5.0,0.0,9.1,0.0,0.0,0.6,85.3
1747110012632,5.4,0.0,8.8,0.0,0.0,0.6,85.2
1747110014643,5.4,0.0,9.3,0.0,0.0,0.7,84.7
1747110016655,5.1,0.0,9.6,0.0,0.0,0.5,84.9
1747110018665,5.1,0.0,9.0,0.0,0.0,0.6,85.2
1747110020675,5.4,0.0,14.1,0.0,0.0,0.4,80.0
1747110022688,5.4,0.0,9.1,0.0,0.0,0.7,84.8
1747110024700,5.4,0.0,9.5,0.0,0.0,0.8,84.3
1747110026712,5.0,0.0,9.4,0.0,0.0,0.8,84.9
1747110028723,5.0,0.0,13.8,0.0,0.0,0.7,80.5
1747110030734,4.7,0.0,9.6,0.0,0.0,0.7,85.0
1747110032745,5.4,0.0,9.1,0.0,0.0,0.8,84.6
1747110034757,5.5,0.0,10.5,0.0,0.0,0.8,83.2
1747110036769,4.9,0.0,9.7,0.0,0.0,0.5,84.9
1747110038779,5.4,0.0,10.2,0.0,0.0,0.6,83.8
1747110040791,5.3,0.0,12.5,0.0,0.0,0.6,81.6
1747110042804,5.4,0.0,9.4,0.0,0.0,0.8,84.4
1747110044816,5.0,0.0,9.0,0.0,0.0,0.8,85.2
1747110046827,5.3,0.0,9.2,0.0,0.0,0.8,84.7
1747110048838,5.2,0.0,9.8,0.0,0.0,0.3,84.6
1747110050850,5.4,0.0,10.9,0.0,0.0,0.9,82.8
1747110052861,5.2,0.0,9.9,0.0,0.0,0.6,84.4
1747110054872,5.0,0.0,9.5,0.0,0.0,1.0,84.5
1747110056883,5.7,0.0,11.5,0.0,0.0,0.5,82.2
1747110058895,4.9,0.0,8.8,0.0,0.0,0.5,85.8
1747110060913,5.2,0.0,9.9,0.0,0.0,0.5,84.4
1747110062922,4.7,0.0,9.8,0.0,0.0,0.6,84.9
1747110064932,5.1,0.0,9.6,0.0,0.0,0.9,84.3
1747110066942,4.8,0.0,11.2,0.0,0.0,0.4,83.6
1747110068952,5.4,0.0,10.8,0.0,0.0,0.3,83.5
1747110070966,5.0,0.0,9.6,0.0,0.0,0.8,84.7
1747110072977,5.1,0.0,9.2,0.0,0.0,0.6,85.0
1747110074989,5.1,0.0,13.7,0.0,0.0,0.6,80.7
1747110077000,5.2,0.0,9.0,0.0,0.0,0.5,85.3
1747110079012,4.8,0.0,10.1,0.0,0.0,0.4,84.7
1747110081023,5.0,0.0,10.5,0.0,0.0,0.4,84.1
1747110083034,5.1,0.0,12.2,0.0,0.0,0.8,81.9
1747110085046,5.4,0.0,10.4,0.0,0.0,0.5,83.8
1747110087057,5.5,0.0,9.1,0.0,0.0,0.8,84.6
1747110089069,4.9,0.0,9.6,0.0,0.0,0.3,85.2
1747110091081,5.3,0.0,10.8,0.0,0.0,0.3,83.5
1747110093092,5.5,0.0,10.2,0.0,0.0,0.2,84.1
1747110095103,5.3,0.0,9.3,0.0,0.0,0.6,84.9
1747110097114,5.1,0.0,10.6,0.0,0.0,0.5,83.8
1747110099126,5.3,0.0,10.9,0.0,0.0,0.4,83.3
1747110101138,5.4,0.0,9.1,0.0,0.0,0.5,85.0
1747110103150,5.6,0.0,9.0,0.0,0.0,0.8,84.7
1747110105161,5.2,0.0,10.3,0.0,0.0,0.3,84.2
1747110107174,5.1,0.0,10.9,0.0,0.0,0.3,83.6
1747110109186,5.3,0.0,9.4,0.0,0.0,0.6,84.6
1747110111198,5.5,0.0,9.4,0.0,0.0,0.3,84.8
1747110113210,5.3,0.0,9.7,0.0,0.0,0.4,84.7
1747110115222,5.3,0.0,9.0,0.0,0.0,0.7,85.0
1747110117234,5.0,0.0,9.5,0.0,0.0,0.4,85.2
1747110119245,5.2,0.0,10.9,0.0,0.0,0.6,83.3
1747110121256,5.0,0.0,11.1,0.0,0.0,0.4,83.5
1747110123266,4.8,0.0,10.0,0.0,0.0,0.5,84.7
1747110125274,4.8,0.0,9.6,0.0,0.0,0.3,85.3
1747110127283,4.9,0.0,8.9,0.0,0.0,0.7,85.5
1747110129293,5.4,0.0,10.1,0.0,0.0,0.5,84.0
1747110131303,5.2,0.0,9.7,0.0,0.0,0.8,84.3
1747110133313,5.2,0.0,9.5,0.0,0.0,0.4,84.9
1747110135323,5.2,0.0,9.5,0.0,0.0,0.4,84.9
1747110137335,5.3,0.0,11.0,0.0,0.0,0.6,83.1
1747110139349,5.4,0.0,10.5,0.0,0.0,0.4,83.6
1747110141361,5.4,0.0,9.5,0.0,0.0,0.4,84.7
1747110143372,5.1,0.0,11.6,0.0,0.0,0.5,82.8
1747110145384,5.5,0.0,11.5,0.0,0.0,0.5,82.6
1747110147395,4.7,0.0,10.8,0.0,0.0,0.8,83.6
1747110149408,5.1,0.0,11.3,0.0,0.0,0.6,83.0
1747110151420,5.7,0.0,10.0,0.0,0.0,0.4,83.9
1747110153431,5.7,0.0,9.6,0.0,0.0,0.5,84.2
1747110155442,5.2,0.0,10.1,0.0,0.0,0.4,84.3
1747110157454,5.5,0.0,10.1,0.0,0.0,0.7,83.6
1747110159465,5.5,0.0,11.7,0.0,0.0,0.6,82.2
1747110161476,5.1,0.0,10.2,0.0,0.0,0.8,84.0
1747110163488,5.6,0.0,8.9,0.0,0.0,0.7,84.8
1747110165500,5.9,0.0,8.9,0.0,0.0,0.5,84.7
1747110167512,5.6,0.0,9.3,0.0,0.0,0.7,84.4
1747110169524,5.6,0.0,9.3,0.0,0.0,0.5,84.6
1747110171536,5.1,0.0,9.9,0.0,0.0,0.6,84.5
1747110173548,5.4,0.0,9.5,0.0,0.0,0.6,84.5
1747110175561,5.5,0.0,11.1,0.0,0.0,0.8,82.6
1747110177573,5.6,0.0,9.4,0.0,0.0,0.4,84.5
1747110179585,5.2,0.0,10.4,0.0,0.0,0.7,83.7
1747110181597,5.9,0.0,13.3,0.0,0.0,0.3,80.5
1747110183609,5.2,0.0,9.7,0.0,0.0,0.4,84.8
1747110185620,5.2,0.0,10.3,0.0,0.0,0.8,83.7
1747110187632,5.7,0.0,10.1,0.0,0.0,0.4,83.9
1747110189641,4.8,0.0,13.0,0.0,0.0,0.2,82.0
1747110191650,5.1,0.0,11.9,0.0,0.0,0.5,82.6
1747110193658,4.5,0.0,10.7,0.0,0.0,0.6,84.2
1747110195667,5.4,0.0,9.4,0.0,0.0,0.5,84.7
1747110197676,4.9,0.0,9.2,0.0,0.0,0.5,85.4
1747110199689,5.3,0.0,10.5,0.0,0.0,0.8,83.4
1747110201699,5.2,0.0,9.5,0.0,0.0,0.6,84.7
1747110203711,5.3,0.0,9.7,0.0,0.0,0.4,84.6
1747110205723,5.6,0.0,10.6,0.0,0.0,0.4,83.4
1747110207734,5.6,0.0,9.7,0.0,0.0,0.6,84.2
1747110209746,5.4,0.0,9.7,0.0,0.0,0.3,84.5
1747110211757,5.5,0.0,10.0,0.0,0.0,0.7,83.9
1747110213769,5.1,0.0,9.5,0.0,0.0,0.7,84.7
1747110215781,5.4,0.0,9.7,0.0,0.0,0.7,84.2
1747110217792,5.5,0.0,9.4,0.0,0.0,0.3,84.8
1747110219804,5.3,0.0,9.5,0.0,0.0,0.4,84.8
1747110221815,5.1,0.0,11.6,0.0,0.0,0.3,83.0
1747110223827,5.5,0.0,9.7,0.0,0.0,0.4,84.5
1747110225840,5.5,0.0,9.9,0.0,0.0,0.6,84.0
1747110227854,5.6,0.0,10.2,0.0,0.0,0.7,83.5
1747110229865,5.4,0.0,10.2,0.0,0.0,0.6,83.8
1747110231878,5.1,0.0,10.2,0.0,0.0,0.5,84.2
1747110233890,5.1,0.0,9.8,0.0,0.0,0.3,84.7
1747110235902,5.1,0.0,9.9,0.0,0.0,0.7,84.2
1747110237914,5.7,0.0,10.2,0.0,0.0,0.5,83.7
1747110239925,5.2,0.0,11.6,0.0,0.0,0.6,82.6
1747110241937,5.4,0.0,9.5,0.0,0.0,0.6,84.6
1747110243949,5.4,0.0,10.1,0.0,0.0,0.6,84.0
1747110245962,5.2,0.0,12.3,0.0,0.0,0.2,82.3
1747110247974,5.4,0.0,12.5,0.0,0.0,0.3,81.7
1747110249987,5.6,0.0,13.1,0.0,0.0,0.7,80.6
1747110251999,5.8,0.0,9.8,0.0,0.0,0.7,83.8
1747110254010,5.5,0.0,10.2,0.0,0.0,0.7,83.6
1747110256021,6.1,0.0,9.8,0.0,0.0,0.4,83.7
1747110258030,5.2,0.0,10.2,0.0,0.0,0.6,84.0
1747110260041,5.2,0.0,9.8,0.0,0.0,0.5,84.4
1747110262049,4.9,0.0,9.5,0.0,0.0,0.7,85.0
1747110264059,5.2,0.0,11.7,0.0,0.0,0.7,82.5
1747110266068,5.3,0.0,9.5,0.0,0.0,0.6,84.7
1747110268078,4.9,0.0,9.8,0.0,0.0,0.4,85.0
1747110270089,6.1,0.0,8.9,0.0,0.0,0.6,84.4
1747110272103,5.2,0.0,11.4,0.0,0.0,0.6,82.8
1747110274115,5.2,0.0,10.5,0.0,0.0,0.6,83.7
1747110276126,5.3,0.0,10.4,0.0,0.0,0.5,83.8
1747110278138,5.4,0.0,14.2,0.0,0.0,0.3,80.0
1747110280149,5.8,0.0,10.4,0.0,0.0,0.8,83.1
1747110282161,5.9,0.0,10.4,0.0,0.0,0.5,83.1
1747110284173,5.5,0.0,10.5,0.0,0.0,0.6,83.5
1747110286185,5.7,0.0,11.2,0.0,0.0,0.8,82.3
1747110288196,5.3,0.0,11.0,0.0,0.0,0.6,83.1
1747110290207,5.3,0.0,10.8,0.0,0.0,0.7,83.3
1747110292219,5.5,0.0,12.1,0.0,0.0,0.3,82.2
1747110294231,5.6,0.0,9.2,0.0,0.0,0.6,84.5
1747110296242,5.2,0.0,9.8,0.0,0.0,0.3,84.6
1747110298254,5.7,0.0,9.8,0.0,0.0,0.7,83.8
1747110300267,5.3,0.0,9.8,0.0,0.0,0.5,84.3
1747110302281,5.3,0.0,16.4,0.0,0.0,0.5,77.8
1747110304294,5.6,0.0,9.9,0.0,0.0,0.5,84.0
1747110306306,5.4,0.0,10.9,0.0,0.0,0.3,83.3
1747110308318,5.7,0.0,10.0,0.0,0.0,0.3,84.0
1747110310330,5.3,0.0,10.9,0.0,0.0,0.4,83.4
1747110312342,5.5,0.0,11.7,0.0,0.0,0.6,82.2
1747110314354,5.5,0.0,10.9,0.0,0.0,0.6,83.0
1747110316366,5.3,0.0,10.7,0.0,0.0,0.6,83.5
1747110318377,5.8,0.0,11.6,0.0,0.0,0.7,82.0
1747110320386,5.2,0.0,9.8,0.0,0.0,0.3,84.6
1747110322394,5.1,0.0,11.5,0.0,0.0,0.4,83.0
1747110324407,4.9,0.0,12.5,0.0,0.0,0.8,81.8
1747110326420,5.1,0.0,10.5,0.0,0.0,0.3,84.1
1747110328430,5.2,0.0,9.8,0.0,0.0,0.7,84.3
1747110330440,5.4,0.0,10.1,0.0,0.0,0.5,84.0
1747110332453,5.5,0.0,15.0,0.0,0.0,0.9,78.6
1747110334464,5.5,0.0,9.6,0.0,0.0,0.4,84.5
1747110336475,5.3,0.0,9.3,0.0,0.0,0.8,84.6
1747110338487,5.4,0.0,9.8,0.0,0.0,0.6,84.2
1747110340498,5.6,0.0,10.9,0.0,0.0,0.6,82.9
1747110342510,5.7,0.0,10.4,0.0,0.0,0.6,83.3
1747110344521,5.2,0.0,9.8,0.0,0.0,0.5,84.4
1747110346533,5.5,0.0,10.4,0.0,0.0,0.4,83.7
1747110348545,5.8,0.0,10.8,0.0,0.0,0.6,82.8
1747110350556,5.1,0.0,12.0,0.0,0.0,0.7,82.2
1747110352567,5.4,0.0,11.5,0.0,0.0,0.7,82.5
1747110354580,5.6,0.0,10.9,0.0,0.0,0.6,82.9
1747110356592,5.7,0.0,16.3,0.0,0.0,0.5,77.4
1747110358603,5.4,0.0,11.0,0.0,0.0,0.8,82.8
1747110360615,5.7,0.0,10.3,0.0,0.0,0.7,83.3
1747110362626,5.6,0.0,9.3,0.0,0.0,0.7,84.5
1747110364639,5.6,0.0,10.2,0.0,0.0,0.6,83.6
1747110366651,5.3,0.0,12.4,0.0,0.0,0.7,81.6
1747110368662,5.8,0.0,9.8,0.0,0.0,0.5,83.9
1747110370673,5.7,0.0,16.2,0.0,0.0,0.4,77.7
1747110372685,5.3,0.0,12.2,0.0,0.0,0.6,81.9
1747110374696,5.2,0.0,9.9,0.0,0.0,0.5,84.4
1747110376708,5.4,0.0,9.8,0.0,0.0,0.8,84.1
1747110378718,5.7,0.0,10.5,0.0,0.0,0.8,83.1
1747110380727,5.3,0.0,10.2,0.0,0.0,0.5,83.9
1747110382736,5.1,0.0,9.8,0.0,0.0,0.7,84.5
1747110384745,4.8,0.0,10.3,0.0,0.0,0.7,84.2
1747110386754,5.7,0.0,9.1,0.0,0.0,0.6,84.6
1747110388762,5.3,0.0,9.8,0.0,0.0,1.0,84.0
1747110390772,5.1,0.0,10.6,0.0,0.0,0.5,83.8
1747110392782,5.5,0.0,10.2,0.0,0.0,0.6,83.8
1747110394792,5.5,0.0,9.9,0.0,0.0,0.8,83.7
1747110396803,5.6,0.0,12.6,0.0,0.0,0.5,81.3
1747110398816,5.4,0.0,10.1,0.0,0.0,0.4,84.0
1747110400829,5.9,0.0,9.3,0.0,0.0,0.5,84.3
1747110402841,5.5,0.0,10.0,0.0,0.0,0.5,84.1
1747110404853,5.2,0.0,11.1,0.0,0.0,0.4,83.2
1747110406866,5.4,0.0,10.6,0.0,0.0,0.6,83.4
1747110408877,5.4,0.0,12.9,0.0,0.0,0.4,81.3
1747110410889,5.3,0.0,11.0,0.0,0.0,0.3,83.3
1747110412900,5.5,0.0,10.2,0.0,0.0,0.4,83.9
1747110414912,5.4,0.0,10.6,0.0,0.0,0.4,83.7
1747110416924,5.7,0.0,10.2,0.0,0.0,0.5,83.6
1747110418935,5.2,0.0,9.9,0.0,0.0,0.5,84.4
1747110420947,5.8,0.0,9.7,0.0,0.0,0.6,83.9
1747110422958,5.5,0.0,10.3,0.0,0.0,0.4,83.8
1747110424970,5.0,0.0,10.9,0.0,0.0,0.6,83.4
1747110426982,5.6,0.0,10.6,0.0,0.0,0.5,83.3
1747110428995,5.8,0.0,12.7,0.0,0.0,0.4,81.2
1747110431006,5.6,0.0,10.5,0.0,0.0,0.5,83.4
1747110433018,5.8,0.0,10.9,0.0,0.0,0.6,82.7
1747110435030,6.3,0.0,9.5,0.0,0.0,0.3,83.9
1747110437042,5.8,0.0,10.2,0.0,0.0,0.4,83.6
1747110439054,6.1,0.0,10.1,0.0,0.0,0.5,83.3
1747110441065,5.3,0.0,11.1,0.0,0.0,0.3,83.3
1747110443074,5.4,0.0,12.1,0.0,0.0,0.4,82.1
1747110445085,5.8,0.0,11.4,0.0,0.0,0.5,82.3
1747110447096,6.0,0.0,10.3,0.0,0.0,0.3,83.3
1747110449105,5.5,0.0,13.2,0.0,0.0,0.8,80.6
1747110451114,5.3,0.0,9.5,0.0,0.0,0.6,84.6
1747110453124,5.3,0.0,10.1,0.0,0.0,0.3,84.2
1747110455134,5.8,0.0,9.5,0.0,0.0,0.5,84.2
1747110457144,5.7,0.0,11.4,0.0,0.0,0.6,82.3
1747110459155,5.6,0.0,9.8,0.0,0.0,0.5,84.1
1747110461168,5.7,0.0,11.4,0.0,0.0,0.5,82.4
1747110463183,5.7,0.0,10.3,0.0,0.0,0.5,83.5
1747110465195,6.1,0.0,10.0,0.0,0.0,0.3,83.6
1747110467208,5.9,0.0,9.9,0.0,0.0,0.4,83.9
1747110469220,5.8,0.0,10.1,0.0,0.0,0.3,83.8
1747110471231,6.2,0.0,14.4,0.0,0.0,0.5,78.9
1747110473243,5.2,0.0,10.8,0.0,0.0,1.0,83.0
1747110475254,5.9,0.0,11.3,0.0,0.0,0.5,82.3
1747110477266,6.0,0.0,9.5,0.0,0.0,0.6,83.9
1747110479278,5.6,0.0,10.0,0.0,0.0,0.6,83.8
1747110481289,5.9,0.0,14.3,0.0,0.0,0.5,79.3
1747110483300,5.8,0.0,11.3,0.0,0.0,0.6,82.2
1747110485312,5.7,0.0,11.6,0.0,0.0,0.5,82.2
1747110487323,5.9,0.0,10.6,0.0,0.0,0.6,82.9
1747110489335,5.7,0.0,10.4,0.0,0.0,0.8,83.1
1747110491347,6.0,0.0,9.8,0.0,0.0,0.5,83.7
1747110493361,5.7,0.0,10.1,0.0,0.0,0.7,83.5
1747110495372,5.6,0.0,10.4,0.0,0.0,0.5,83.5
1747110497384,5.9,0.0,10.5,0.0,0.0,0.3,83.3
1747110499396,5.6,0.0,10.4,0.0,0.0,0.5,83.5
1747110501408,5.4,0.0,10.2,0.0,0.0,0.7,83.7
1747110503419,5.7,0.0,10.3,0.0,0.0,0.4,83.7
1747110505431,6.1,0.0,10.0,0.0,0.0,0.6,83.2
1747110507443,6.3,0.0,12.1,0.0,0.0,0.2,81.4
1747110509454,6.0,0.0,10.7,0.0,0.0,0.5,82.8
1747110511463,6.0,0.0,10.6,0.0,0.0,0.6,82.8
1747110513474,5.4,0.0,10.3,0.0,0.0,0.4,84.0
1747110515482,5.9,0.0,9.5,0.0,0.0,0.6,84.1
1747110517491,5.5,0.0,11.1,0.0,0.0,0.5,82.8
1747110519502,5.5,0.0,10.6,0.0,0.0,0.4,83.6
1747110521515,5.3,0.0,11.1,0.0,0.0,0.5,83.1
1747110523526,5.6,0.0,12.6,0.0,0.0,0.4,81.4
1747110525539,5.6,0.0,10.7,0.0,0.0,0.7,83.1
1747110527550,5.7,0.0,14.5,0.0,0.0,0.8,79.1
1747110529562,6.0,0.0,10.1,0.0,0.0,0.3,83.7
1747110531574,5.3,0.0,10.0,0.0,0.0,0.8,83.9
1747110533586,5.8,0.0,10.9,0.0,0.0,0.6,82.6
1747110535598,5.9,0.0,14.7,0.0,0.0,0.2,79.1
1747110537609,5.3,0.0,10.9,0.0,0.0,0.4,83.4
1747110539620,5.9,0.0,10.6,0.0,0.0,0.5,83.0
1747110541632,5.5,0.0,14.5,0.0,0.0,0.4,79.6
1747110543643,5.8,0.0,10.8,0.0,0.0,0.4,83.0
1747110545656,6.5,0.0,10.0,0.0,0.0,0.4,83.2
1747110547667,5.5,0.0,14.1,0.0,0.0,0.6,79.8
1747110549678,6.0,0.0,10.8,0.0,0.0,0.4,82.8
1747110551690,5.8,0.0,11.0,0.0,0.0,0.3,82.8
1747110553701,6.0,0.0,11.3,0.0,0.0,0.7,81.9
1747110555713,5.8,0.0,10.2,0.0,0.0,0.8,83.2
1747110557726,6.4,0.0,19.0,0.0,0.0,0.6,73.9
1747110559738,5.9,0.0,10.9,0.0,0.0,0.7,82.5
1747110561749,5.6,0.0,10.8,0.0,0.0,0.6,83.0
1747110563761,5.5,0.0,12.3,0.0,0.0,0.5,81.8
1747110565773,6.0,0.0,11.2,0.0,0.0,0.5,82.2
1747110567785,6.0,0.0,10.4,0.0,0.0,0.4,83.2
1747110569797,5.9,0.0,11.4,0.0,0.0,0.3,82.4
1747110571807,5.7,0.0,10.8,0.0,0.0,0.4,83.1
1747110573815,5.4,0.0,10.4,0.0,0.0,0.6,83.7
1747110575824,5.7,0.0,10.4,0.0,0.0,0.8,83.1
1747110577834,5.6,0.0,11.7,0.0,0.0,0.6,82.1
1747110579843,5.7,0.0,15.5,0.0,0.0,0.7,78.2
1747110581855,5.5,0.0,12.4,0.0,0.0,0.4,81.7
1747110583868,5.5,0.0,11.6,0.0,0.0,0.4,82.5
1747110585879,6.0,0.0,10.5,0.0,0.0,0.4,83.1
1747110587890,6.1,0.0,11.7,0.0,0.0,0.3,81.9
1747110589902,6.2,0.0,10.9,0.0,0.0,0.1,82.8
1747110591915,5.7,0.0,10.9,0.0,0.0,0.3,83.0
1747110593928,5.7,0.0,10.9,0.0,0.0,0.2,83.2
1747110595941,6.5,0.0,10.2,0.0,0.0,0.4,82.9
1747110597953,5.9,0.0,10.2,0.0,0.0,0.3,83.7
1747110599966,5.8,0.0,11.4,0.0,0.0,0.3,82.5
1747110601978,5.9,0.0,10.9,0.0,0.0,0.2,82.9
1747110603990,6.2,0.0,10.2,0.0,0.0,0.3,83.2
1747110606001,5.9,0.0,11.2,0.0,0.0,0.4,82.4
1747110608012,6.0,0.0,12.3,0.0,0.0,0.3,81.3
1747110610023,5.9,0.0,11.3,0.0,0.0,0.3,82.5
1747110612034,6.2,0.0,11.2,0.0,0.0,0.5,82.1
1747110614047,6.2,0.0,13.6,0.0,0.0,0.3,79.8
1747110616060,5.9,0.0,10.9,0.0,0.0,0.5,82.7
1747110618072,5.9,0.0,12.1,0.0,0.0,0.4,81.6
1747110620083,5.8,0.0,12.6,0.0,0.0,0.2,81.4
1747110622093,6.3,0.0,11.6,0.0,0.0,0.4,81.6
1747110624105,6.1,0.0,10.7,0.0,0.0,0.4,82.8
1747110626117,6.2,0.0,10.9,0.0,0.0,0.4,82.5
1747110628128,5.9,0.0,10.9,0.0,0.0,0.3,82.9
1747110630139,5.5,0.0,10.8,0.0,0.0,0.5,83.2
1747110632151,6.1,0.0,10.8,0.0,0.0,0.5,82.6
1747110634162,6.2,0.0,11.3,0.0,0.0,0.6,81.9
1747110636173,5.8,0.0,14.7,0.0,0.0,0.5,79.0
1747110638181,5.3,0.0,11.8,0.0,0.0,0.6,82.3
1747110640191,5.4,0.0,11.6,0.0,0.0,0.5,82.5
1747110642201,5.2,0.0,11.5,0.0,0.0,0.5,82.8
1747110644210,5.8,0.0,10.2,0.0,0.0,0.3,83.7
1747110646221,5.7,0.0,13.4,0.0,0.0,0.5,80.5
1747110648232,6.0,0.0,10.6,0.0,0.0,0.3,83.1
1747110650243,6.3,0.0,10.4,0.0,0.0,0.3,82.9
1747110652255,6.0,0.0,10.7,0.0,0.0,0.4,82.9
1747110654266,5.4,0.0,10.7,0.0,0.0,0.5,83.4
1747110656278,6.1,0.0,11.5,0.0,0.0,0.4,82.0
1747110658290,6.2,0.0,9.8,0.0,0.0,0.5,83.5
1747110660302,6.2,0.0,10.1,0.0,0.0,0.6,83.1
1747110662314,5.7,0.0,11.3,0.0,0.0,0.5,82.5
1747110664327,5.8,0.0,12.7,0.0,0.0,0.5,81.0
1747110666339,5.7,0.0,10.4,0.0,0.0,0.5,83.3
1747110668351,5.8,0.0,12.1,0.0,0.0,0.6,81.5
1747110670363,5.7,0.0,11.2,0.0,0.0,0.4,82.7
1747110672375,5.8,0.0,12.0,0.0,0.0,0.6,81.6
1747110674388,5.8,0.0,11.6,0.0,0.0,0.4,82.1
1747110676402,5.9,0.0,14.0,0.0,0.0,0.4,79.6
1747110678415,5.7,0.0,12.7,0.0,0.0,0.6,81.1
1747110680427,5.6,0.0,11.3,0.0,0.0,0.4,82.6
1747110682438,5.9,0.0,11.5,0.0,0.0,0.5,82.1
1747110684451,5.9,0.0,13.4,0.0,0.0,0.4,80.4
1747110686463,5.9,0.0,15.3,0.0,0.0,0.6,78.2
1747110688474,6.5,0.0,12.3,0.0,0.0,0.5,80.6
1747110690485,5.8,0.0,14.4,0.0,0.0,0.4,79.4
1747110692496,6.2,0.0,11.7,0.0,0.0,0.4,81.7
1747110694508,5.8,0.0,11.6,0.0,0.0,0.5,82.1
1747110696518,6.2,0.0,10.7,0.0,0.0,0.5,82.7
1747110698527,5.5,0.0,9.7,0.0,0.0,0.3,84.5
1747110700541,5.5,0.0,9.8,0.0,0.0,0.6,84.1
1747110702550,5.7,0.0,10.3,0.0,0.0,0.4,83.6
1747110704560,5.6,0.0,10.2,0.0,0.0,0.7,83.5
1747110706571,5.0,0.0,10.4,0.0,0.0,0.6,83.9
1747110708582,5.7,0.0,13.6,0.0,0.0,0.6,80.1
1747110710595,6.3,0.0,10.1,0.0,0.0,0.2,83.4
1747110712608,6.0,0.0,11.8,0.0,0.0,0.4,81.8
1747110714621,6.0,0.0,12.0,0.0,0.0,0.4,81.6
1747110716633,6.2,0.0,11.8,0.0,0.0,0.5,81.4
1747110718646,5.7,0.0,12.0,0.0,0.0,0.5,81.8
1747110720658,6.4,0.0,11.3,0.0,0.0,0.2,82.0
1747110722670,6.2,0.0,17.5,0.0,0.0,0.4,76.0
1747110724682,6.2,0.0,10.6,0.0,0.0,0.4,82.8
1747110726694,5.7,0.0,11.1,0.0,0.0,0.5,82.7
1747110728707,5.8,0.0,11.8,0.0,0.0,0.3,82.1
1747110730719,6.5,0.0,13.5,0.0,0.0,0.6,79.5
1747110732732,5.8,0.0,11.5,0.0,0.0,0.5,82.1
1747110734744,5.7,0.0,12.2,0.0,0.0,0.5,81.6
1747110736757,5.9,0.0,11.4,0.0,0.0,0.4,82.2
1747110738768,6.4,0.0,10.6,0.0,0.0,0.5,82.5
1747110740780,5.7,0.0,12.2,0.0,0.0,0.3,81.8
1747110742792,6.5,0.0,10.8,0.0,0.0,0.5,82.1
1747110744804,5.7,0.0,10.8,0.0,0.0,0.7,82.8
1747110746816,6.0,0.0,11.1,0.0,0.0,0.7,82.3
1747110748828,5.6,0.0,12.1,0.0,0.0,0.7,81.6
1747110750840,6.5,0.0,10.7,0.0,0.0,0.4,82.4
1747110752852,5.9,0.0,10.4,0.0,0.0,0.3,83.3
1747110754864,5.9,0.0,13.4,0.0,0.0,0.7,80.0
1747110756876,6.1,0.0,11.9,0.0,0.0,0.6,81.5
1747110758886,6.0,0.0,13.9,0.0,0.0,0.8,79.4
1747110760895,5.9,0.0,10.5,0.0,0.0,0.7,82.8
1747110762909,5.5,0.0,12.2,0.0,0.0,0.6,81.7
1747110764922,5.9,0.0,10.6,0.0,0.0,0.4,83.2
1747110766931,6.2,0.0,10.3,0.0,0.0,0.5,83.0
1747110768942,6.1,0.0,11.2,0.0,0.0,0.6,82.1
1747110770951,6.4,0.0,10.5,0.0,0.0,0.3,82.8
1747110772961,6.2,0.0,10.2,0.0,0.0,0.4,83.2
1747110774970,6.3,0.0,10.3,0.0,0.0,0.3,83.1
1747110776981,5.7,0.0,11.8,0.0,0.0,0.2,82.3
1747110778992,6.4,0.0,10.6,0.0,0.0,0.6,82.4
1747110781005,5.9,0.0,12.0,0.0,0.0,0.2,81.9
1747110783017,6.1,0.0,11.9,0.0,0.0,0.3,81.7
1747110785028,6.5,0.0,10.7,0.0,0.0,0.4,82.4
1747110787041,6.1,0.0,10.7,0.0,0.0,0.5,82.8
1747110789052,6.4,0.0,10.2,0.0,0.0,0.5,82.9
1747110791064,5.9,0.0,10.9,0.0,0.0,0.6,82.6
1747110793076,6.3,0.0,11.1,0.0,0.0,0.4,82.1
1747110795087,6.5,0.0,10.5,0.0,0.0,0.3,82.6
1747110797099,6.1,0.0,12.4,0.0,0.0,0.7,80.8
1747110799111,5.9,0.0,11.6,0.0,0.0,0.3,82.1
1747110801123,6.1,0.0,10.5,0.0,0.0,0.5,82.8
1747110803136,6.3,0.0,13.7,0.0,0.0,0.5,79.4
1747110805148,6.0,0.0,10.9,0.0,0.0,0.5,82.6
1747110807161,6.0,0.0,11.2,0.0,0.0,0.6,82.2
1747110809173,6.1,0.0,10.8,0.0,0.0,0.6,82.5
1747110811185,6.6,0.0,11.9,0.0,0.0,0.2,81.2
1747110813197,5.8,0.0,12.8,0.0,0.0,0.6,80.9
1747110815209,6.2,0.0,11.1,0.0,0.0,0.7,82.0
1747110817221,5.6,0.0,11.6,0.0,0.0,0.7,82.1
1747110819232,6.1,0.0,11.8,0.0,0.0,0.3,81.7
1747110821243,6.3,0.0,11.5,0.0,0.0,0.6,81.6
1747110823254,6.1,0.0,11.2,0.0,0.0,0.5,82.1
1747110825264,6.0,0.0,12.5,0.0,0.0,0.5,81.0
1747110827273,6.2,0.0,13.4,0.0,0.0,0.3,80.1
1747110829283,5.5,0.0,11.2,0.0,0.0,0.3,83.0
1747110831291,5.8,0.0,11.6,0.0,0.0,0.4,82.3
1747110833301,6.2,0.0,10.8,0.0,0.0,0.5,82.5
1747110835311,5.8,0.0,10.3,0.0,0.0,0.4,83.5
1747110837320,6.3,0.0,10.2,0.0,0.0,0.2,83.4
1747110839331,6.4,0.0,16.0,0.0,0.0,0.7,76.9
1747110841345,6.5,0.0,12.6,0.0,0.0,0.6,80.2
1747110843358,6.2,0.0,11.3,0.0,0.0,0.3,82.1
1747110845370,5.7,0.0,12.5,0.0,0.0,0.6,81.2
1747110847382,6.2,0.0,11.4,0.0,0.0,0.8,81.5
1747110849393,6.0,0.0,11.2,0.0,0.0,0.5,82.4
1747110851405,6.2,0.0,12.1,0.0,0.0,0.3,81.4
1747110853417,6.0,0.0,12.5,0.0,0.0,0.6,80.9
1747110855428,6.5,0.0,11.6,0.0,0.0,0.2,81.8
1747110857440,6.0,0.0,10.9,0.0,0.0,0.6,82.5
1747110859453,6.0,0.0,11.0,0.0,0.0,0.5,82.6
1747110861467,6.1,0.0,10.9,0.0,0.0,0.3,82.6
1747110863479,6.4,0.0,17.2,0.0,0.0,0.8,75.6
1747110865491,5.9,0.0,10.6,0.0,0.0,0.4,83.1
1747110867503,6.2,0.0,10.6,0.0,0.0,0.6,82.7
1747110869515,6.7,0.0,10.9,0.0,0.0,0.6,81.8
1747110871528,6.2,0.0,10.7,0.0,0.0,0.3,82.8
1747110873539,6.4,0.0,10.9,0.0,0.0,0.6,82.2
1747110875550,6.1,0.0,16.3,0.0,0.0,0.4,77.2
1747110877563,6.3,0.0,12.5,0.0,0.0,0.5,80.6
1747110879575,6.5,0.0,11.9,0.0,0.0,0.5,81.0
1747110881585,6.7,0.0,10.1,0.0,0.0,0.3,83.0
1747110883596,6.0,0.0,10.8,0.0,0.0,0.4,82.8
1747110885605,5.9,0.0,10.5,0.0,0.0,0.5,83.2
1747110887617,6.3,0.0,10.5,0.0,0.0,0.5,82.7
1747110889627,5.7,0.0,10.6,0.0,0.0,0.5,83.2
1747110891637,5.8,0.0,12.7,0.0,0.0,0.4,81.1
1747110893647,6.0,0.0,11.1,0.0,0.0,0.2,82.7
1747110895656,6.0,0.0,12.9,0.0,0.0,0.4,80.7
1747110897666,6.0,0.0,10.9,0.0,0.0,0.4,82.7
1747110899677,5.8,0.0,10.9,0.0,0.0,0.8,82.5
1747110901690,6.3,0.0,10.9,0.0,0.0,0.3,82.5
1747110903703,6.7,0.0,11.9,0.0,0.0,0.2,81.2
1747110905715,6.5,0.0,13.1,0.0,0.0,0.4,80.0
1747110907726,6.4,0.0,11.3,0.0,0.0,0.5,81.8
1747110909738,6.8,0.0,11.0,0.0,0.0,0.4,81.8
1747110911750,5.9,0.0,12.4,0.0,0.0,0.4,81.4
1747110913763,6.1,0.0,18.1,0.0,0.0,0.4,75.3
1747110915775,5.9,0.0,11.2,0.0,0.0,0.4,82.5
1747110917787,6.2,0.0,11.2,0.0,0.0,0.4,82.2
1747110919798,5.6,0.0,12.1,0.0,0.0,0.5,81.9
1747110921810,6.2,0.0,15.5,0.0,0.0,0.4,77.8
1747110923822,6.4,0.0,13.4,0.0,0.0,0.5,79.8
1747110925833,6.7,0.0,11.3,0.0,0.0,0.5,81.5
1747110927843,6.1,0.0,11.8,0.0,0.0,0.5,81.6
1747110929857,6.0,0.0,11.3,0.0,0.0,0.5,82.2
1747110931870,6.3,0.0,12.4,0.0,0.0,0.7,80.6
1747110933881,6.5,0.0,14.7,0.0,0.0,0.4,78.4
1747110935893,6.2,0.0,13.1,0.0,0.0,0.7,80.1
1747110937905,6.6,0.0,12.8,0.0,0.0,0.3,80.2
1747110939917,6.3,0.0,14.8,0.0,0.0,0.4,78.5
1747110941927,6.4,0.0,13.8,0.0,0.0,0.5,79.3
1747110943936,6.4,0.0,11.9,0.0,0.0,0.4,81.2
1747110945947,5.8,0.0,12.1,0.0,0.0,0.5,81.6
1747110947957,6.1,0.0,11.3,0.0,0.0,0.6,82.0
1747110949966,5.8,0.0,11.5,0.0,0.0,0.6,82.1
1747110951975,6.2,0.0,12.2,0.0,0.0,0.5,81.1
1747110953984,5.4,0.0,11.8,0.0,0.0,0.6,82.2
1747110955995,5.7,0.0,12.7,0.0,0.0,0.6,81.0
1747110958005,6.1,0.0,12.6,0.0,0.0,0.2,81.1
1747110960016,6.5,0.0,11.3,0.0,0.0,0.3,81.9
1747110962028,6.7,0.0,11.2,0.0,0.0,0.5,81.6
1747110964040,6.0,0.0,13.4,0.0,0.0,0.5,80.1
1747110966053,6.7,0.0,11.3,0.0,0.0,0.6,81.5
1747110968065,6.8,0.0,10.4,0.0,0.0,0.4,82.3
1747110970077,6.5,0.0,10.9,0.0,0.0,0.2,82.3
1747110972089,6.7,0.0,12.1,0.0,0.0,0.2,81.0
1747110974101,6.5,0.0,14.9,0.0,0.0,0.4,78.2
1747110976114,6.5,0.0,11.3,0.0,0.0,0.4,81.8
1747110978128,6.3,0.0,12.6,0.0,0.0,0.4,80.7
1747110980141,6.5,0.0,15.8,0.0,0.0,0.3,77.4
1747110982153,6.2,0.0,12.6,0.0,0.0,0.6,80.7
1747110984165,6.2,0.0,13.0,0.0,0.0,0.4,80.4
1747110986177,6.8,0.0,13.9,0.0,0.0,0.4,78.9
1747110988189,6.0,0.0,11.8,0.0,0.0,0.3,81.9
1747110990203,6.7,0.0,12.7,0.0,0.0,0.5,80.1
1747110992215,6.2,0.0,12.0,0.0,0.0,0.3,81.4
1747110994227,5.8,0.0,13.1,0.0,0.0,0.5,80.5
1747110996238,6.5,0.0,12.7,0.0,0.0,0.5,80.3
1747110998251,6.0,0.0,12.0,0.0,0.0,0.3,81.6
1747111000259,6.7,0.0,10.7,0.0,0.0,0.4,82.2
1747111002290,5.7,0.0,10.9,0.0,0.0,0.4,83.0
1747111004303,6.5,0.0,12.2,0.0,0.0,0.4,80.9
1747111006314,7.1,0.0,11.8,0.0,0.0,0.3,80.8
1747111008322,6.3,0.0,10.5,0.0,0.0,0.4,82.8
1747111010331,5.5,0.0,11.6,0.0,0.0,0.2,82.6
1747111012341,6.4,0.0,11.5,0.0,0.0,0.2,81.8
1747111014349,6.2,0.0,12.5,0.0,0.0,0.5,80.8
1747111016359,6.4,0.0,11.0,0.0,0.0,0.5,82.1
1747111018371,6.6,0.0,14.3,0.0,0.0,0.2,78.8
1747111020383,6.4,0.0,13.9,0.0,0.0,0.5,79.2
1747111022395,6.4,0.0,12.2,0.0,0.0,0.4,81.0
1747111024406,6.9,0.0,12.1,0.0,0.0,0.2,80.8
1747111026417,6.5,0.0,11.7,0.0,0.0,0.4,81.5
1747111028429,7.0,0.0,12.1,0.0,0.0,0.2,80.7
1747111030441,6.9,0.0,11.5,0.0,0.0,0.4,81.3
1747111032454,6.7,0.0,11.9,0.0,0.0,0.4,80.9
1747111034466,7.2,0.0,14.4,0.0,0.0,0.3,78.2
1747111036478,6.4,0.0,13.4,0.0,0.0,0.1,80.2
1747111038489,6.6,0.0,11.3,0.0,0.0,0.3,81.7
1747111040501,6.6,0.0,12.6,0.0,0.0,0.5,80.3
1747111042513,6.3,0.0,12.3,0.0,0.0,0.5,80.8
1747111044526,6.6,0.0,13.5,0.0,0.0,0.7,79.2
1747111046538,6.1,0.0,15.0,0.0,0.0,0.4,78.5
1747111048550,6.4,0.0,14.1,0.0,0.0,0.5,79.0
1747111050562,6.8,0.0,13.4,0.0,0.0,0.4,79.5
1747111052574,6.8,0.0,15.0,0.0,0.0,0.7,77.5
1747111054586,7.0,0.0,13.1,0.0,0.0,0.5,79.4
1747111056598,6.4,0.0,11.1,0.0,0.0,0.7,81.8
1747111058609,6.5,0.0,11.6,0.0,0.0,0.6,81.4
1747111060619,6.2,0.0,11.4,0.0,0.0,0.3,82.1
1747111062629,6.3,0.0,12.0,0.0,0.0,0.3,81.4
1747111064638,6.2,0.0,11.8,0.0,0.0,0.4,81.6
1747111066646,6.4,0.0,13.8,0.0,0.0,0.3,79.5
1747111068655,5.8,0.0,10.6,0.0,0.0,0.5,83.1
1747111070665,6.0,0.0,12.4,0.0,0.0,0.5,81.2
1747111072673,6.1,0.0,12.6,0.0,0.0,0.3,81.0
1747111074682,6.0,0.0,11.9,0.0,0.0,0.2,82.0
1747111076694,6.3,0.0,14.2,0.0,0.0,0.1,79.3
1747111078703,6.5,0.0,13.6,0.0,0.0,0.6,79.3
1747111080715,6.3,0.0,15.8,0.0,0.0,0.6,77.4
1747111082728,6.4,0.0,13.3,0.0,0.0,0.3,80.0
1747111084740,6.3,0.0,12.2,0.0,0.0,0.4,81.1
1747111086752,6.5,0.0,12.8,0.0,0.0,0.2,80.5
1747111088763,6.5,0.0,13.4,0.0,0.0,0.4,79.7
1747111090774,6.4,0.0,15.6,0.0,0.0,0.6,77.5
1747111092786,7.2,0.0,16.8,0.0,0.0,0.3,75.8
1747111094798,6.3,0.0,12.1,0.0,0.0,0.4,81.2
1747111096810,6.2,0.0,11.3,0.0,0.0,0.2,82.2
1747111098822,6.4,0.0,11.5,0.0,0.0,0.2,81.8
1747111100835,6.8,0.0,11.5,0.0,0.0,0.2,81.4
1747111102846,6.3,0.0,12.2,0.0,0.0,0.2,81.3
1747111104858,6.1,0.0,13.3,0.0,0.0,0.5,80.1
1747111106870,6.8,0.0,11.3,0.0,0.0,0.5,81.4
1747111108880,6.3,0.0,13.8,0.0,0.0,0.5,79.5
1747111110892,6.5,0.0,12.3,0.0,0.0,0.4,80.8
1747111112903,6.2,0.0,12.0,0.0,0.0,0.5,81.3
1747111114915,6.6,0.0,14.4,0.0,0.0,0.3,78.7
1747111116925,6.2,0.0,11.9,0.0,0.0,0.2,81.7
1747111118934,6.5,0.0,11.4,0.0,0.0,0.6,81.5
1747111120942,6.1,0.0,14.1,0.0,0.0,0.4,79.3
1747111122954,6.1,0.0,13.6,0.0,0.0,0.6,79.8
1747111124964,6.8,0.0,12.4,2.5,0.0,0.4,77.8
1747111126974,6.1,0.0,12.7,0.0,0.0,0.4,80.8
1747111128983,6.2,0.0,11.4,0.0,0.0,0.5,81.9
1747111130993,6.0,0.0,12.9,2.6,0.0,0.4,78.1
1747111133004,6.9,0.0,12.1,0.0,0.0,0.2,80.8
1747111135016,6.7,0.0,14.1,0.0,0.0,0.2,79.0
1747111137028,6.8,0.0,14.9,0.0,0.0,0.2,78.2
1747111139039,7.1,0.0,12.3,0.0,0.0,0.3,80.2
1747111141049,6.5,0.0,12.2,0.0,0.0,0.5,80.7
1747111143061,6.7,0.0,14.8,0.0,0.0,0.5,78.1
1747111145071,6.8,0.0,12.7,0.0,0.0,0.3,80.3
1747111147084,7.1,0.0,11.7,0.0,0.0,0.3,80.9
1747111149095,7.1,0.0,12.8,0.0,0.0,0.2,79.9
1747111151108,6.7,0.0,14.0,0.0,0.0,0.4,78.9
1747111153123,6.5,0.0,13.0,0.0,0.0,0.5,79.9
1747111155136,6.9,0.0,13.6,0.0,0.0,0.3,79.2
1747111157148,7.0,0.0,13.7,0.0,0.0,0.2,79.1
1747111159159,6.4,0.0,14.4,0.0,0.0,0.3,78.9
1747111161172,6.9,0.0,13.2,0.0,0.0,0.3,79.6
1747111163184,6.9,0.0,13.6,0.0,0.0,0.1,79.4
1747111165195,6.9,0.0,12.7,0.0,0.0,0.5,79.9
1747111167205,6.6,0.0,12.2,0.0,0.0,0.5,80.7
1747111169214,6.7,0.0,11.8,0.0,0.0,0.2,81.4
1747111171224,6.7,0.0,12.1,0.0,0.0,0.2,81.0
1747111173235,6.7,0.0,13.8,0.0,0.0,0.3,79.2
1747111175245,6.9,0.0,12.9,0.0,0.0,0.4,79.8
1747111177256,7.0,0.0,13.4,0.0,0.0,0.3,79.3
1747111179264,6.0,0.0,11.9,0.0,0.0,0.2,81.9
1747111181274,6.7,0.0,16.3,0.0,0.0,0.2,76.7
1747111183283,6.2,0.0,12.4,0.0,0.0,0.2,81.1
1747111185291,6.7,0.0,12.8,0.0,0.0,0.1,80.3
1747111187300,6.2,0.0,11.9,0.0,0.0,0.4,81.6
1747111189312,6.2,0.0,14.2,0.0,0.0,0.3,79.3
1747111191322,6.8,0.0,12.1,0.0,0.0,0.3,80.9
1747111193334,6.4,0.0,12.5,0.0,0.0,0.4,80.7
1747111195346,7.1,0.0,12.3,0.0,0.0,0.2,80.3
1747111197359,6.7,0.0,13.2,0.0,0.0,0.3,79.8
1747111199370,7.0,0.0,12.6,0.0,0.0,0.5,80.0
1747111201382,7.0,0.0,12.4,0.0,0.0,0.6,80.0
1747111203393,7.0,0.0,13.2,0.0,0.0,0.3,79.5
1747111205405,6.7,0.0,13.3,0.0,0.0,0.3,79.7
1747111207416,6.9,0.0,12.4,0.0,0.0,0.1,80.6
1747111209427,6.8,0.0,12.1,0.0,0.0,0.5,80.7
1747111211440,6.6,0.0,18.3,0.0,0.0,0.2,75.0
1747111213453,6.5,0.0,13.0,0.0,0.0,0.2,80.3
1747111215466,7.1,0.0,11.7,0.0,0.0,0.2,81.0
1747111217480,6.9,0.0,11.7,0.0,0.0,0.2,81.2
1747111219492,6.4,0.0,12.6,0.0,0.0,0.4,80.7
1747111221505,6.6,0.0,12.8,0.0,0.0,0.3,80.3
1747111223517,6.4,0.0,13.9,0.0,0.0,0.4,79.2
1747111225527,6.6,0.0,17.1,0.0,0.0,0.4,75.9
1747111227536,6.2,0.0,11.7,0.0,0.0,0.4,81.7
1747111229551,6.9,0.0,11.8,0.0,0.0,0.4,80.9
1747111231563,7.0,0.0,12.1,0.0,0.0,0.4,80.5
1747111233574,7.4,0.0,10.9,0.0,0.0,0.2,81.5
1747111235583,6.6,0.0,12.0,0.0,0.0,0.6,80.8
1747111237593,6.9,0.0,13.7,0.0,0.0,0.2,79.3
1747111239602,6.4,0.0,11.4,0.0,0.0,0.3,81.8
1747111241612,6.4,0.0,11.8,0.0,0.0,0.6,81.2
1747111243621,6.3,0.0,12.2,0.0,0.0,0.2,81.2
1747111245631,6.9,0.0,12.5,0.0,0.0,0.3,80.2
1747111247642,6.8,0.0,11.6,0.0,0.0,0.3,81.2
1747111249651,6.4,0.0,11.3,0.0,0.0,0.3,82.0
1747111251660,6.8,0.0,12.2,0.0,0.0,0.3,80.7
1747111253674,7.1,0.0,12.1,0.0,0.0,0.1,80.8
1747111255686,6.8,0.0,13.1,0.0,0.0,0.3,79.7
1747111257699,6.9,0.0,11.9,0.0,0.0,0.2,81.0
1747111259712,7.0,0.0,15.2,0.0,0.0,0.4,77.4
1747111261726,7.0,0.0,12.2,0.0,0.0,0.4,80.4
1747111263739,6.6,0.0,12.8,0.0,0.0,0.5,80.1
1747111265752,7.0,0.0,11.8,0.0,0.0,0.3,80.9
1747111267764,6.8,0.0,11.5,0.0,0.0,0.2,81.5
1747111269777,7.0,0.0,11.7,0.0,0.0,0.2,81.0
1747111271790,6.9,0.0,12.8,0.0,0.0,0.2,80.1
1747111273802,7.1,0.0,14.7,0.0,0.0,0.2,77.9
1747111275815,6.7,0.0,13.6,0.0,0.0,0.5,79.2
1747111277826,6.4,0.0,13.2,0.0,0.0,0.3,80.0
1747111279838,7.1,0.0,12.8,0.0,0.0,0.2,79.8
1747111281849,6.9,0.0,13.5,0.0,0.0,0.2,79.5
1747111283859,7.0,0.0,12.4,0.0,0.0,0.3,80.3
1747111285871,6.9,0.0,16.6,0.0,0.0,0.2,76.2
1747111287883,6.7,0.0,14.9,0.0,0.0,0.4,78.0
1747111289894,6.4,0.0,12.5,0.0,0.0,0.2,80.8
1747111291907,6.6,0.0,13.5,0.0,0.0,0.1,79.8
1747111293917,7.0,0.0,12.7,0.0,0.0,0.4,79.9
1747111295926,6.8,0.0,11.3,0.0,0.0,0.5,81.3
1747111297936,6.8,0.0,14.4,0.0,0.0,0.4,78.4
1747111299949,6.4,0.0,13.0,0.0,0.0,0.3,80.2
1747111301966,6.9,0.0,12.3,0.0,0.0,0.3,80.5
1747111303976,6.5,0.0,12.5,0.0,0.0,0.4,80.7
1747111305990,6.7,0.0,13.0,0.0,0.0,0.3,80.1
1747111308005,6.1,0.0,12.1,0.0,0.0,0.2,81.6
1747111310018,6.4,0.0,12.9,0.0,0.0,0.4,80.3
1747111312028,6.8,0.0,13.2,0.0,0.0,0.2,79.8
1747111314042,7.0,0.0,12.1,0.0,0.0,0.6,80.4
1747111316054,7.0,0.0,12.3,0.0,0.0,0.4,80.2
1747111318067,6.7,0.0,14.9,0.0,0.0,0.3,78.1
1747111320078,7.3,0.0,12.7,0.0,0.0,0.3,79.8
1747111322091,7.0,0.0,12.8,0.0,0.0,0.4,79.8
1747111324105,7.1,0.0,12.9,0.0,0.0,0.3,79.7
1747111326118,6.7,0.0,13.8,0.0,0.0,0.2,79.2
1747111328130,6.8,0.0,15.4,0.0,0.0,0.2,77.7
1747111330141,6.7,0.0,13.5,0.0,0.0,0.4,79.5
1747111332152,6.6,0.0,12.7,0.0,0.0,0.3,80.3
1747111334164,6.8,0.0,15.5,0.0,0.0,0.3,77.4
1747111336177,6.7,0.0,13.4,0.0,0.0,0.3,79.6
1747111338190,7.5,0.0,12.8,0.0,0.0,0.2,79.4
1747111340201,6.8,0.0,13.2,0.0,0.0,0.4,79.6
1747111342213,7.0,0.0,12.9,0.0,0.0,0.1,80.0
1747111344224,6.8,0.0,11.7,0.0,0.0,0.3,81.2
1747111346235,6.7,0.0,12.8,0.0,0.0,0.1,80.4
1747111348249,7.1,0.0,12.4,0.0,0.0,0.2,80.3
1747111350262,7.5,0.0,14.9,0.0,0.0,0.4,77.2
1747111352274,7.1,0.0,12.3,0.0,0.0,0.2,80.4
1747111354286,7.0,0.0,12.3,0.0,0.0,0.2,80.6
1747111356298,6.5,0.0,12.2,0.0,0.0,0.2,81.1
1747111358308,6.4,0.0,12.5,0.0,0.0,0.2,80.9
1747111360317,6.7,0.0,12.0,0.0,0.0,0.3,81.0
1747111362328,7.2,0.0,14.9,0.0,0.0,0.4,77.4
1747111364338,6.7,0.0,12.9,0.0,0.0,0.2,80.2
1747111366348,6.7,0.0,13.8,0.0,0.0,0.3,79.2
1747111368360,6.7,0.0,13.8,0.0,0.0,0.2,79.3
1747111370372,6.7,0.0,14.2,0.0,0.0,0.4,78.8
1747111372385,6.7,0.0,12.4,0.0,0.0,0.3,80.7
1747111374400,7.2,0.0,12.1,0.0,0.0,0.3,80.3
1747111376413,7.2,0.0,13.5,0.0,0.0,0.3,78.9
1747111378426,7.3,0.0,12.8,0.0,0.0,0.4,79.5
1747111380439,7.2,0.0,15.9,0.0,0.0,0.1,76.8
1747111382451,7.4,0.0,15.1,0.0,0.0,0.3,77.2
1747111384464,7.0,0.0,13.9,0.0,0.0,0.3,78.7
1747111386477,7.5,0.0,13.0,0.0,0.0,0.3,79.2
1747111388488,7.1,0.0,12.8,0.0,0.0,0.3,79.8
1747111390500,7.7,0.0,13.7,0.0,0.0,0.3,78.2
1747111392512,7.3,0.0,12.6,0.0,0.0,0.3,79.8
1747111394524,7.7,0.0,12.1,0.0,0.0,0.4,79.8
1747111396536,7.4,0.0,13.5,0.0,0.0,0.5,78.6
1747111398546,7.0,0.0,14.5,0.0,0.0,0.3,78.2
1747111400558,6.8,0.0,13.4,0.0,0.0,0.4,79.3
1747111402571,7.1,0.0,14.7,0.0,0.0,0.4,77.9
1747111404584,7.0,0.0,14.7,0.0,0.0,0.6,77.7
1747111406598,7.3,0.0,11.8,0.0,0.0,0.2,80.7
1747111408611,7.0,0.0,15.9,0.0,0.0,0.2,76.8
1747111410625,7.5,0.0,15.1,0.0,0.0,0.4,77.0
1747111412638,6.7,0.0,13.7,0.0,0.0,0.1,79.5
1747111414651,7.2,0.0,12.7,0.0,0.0,0.3,79.8
1747111416665,7.1,0.0,13.0,0.0,0.0,0.2,79.6
1747111418676,6.4,0.0,11.6,0.0,0.0,0.3,81.7
1747111420686,7.0,0.0,13.1,0.0,0.0,0.3,79.6
1747111422696,6.3,0.0,12.2,0.0,0.0,0.3,81.2
1747111424704,6.7,0.0,13.2,0.0,0.0,0.3,79.8
1747111426713,7.0,0.0,11.7,0.0,0.0,0.2,81.1
1747111428722,6.5,0.0,15.1,0.0,0.0,0.3,78.1
1747111430732,6.4,0.0,16.9,0.0,0.0,0.4,76.3
1747111432744,7.3,0.0,12.2,0.0,0.0,0.2,80.3
1747111434756,6.8,0.0,16.0,0.0,0.0,0.4,76.8
1747111436768,6.6,0.0,13.2,0.0,0.0,0.4,79.8
1747111438780,6.8,0.0,13.6,0.0,0.0,0.3,79.3
1747111440792,7.1,0.0,14.0,0.0,0.0,0.5,78.4
1747111442804,6.9,0.0,12.7,0.0,0.0,0.3,80.0
1747111444816,6.6,0.0,13.2,0.0,0.0,0.2,80.0
1747111446827,7.0,0.0,12.7,0.0,0.0,0.2,80.1
1747111448839,7.0,0.0,16.8,0.0,0.0,0.2,75.9
1747111450850,6.8,0.0,12.1,0.0,0.0,0.6,80.5
1747111452862,6.8,0.0,12.8,0.0,0.0,0.5,80.0
1747111454872,6.6,0.0,12.3,0.0,0.0,0.2,80.8
1747111456881,7.2,0.0,13.9,0.0,0.0,0.3,78.6
1747111458893,7.2,0.0,18.0,0.0,0.0,0.1,74.7
1747111460904,7.2,0.0,14.0,0.0,0.0,0.3,78.5
1747111462917,7.0,0.0,14.2,0.0,0.0,0.2,78.5
1747111464930,7.0,0.0,16.3,0.0,0.0,0.6,76.2
1747111466942,7.4,0.0,16.4,0.0,0.0,0.2,76.0
1747111468953,7.4,0.0,12.2,0.0,0.0,0.5,79.9
1747111470965,7.2,0.0,15.0,0.0,0.0,0.3,77.5
1747111472974,7.5,0.0,12.6,0.0,0.0,0.4,79.5
1747111474982,6.6,0.0,13.8,0.0,0.0,0.2,79.3
1747111476990,6.7,0.0,13.0,0.0,0.0,0.3,80.0
1747111478999,6.7,0.0,14.5,0.0,0.0,0.4,78.5
1747111481011,7.0,0.0,13.8,0.0,0.0,0.3,78.8
1747111483023,7.3,0.0,16.4,0.0,0.0,0.5,75.8
1747111485034,7.1,0.0,12.2,0.0,0.0,0.4,80.2
1747111487042,6.2,0.0,12.9,0.0,0.0,0.2,80.7
1747111489053,7.2,0.0,13.0,0.0,0.0,0.2,79.5
1747111491066,7.4,0.0,13.2,0.0,0.0,0.2,79.2
1747111493079,7.6,0.0,13.2,0.0,0.0,0.2,79.0
1747111495091,7.2,0.0,13.0,0.0,0.0,0.2,79.7
1747111497103,7.4,0.0,12.7,0.0,0.0,0.4,79.5
1747111499115,7.6,0.0,12.5,0.0,0.0,0.3,79.6
1747111501126,7.3,0.0,14.4,0.0,0.0,0.2,78.2
1747111503138,7.1,0.0,13.5,0.0,0.0,0.3,79.1
1747111505149,7.2,0.0,14.3,0.0,0.0,0.2,78.2
1747111507160,7.2,0.0,13.9,0.0,0.0,0.2,78.8
1747111509170,7.1,0.0,12.7,0.0,0.0,0.3,79.9
1747111511185,6.8,0.0,13.0,0.0,0.0,0.1,80.1
1747111513196,7.7,0.0,12.1,0.0,0.0,0.3,80.0
1747111515208,6.9,0.0,13.2,0.0,0.0,0.3,79.6
1747111517220,7.2,0.0,14.4,0.0,0.0,0.4,78.1
1747111519232,7.0,0.0,14.8,0.0,0.0,0.2,78.0
1747111521246,7.0,0.0,12.5,0.0,0.0,0.2,80.3
1747111523259,7.0,0.0,12.7,0.0,0.0,0.1,80.2
1747111525272,7.2,0.0,12.6,0.0,0.0,0.4,79.8
1747111527284,7.1,0.0,16.0,0.0,0.0,0.2,76.7
1747111529296,7.1,0.0,13.7,0.0,0.0,0.2,79.0
1747111531308,7.7,0.0,14.8,0.0,0.0,0.3,77.2
1747111533318,7.2,0.0,13.1,0.0,0.0,0.3,79.4
1747111535329,6.7,0.0,13.0,0.0,0.0,0.3,80.0
1747111537338,6.9,0.0,13.5,0.0,0.0,0.3,79.3
1747111539347,7.5,0.0,13.0,0.0,0.0,0.2,79.2
1747111541358,6.9,0.0,13.6,0.0,0.0,0.3,79.2
1747111543370,6.9,0.0,13.6,0.0,0.0,0.1,79.5
1747111545380,6.6,0.0,13.1,0.0,0.0,0.4,79.9
1747111547392,7.2,0.0,17.6,0.0,0.0,0.4,74.8
1747111549404,7.5,0.0,12.8,0.0,0.0,0.2,79.5
1747111551417,7.4,0.0,14.0,0.0,0.0,0.3,78.3
1747111553428,7.1,0.0,13.4,0.0,0.0,0.2,79.3
1747111555440,7.2,0.0,13.3,0.0,0.0,0.1,79.3
1747111557451,7.3,0.0,15.4,0.0,0.0,0.2,77.1
1747111559463,7.6,0.0,13.7,0.0,0.0,0.3,78.3
1747111561474,7.1,0.0,14.7,0.0,0.0,0.4,77.9
1747111563485,6.9,0.0,14.2,0.0,0.0,0.5,78.4
1747111565497,7.2,0.0,13.2,0.0,0.0,0.3,79.3
1747111567509,8.3,0.0,13.3,0.0,0.0,0.4,78.0
1747111569520,8.6,0.0,13.5,0.0,0.0,0.4,77.6
1747111571532,7.9,0.0,14.0,0.0,0.0,0.4,77.7
1747111573544,6.9,0.0,12.9,0.0,0.0,0.2,80.0
1747111575557,7.5,0.0,12.8,0.0,0.0,0.4,79.4
1747111577570,7.0,0.0,13.5,0.0,0.0,0.2,79.4
1747111579582,6.8,0.0,13.3,0.0,0.0,0.2,79.7
1747111581594,7.7,0.0,15.1,0.0,0.0,0.3,77.0
1747111583606,7.6,0.0,16.1,0.0,0.0,0.2,76.1
1747111585618,7.0,0.0,15.4,0.0,0.0,0.2,77.3
1747111587630,7.3,0.0,12.4,0.0,0.0,0.2,80.1
1747111589639,7.3,0.0,12.5,0.0,0.0,0.1,80.1
1747111591650,6.9,0.0,13.0,0.0,0.0,0.3,79.8
1747111593661,6.4,0.0,12.9,0.0,0.0,0.4,80.3
1747111595670,6.7,0.0,13.1,0.0,0.0,0.3,79.9
1747111597680,6.8,0.0,13.7,0.0,0.0,0.3,79.1
1747111599690,7.0,0.0,12.8,0.0,0.0,0.3,79.9
1747111601698,6.7,0.0,12.3,0.0,0.0,0.3,80.8
1747111603706,6.9,0.0,12.7,0.0,0.0,0.5,79.9
1747111605716,6.9,0.0,13.2,0.0,0.0,0.2,79.7
1747111607728,7.7,0.0,12.5,0.0,0.0,0.6,79.2
1747111609740,6.8,0.0,14.0,0.0,0.0,0.5,78.7
1747111611752,6.8,0.0,14.0,0.0,0.0,0.2,79.0
1747111613764,7.5,0.0,12.6,0.0,0.0,0.3,79.5
1747111615776,7.3,0.0,12.9,0.0,0.0,0.2,79.4
1747111617788,6.8,0.0,15.1,0.0,0.0,0.2,77.8
1747111619799,7.5,0.0,14.2,0.0,0.0,0.4,77.9
1747111621810,6.8,0.0,18.4,0.0,0.0,0.2,74.5
1747111623821,6.9,0.0,13.8,0.0,0.0,0.4,78.9
1747111625834,6.9,0.0,12.8,0.0,0.0,0.3,80.0
1747111627847,6.7,0.0,12.1,0.0,0.0,0.2,80.9
1747111629859,7.0,0.0,12.1,0.0,0.0,0.4,80.5
1747111631873,7.0,0.0,12.2,0.0,0.0,0.2,80.6
1747111633885,7.3,0.0,11.7,0.0,0.0,0.4,80.6
1747111635897,7.0,0.0,13.3,0.0,0.0,0.2,79.6
1747111637908,7.3,0.0,12.6,0.0,0.0,0.3,79.8
1747111639920,7.2,0.0,12.1,0.0,0.0,0.2,80.5
1747111641931,6.8,0.0,13.1,0.0,0.0,0.3,79.8
1747111643944,7.0,0.0,12.8,0.0,0.0,0.2,80.0
1747111645956,7.3,0.0,13.4,0.0,0.0,0.2,79.1
1747111647967,7.1,0.0,14.1,0.0,0.0,0.3,78.4
1747111649977,7.2,0.0,19.1,0.0,0.0,0.2,73.5
1747111651988,6.9,0.0,18.7,0.0,0.0,0.4,74.0
1747111654011,7.0,0.0,12.9,0.0,0.0,0.5,79.6
1747111656019,6.3,0.0,12.8,0.0,0.0,0.5,80.4
1747111658029,6.5,0.0,13.6,0.0,0.0,0.4,79.5
1747111660040,6.3,0.0,12.2,0.0,0.0,0.3,81.2
1747111662051,6.2,0.0,11.9,0.0,0.0,0.4,81.5
1747111664064,7.0,0.0,14.1,0.0,0.0,0.5,78.4
1747111666077,7.2,0.0,15.8,0.0,0.0,0.5,76.4
1747111668089,6.9,0.0,12.6,0.0,0.0,0.4,80.0
1747111670101,6.8,0.0,13.0,0.0,0.0,0.3,79.9
1747111672113,7.2,0.0,13.0,0.0,0.0,0.5,79.3
1747111674124,6.8,0.0,12.9,0.0,0.0,0.4,79.9
1747111676136,7.0,0.0,12.4,0.0,0.0,0.5,80.2
1747111678147,7.0,0.0,14.6,0.0,0.0,0.3,78.1
1747111680157,6.9,0.0,11.8,0.0,0.0,0.5,80.8
1747111682166,7.2,0.0,11.9,0.0,0.0,0.3,80.5
1747111684179,7.8,0.0,17.2,0.0,0.0,0.4,74.6
1747111686191,7.1,0.0,12.9,0.0,0.0,0.4,79.6
1747111688203,7.2,0.0,14.1,0.0,0.0,0.2,78.6
1747111690215,7.1,0.0,15.9,0.0,0.0,0.2,76.7
1747111692226,7.3,0.0,14.7,0.0,0.0,0.2,77.8
1747111694238,7.1,0.0,13.9,0.0,0.0,0.2,78.9
1747111696249,6.5,0.0,17.0,0.0,0.0,0.3,76.2
1747111698261,6.6,0.0,12.6,0.0,0.0,0.3,80.5
1747111700273,6.8,0.0,12.8,0.0,0.0,0.1,80.3
1747111702284,6.6,0.0,13.0,0.0,0.0,0.2,80.3
1747111704293,7.1,0.0,14.5,0.1,0.0,0.2,78.1
1747111706303,6.5,0.0,11.8,0.0,0.0,0.4,81.2
1747111708312,7.1,0.0,12.0,0.0,0.0,0.2,80.7
1747111710321,6.4,0.0,13.5,0.0,0.0,0.3,79.8
1747111712331,6.7,0.0,12.8,0.0,0.0,0.1,80.4
1747111714340,6.8,0.0,11.3,0.0,0.0,0.3,81.5
1747111716350,6.9,0.0,11.5,0.0,0.0,0.4,81.2
1747111718358,6.7,0.0,11.6,0.0,0.0,0.2,81.5
1747111720369,6.8,0.0,12.2,0.0,0.0,0.2,80.8
1747111722382,7.1,0.0,14.0,0.0,0.0,0.3,78.6
1747111724393,7.0,0.0,12.2,0.0,0.0,0.2,80.5
1747111726405,7.1,0.0,11.9,0.0,0.0,0.1,80.9
1747111728416,7.3,0.0,12.2,0.0,0.0,0.2,80.2
1747111730427,6.8,0.0,13.4,0.0,0.0,0.3,79.5
1747111732439,7.3,0.0,12.5,0.0,0.0,0.2,80.0
1747111734450,6.8,0.0,14.3,0.0,0.0,0.2,78.6
1747111736461,6.7,0.0,14.3,0.0,0.0,0.2,78.8
1747111738471,6.8,0.0,14.4,0.0,0.0,0.2,78.5
1747111740485,7.0,0.0,14.6,0.0,0.0,0.2,78.2
1747111742496,7.1,0.0,12.9,0.0,0.0,0.2,79.8
1747111744508,7.4,0.0,12.6,0.0,0.0,0.2,79.8
1747111746520,7.1,0.0,14.3,0.0,0.0,0.2,78.3
1747111748531,6.8,0.0,13.1,0.0,0.0,0.2,79.9
1747111750542,7.2,0.0,13.2,0.0,0.0,0.3,79.3
1747111752556,6.5,0.0,15.0,0.0,0.0,0.1,78.4
1747111754568,7.2,0.0,13.9,0.0,0.0,0.4,78.4
1747111756579,6.9,0.0,13.5,0.0,0.0,0.2,79.4
1747111758591,7.0,0.0,13.3,0.0,0.0,0.2,79.5
1747111760603,6.7,0.0,12.8,0.0,0.0,0.5,79.9
1747111762615,6.7,0.0,17.5,0.0,0.0,0.2,75.5
1747111764625,7.1,0.0,13.0,0.0,0.0,0.2,79.7
1747111766637,6.8,0.0,12.4,0.0,0.0,0.4,80.5
1747111768646,6.8,0.0,13.0,0.0,0.0,0.4,79.8
1747111770656,6.8,0.0,13.8,0.0,0.0,0.2,79.2
1747111772666,6.5,0.0,12.1,0.0,0.0,0.2,81.2
1747111774675,6.4,0.0,12.9,0.0,0.0,0.5,80.2
1747111776684,6.7,0.0,14.4,0.0,0.0,0.5,78.4
1747111778693,7.0,0.0,15.4,0.0,0.0,0.3,77.3
1747111780704,7.1,0.0,15.4,0.0,0.0,0.3,77.2
1747111782718,6.5,0.0,13.4,0.0,0.0,0.3,79.8
1747111784730,6.8,0.0,14.5,0.0,0.0,0.5,78.2
1747111786742,6.8,0.0,13.6,0.0,0.0,0.4,79.2
1747111788755,6.2,0.0,13.0,0.0,0.0,0.3,80.5
1747111790764,6.3,0.0,13.5,0.0,0.0,0.5,79.7
1747111792774,6.7,0.0,20.1,0.0,0.0,0.6,72.7
1747111794788,6.9,0.0,12.4,0.0,0.0,0.5,80.2
1747111796800,7.2,0.0,17.9,0.0,0.0,0.4,74.5
1747111798812,6.6,0.0,12.4,0.0,0.0,0.4,80.6
1747111800824,6.3,0.0,13.4,0.0,0.0,0.3,79.9
1747111802837,6.6,0.0,13.7,0.0,0.0,0.4,79.3
1747111804849,7.0,0.0,14.0,0.0,0.0,0.5,78.4
1747111806861,6.9,0.0,16.3,0.0,0.0,0.3,76.5
1747111808873,7.0,0.0,13.5,0.0,0.0,0.2,79.4
1747111810885,7.1,0.0,13.3,0.0,0.0,0.2,79.4
1747111812897,7.1,0.0,13.6,0.0,0.0,0.3,79.0
1747111814909,7.0,0.0,15.9,0.0,0.0,0.2,76.8
1747111816920,6.5,0.0,12.1,0.0,0.0,0.1,81.3
1747111818929,6.8,0.0,13.9,0.0,0.0,0.2,79.1
1747111820940,7.2,0.0,14.3,0.0,0.0,0.2,78.3
1747111822951,6.6,0.0,12.7,0.0,0.0,0.2,80.5
1747111824960,6.8,0.0,12.7,0.0,0.0,0.3,80.2
1747111826970,6.4,0.0,13.4,0.0,0.0,0.2,80.0
1747111828981,6.1,0.0,12.9,0.0,0.0,0.3,80.8
1747111830993,5.8,0.0,16.3,0.0,0.0,0.2,77.7
1747111833007,6.7,0.0,13.0,0.0,0.0,0.3,80.0
1747111835018,6.6,0.0,12.9,0.0,0.0,0.2,80.3
1747111837029,7.0,0.0,11.9,0.0,0.0,0.2,80.9
1747111839042,7.2,0.0,16.7,0.0,0.0,0.4,75.7
1747111841054,6.8,0.0,13.7,0.0,0.0,0.2,79.2
1747111843067,7.2,0.0,12.9,0.0,0.0,0.3,79.7
1747111845079,7.0,0.0,14.0,0.0,0.0,0.4,78.6
1747111847091,6.5,0.0,12.5,0.0,0.0,0.3,80.7
1747111849102,6.2,0.0,16.5,0.0,0.0,0.2,77.0
1747111851115,6.8,0.0,12.1,0.0,0.0,0.5,80.6
1747111853129,7.1,0.0,13.6,0.0,0.0,0.2,79.0
1747111855142,7.1,0.0,11.9,0.0,0.0,0.3,80.6
1747111857155,6.3,0.0,13.2,0.0,0.0,0.4,80.1
1747111859168,7.1,0.0,11.8,0.0,0.0,0.2,80.9
1747111861182,6.9,0.0,14.3,0.0,0.0,0.2,78.6
1747111863194,7.0,0.0,12.9,0.0,0.0,0.3,79.8
1747111865207,6.6,0.0,12.5,0.0,0.0,0.3,80.6
1747111867219,7.0,0.0,11.9,0.0,0.0,0.3,80.8
1747111869232,6.7,0.0,13.4,0.0,0.0,0.3,79.5
1747111871245,6.8,0.0,13.0,0.0,0.0,0.3,79.9
1747111873257,6.6,0.0,12.9,0.0,0.0,0.3,80.1
1747111875269,6.2,0.0,12.8,0.0,0.0,0.5,80.5
1747111877280,6.5,0.0,11.8,0.0,0.0,0.2,81.5
1747111879288,6.5,0.0,11.5,0.0,0.0,0.4,81.6
1747111881298,6.8,0.0,13.6,0.0,0.0,0.2,79.3
1747111883307,6.2,0.0,13.5,0.0,0.0,0.4,79.9
1747111885318,6.7,0.0,12.8,0.0,0.0,0.4,80.1
1747111887329,6.8,0.0,12.1,0.0,0.0,0.3,80.8
1747111889338,6.1,0.0,12.6,0.0,0.0,0.5,80.9
1747111891348,6.9,0.0,15.7,0.0,0.0,0.2,77.2
1747111893361,7.3,0.0,14.4,0.0,0.0,0.2,78.1
1747111895375,6.8,0.0,15.8,0.0,0.0,0.3,77.1
1747111897388,6.8,0.0,12.8,0.0,0.0,0.2,80.2
1747111899401,6.8,0.0,12.5,0.0,0.0,0.2,80.5
1747111901414,7.0,0.0,13.8,0.0,0.0,0.1,79.0
1747111903427,7.0,0.0,15.1,0.0,0.0,0.5,77.5
1747111905440,6.6,0.0,13.3,0.0,0.0,0.2,79.9
1747111907453,6.3,0.0,12.3,0.0,0.0,0.4,81.0
1747111909466,6.5,0.0,13.9,0.0,0.0,0.4,79.2
1747111911481,6.7,0.0,12.5,0.0,0.0,0.5,80.3
1747111913499,6.8,0.0,11.9,0.0,0.0,0.7,80.6
1747111915513,6.8,0.0,12.2,0.0,0.0,0.6,80.4
1747111917529,6.4,0.0,13.3,0.0,0.0,0.6,79.7
1747111919544,6.9,0.0,13.8,0.0,0.0,0.1,79.2
1747111921558,6.6,0.0,12.7,0.0,0.0,0.7,80.0
1747111923572,6.4,0.0,12.7,0.0,0.0,0.3,80.5
1747111925584,6.8,0.0,13.7,0.0,0.0,0.4,79.2
1747111927598,6.7,0.0,12.2,0.0,0.0,0.2,81.0
1747111929610,6.5,0.0,13.0,0.0,0.0,0.3,80.2
1747111931622,6.7,0.0,19.6,0.0,0.0,0.2,73.5
1747111933632,6.6,0.0,12.8,0.0,0.0,0.1,80.5
1747111935641,6.7,0.0,12.1,0.0,0.0,0.4,80.8
1747111937652,6.1,0.0,12.4,0.0,0.0,0.6,80.9
1747111939661,6.5,0.0,10.8,0.0,0.0,0.6,82.0
1747111941670,6.0,0.0,12.9,0.0,0.0,0.4,80.7
1747111943679,6.4,0.0,14.3,0.0,0.0,0.5,78.8
1747111945689,6.7,0.0,12.6,0.0,0.0,0.4,80.2
1747111947699,6.2,0.0,12.1,0.0,0.0,0.2,81.4
1747111949713,6.7,0.0,16.1,0.0,0.0,0.5,76.6
1747111951725,7.2,0.0,15.1,0.0,0.0,0.2,77.5
1747111953737,7.2,0.0,18.0,0.0,0.0,0.3,74.4
1747111955748,6.5,0.0,14.0,0.0,0.0,0.3,79.1
1747111957760,6.5,0.0,14.5,0.0,0.0,0.3,78.7
1747111959773,6.5,0.0,14.9,0.0,0.0,0.2,78.3
1747111961785,7.3,0.0,17.5,0.0,0.0,0.2,74.9
1747111963796,7.0,0.0,13.7,0.0,0.0,0.2,79.1
1747111965808,6.5,0.0,12.0,0.0,0.0,0.4,81.1
1747111967818,6.6,0.0,12.0,0.0,0.0,0.3,81.0
1747111969831,6.8,0.0,12.0,0.0,0.0,0.1,81.1
1747111971843,6.9,0.0,12.3,0.0,0.0,0.4,80.3
1747111973854,6.7,0.0,13.2,0.0,0.0,0.3,79.7
1747111975867,6.5,0.0,15.4,0.0,0.0,0.2,77.9
1747111977878,6.4,0.0,11.8,0.0,0.0,0.2,81.5
1747111979891,6.7,0.0,11.7,0.0,0.0,0.2,81.3
1747111981903,6.6,0.0,12.2,0.0,0.0,0.3,80.8
1747111983915,7.2,0.0,14.8,0.0,0.0,0.3,77.7
1747111985927,6.7,0.0,15.9,0.0,0.0,0.5,76.9
1747111987937,6.8,0.0,14.1,0.0,0.0,0.5,78.5
1747111989944,6.8,0.0,13.5,0.0,0.0,0.3,79.3
1747111991952,6.7,0.0,12.2,0.0,0.0,0.4,80.8
1747111993962,6.9,0.0,14.6,0.0,0.0,0.4,78.1
1747111995975,6.8,0.0,11.8,0.0,0.0,0.3,81.1
1747111997988,5.8,0.0,11.8,0.0,0.0,0.4,82.0
1747112000000,6.6,0.0,13.4,0.0,0.0,0.5,79.4
1747112002012,6.5,0.0,17.8,0.0,0.0,0.4,75.3
1747112004025,6.6,0.0,16.2,0.0,0.0,0.3,76.8
1747112006037,7.0,0.0,12.7,0.0,0.0,0.2,80.0
1747112008050,6.8,0.0,12.8,0.0,0.0,0.4,80.0
1747112010062,6.9,0.0,16.5,0.0,0.0,0.2,76.5
1747112012075,6.7,0.0,13.7,0.0,0.0,0.3,79.3
1747112014087,7.6,0.0,11.6,0.0,0.0,0.5,80.3
1747112016098,6.8,0.0,13.2,0.0,0.0,0.3,79.8
1747112018108,6.7,0.0,13.1,0.0,0.0,0.1,80.1
1747112020118,5.8,0.0,11.6,0.0,0.0,0.3,82.3
1747112022128,6.7,0.0,11.6,0.0,0.0,0.2,81.5
1747112024141,6.7,0.0,11.8,0.0,0.0,0.5,81.0
1747112026153,6.9,0.0,12.8,0.0,0.0,0.4,79.9
1747112028167,6.6,0.0,13.8,0.0,0.0,0.5,79.1
1747112030179,6.9,0.0,13.9,0.0,0.0,0.3,78.9
1747112032191,6.8,0.0,13.0,0.0,0.0,0.4,79.9
1747112034205,6.7,0.0,15.6,0.0,0.0,0.2,77.5
1747112036217,6.9,0.0,15.4,0.0,0.0,0.2,77.5
1747112038230,6.5,0.0,14.7,0.0,0.0,0.3,78.5
1747112040242,6.3,0.0,15.8,0.0,0.0,0.3,77.5
1747112042254,7.3,0.0,13.0,0.0,0.0,0.3,79.4
1747112044265,6.7,0.0,13.1,0.0,0.0,0.3,79.8
1747112046275,6.0,0.0,14.9,0.0,0.0,0.2,78.9
1747112048285,6.2,0.0,11.5,0.0,0.0,0.5,81.8
1747112050295,6.0,0.0,13.3,0.0,0.0,0.6,80.1
1747112052306,6.2,0.0,12.5,0.0,0.0,0.3,81.0
1747112054317,6.0,0.0,13.4,0.0,0.0,0.4,80.2
1747112056328,6.6,0.0,12.8,0.0,0.0,0.6,80.0
1747112058339,6.3,0.0,13.4,0.0,0.0,0.5,79.8
1747112060352,6.8,0.0,13.4,0.0,0.0,0.4,79.4
1747112062368,6.6,0.0,12.6,0.0,0.0,0.5,80.3
1747112064383,6.9,0.0,12.4,0.0,0.0,0.4,80.2
1747112066396,6.8,0.0,16.7,0.0,0.0,0.2,76.2
1747112068410,6.7,0.0,14.9,0.0,0.0,0.2,78.2
1747112070422,7.1,0.0,13.9,0.0,0.0,0.2,78.8
1747112072438,7.0,0.0,15.6,0.0,0.0,0.4,77.1
1747112074450,7.2,0.0,14.1,0.0,0.0,0.3,78.4
1747112076463,7.3,0.0,12.0,0.0,0.0,0.3,80.4
1747112078473,6.6,0.0,12.2,0.0,0.0,0.4,80.7
1747112080484,6.9,0.0,11.2,0.0,0.0,0.2,81.6
1747112082498,6.7,0.0,13.8,0.0,0.0,0.2,79.3
1747112084512,6.8,0.0,13.1,0.0,0.0,0.3,79.8
1747112086524,7.1,0.0,14.1,0.0,0.0,0.2,78.6
1747112088536,6.8,0.0,12.8,0.0,0.0,0.2,80.2
1747112090549,7.2,0.0,13.3,0.0,0.0,0.0,79.4
1747112092561,7.0,0.0,14.7,0.0,0.0,0.2,78.2
1747112094572,7.0,0.0,11.9,0.0,0.0,0.5,80.6
1747112096581,6.7,0.0,12.0,0.0,0.0,0.3,80.9
1747112098593,6.4,0.0,12.2,0.0,0.0,0.5,80.9
1747112100603,6.8,0.0,12.4,0.0,0.0,0.3,80.5
1747112102613,6.6,0.0,13.3,0.0,0.0,0.3,79.7
1747112104623,7.0,0.0,12.8,0.0,0.0,0.2,80.0
1747112106632,6.7,0.0,13.4,0.0,0.0,0.2,79.7
1747112108641,7.3,0.0,12.5,0.0,0.0,0.2,80.1
1747112110651,6.9,0.0,11.4,0.0,0.0,0.1,81.5
1747112112660,6.4,0.0,12.4,0.0,0.0,0.3,80.8
1747112114670,6.7,0.0,12.3,0.0,0.0,0.3,80.7
1747112116681,6.6,0.0,13.4,0.0,0.0,0.2,79.9
1747112118693,7.6,0.0,12.1,0.0,0.0,0.2,80.0
1747112120706,6.9,0.0,13.1,0.0,0.0,0.2,79.8
1747112122719,7.0,0.0,15.5,0.0,0.0,0.2,77.3
1747112124730,6.5,0.0,12.3,0.0,0.0,0.2,81.0
1747112126741,6.5,0.0,13.0,0.0,0.0,0.2,80.3
1747112128754,7.2,0.0,14.1,0.0,0.0,0.1,78.6
1747112130766,6.9,0.0,15.1,0.0,0.0,0.2,77.7
1747112132779,7.2,0.0,14.4,0.0,0.0,0.2,78.1
1747112134790,6.5,0.0,13.3,0.0,0.0,0.5,79.7
1747112136800,7.1,0.0,11.6,0.0,0.0,0.3,81.0
1747112138810,6.9,0.0,14.9,0.0,0.0,0.3,77.9
1747112140822,6.8,0.0,13.6,0.0,0.0,0.2,79.3
1747112142834,7.0,0.0,12.6,0.0,0.0,0.2,80.3
1747112144846,6.8,0.0,12.5,0.0,0.0,0.4,80.3
1747112146856,6.3,0.0,12.5,0.0,0.0,0.2,81.1
1747112148866,6.8,0.0,13.3,0.0,0.0,0.4,79.5
1747112150879,6.2,0.0,12.8,0.0,0.0,0.3,80.7
1747112152892,6.5,0.0,14.7,0.0,0.0,0.3,78.5
1747112154905,6.6,0.0,12.8,0.0,0.0,0.3,80.2
1747112156917,7.1,0.0,15.8,0.0,0.0,0.2,76.9
1747112158930,7.3,0.0,16.2,0.0,0.0,0.3,76.2
1747112160941,6.2,0.0,12.6,0.0,0.0,0.3,80.9
1747112162952,6.7,0.0,13.6,0.0,0.0,0.2,79.5
1747112164963,6.9,0.0,13.5,0.0,0.0,0.2,79.3
1747112166974,7.2,0.0,12.7,0.0,0.0,0.2,79.9
1747112168984,6.4,0.0,12.6,0.0,0.0,0.1,80.9
1747112170992,6.3,0.0,13.1,0.0,0.0,0.2,80.4
1747112173003,6.4,0.0,13.1,0.0,0.0,0.3,80.2
1747112175015,6.6,0.0,14.2,0.0,0.0,0.3,78.9
1747112177028,6.8,0.0,13.1,0.0,0.0,0.2,79.8
1747112179040,6.8,0.0,14.3,0.0,0.0,0.2,78.6
1747112181052,7.1,0.0,14.4,0.0,0.0,0.4,78.1
1747112183064,7.2,0.0,13.4,0.0,0.0,0.0,79.3
1747112185076,6.6,0.0,12.5,0.0,0.0,0.3,80.6
1747112187088,7.1,0.0,12.2,0.0,0.0,0.1,80.5
1747112189100,7.0,0.0,12.8,0.0,0.0,0.2,80.0
1747112191112,6.3,0.0,12.3,0.0,0.0,0.1,81.3
1747112193122,6.3,0.0,12.3,0.0,0.0,0.2,81.1
1747112195135,6.6,0.0,12.0,0.0,0.0,0.1,81.3
1747112197148,7.2,0.0,12.7,0.0,0.0,0.5,79.5
1747112199162,6.5,0.0,12.9,0.0,0.0,0.2,80.4
1747112201174,7.3,0.0,13.4,0.0,0.0,0.3,78.9
1747112203185,7.0,0.0,13.7,0.0,0.0,0.2,79.1
1747112205197,7.0,0.0,12.1,0.0,0.0,0.2,80.7
1747112207208,6.9,0.0,12.3,0.0,0.0,0.1,80.6
1747112209219,6.8,0.0,12.8,0.0,0.0,0.2,80.2
1747112211231,7.4,0.0,14.3,0.0,0.0,0.1,78.2
1747112213243,7.0,0.0,12.9,0.0,0.0,0.2,79.9
1747112215253,7.0,0.0,13.7,0.0,0.0,0.2,79.1
1747112217265,6.7,0.0,13.0,0.0,0.0,0.1,80.2
1747112219277,6.8,0.0,13.0,0.0,0.0,0.2,80.0
1747112221287,6.8,0.0,14.0,0.0,0.0,0.2,79.0
1747112223298,7.0,0.0,12.6,0.0,0.0,0.3,80.1
1747112225309,6.8,0.0,12.8,0.0,0.0,0.4,80.0
1747112227318,6.8,0.0,12.6,0.0,0.0,0.1,80.6
1747112229326,7.0,0.0,11.6,0.0,0.0,0.2,81.2
1747112231334,6.4,0.0,13.2,0.0,0.0,0.5,79.9
1747112233344,6.6,0.0,12.7,0.0,0.0,0.2,80.5
1747112235355,6.9,0.0,11.7,0.0,0.0,0.2,81.2
1747112237369,7.1,0.0,13.0,0.0,0.0,0.2,79.6
1747112239382,7.2,0.0,13.6,0.0,0.0,0.2,79.1
1747112241394,6.6,0.0,13.2,0.0,0.0,0.3,79.9
1747112243407,6.8,0.0,13.3,0.0,0.0,0.4,79.6
1747112245418,7.2,0.0,13.1,0.0,0.0,0.1,79.6
1747112247429,6.3,0.0,12.5,0.0,0.0,0.3,81.0
1747112249441,6.7,0.0,13.8,0.0,0.0,0.4,79.2
1747112251454,7.0,0.0,15.7,0.0,0.0,0.4,76.8
1747112253467,7.0,0.0,13.3,0.0,0.0,0.1,79.6
1747112255479,7.1,0.0,16.2,0.0,0.0,0.2,76.5
1747112257492,6.8,0.0,14.7,0.0,0.0,0.2,78.3
1747112259504,6.7,0.0,13.3,0.0,0.0,0.3,79.7
1747112261516,7.0,0.0,12.9,0.0,0.0,0.2,79.9
1747112263528,6.9,0.0,13.0,0.0,0.0,0.2,80.0
1747112265538,6.5,0.0,12.4,0.0,0.0,0.4,80.8
1747112267549,6.9,0.0,12.7,0.0,0.0,0.3,80.0
1747112269561,7.1,0.0,15.7,0.0,0.0,0.1,77.1
1747112271573,6.9,0.0,12.7,0.0,0.0,0.0,80.4
1747112273582,6.8,0.0,11.7,0.0,0.0,0.1,81.4
1747112275595,6.7,0.0,17.4,0.0,0.0,0.1,75.8
1747112277606,6.5,0.0,12.4,0.0,0.0,0.2,80.8
1747112279618,6.7,0.0,12.2,0.0,0.0,0.2,80.8
1747112281630,6.7,0.0,12.8,0.0,0.0,0.2,80.3
1747112283640,6.5,0.0,12.8,0.0,0.0,0.3,80.4
1747112285650,6.7,0.0,12.3,0.0,0.0,0.2,80.8
1747112287659,6.9,0.0,13.2,0.0,0.0,0.4,79.5
1747112289668,6.2,0.0,12.8,0.0,0.0,0.3,80.7
1747112291681,7.0,0.0,13.7,0.0,0.0,0.2,79.1
1747112293696,6.9,0.0,17.2,0.0,0.0,0.4,75.5
1747112295708,6.7,0.0,12.7,0.0,0.0,0.4,80.1
1747112297719,6.8,0.0,12.0,0.0,0.0,0.2,81.0
1747112299728,7.0,0.0,11.8,0.0,0.0,0.3,80.9
1747112301741,6.8,0.0,12.1,0.0,0.0,0.2,80.9
1747112303755,6.7,0.0,12.4,0.0,0.0,0.3,80.5
1747112305768,7.2,0.0,13.4,0.0,0.0,0.2,79.2
1747112307782,6.7,0.0,13.5,0.0,0.0,0.3,79.6
1747112309796,6.8,0.0,13.2,0.0,0.0,0.2,79.7
1747112311809,6.8,0.0,12.1,0.0,0.0,0.4,80.7
1747112313823,6.9,0.0,14.6,0.0,0.0,0.3,78.1
1747112315835,6.9,0.0,13.0,0.0,0.0,0.4,79.6
1747112317847,6.7,0.0,12.8,0.0,0.0,0.4,80.1
1747112319859,7.2,0.0,12.0,0.0,0.0,0.2,80.6
1747112321874,6.6,0.0,11.8,0.0,0.0,0.2,81.4
1747112323888,6.3,0.0,12.2,0.0,0.0,0.2,81.2
1747112325902,7.0,0.0,12.4,0.0,0.0,0.4,80.2
1747112327914,6.5,0.0,12.1,0.0,0.0,0.3,81.0
1747112329923,6.1,0.0,13.1,0.0,0.0,0.2,80.6
1747112331933,6.4,0.0,14.6,0.0,0.0,0.3,78.7
1747112333945,6.5,0.0,13.5,0.0,0.0,0.5,79.5
1747112335960,6.7,0.0,13.4,0.0,0.0,0.4,79.5
1747112337973,6.6,0.0,13.8,0.0,0.0,0.4,79.3
1747112339985,6.9,0.0,14.3,0.0,0.0,0.5,78.3
1747112341997,6.9,0.0,16.3,0.0,0.0,0.3,76.6
1747112344010,7.0,0.0,13.8,0.0,0.0,0.2,79.0
1747112346020,7.1,0.0,13.8,0.0,0.0,0.2,78.8
1747112348027,6.5,0.0,12.9,0.0,0.0,0.4,80.2
1747112350035,6.1,0.0,15.1,0.0,0.0,0.3,78.5
1747112352046,6.2,0.0,13.1,0.0,0.0,0.4,80.3
1747112354055,6.2,0.0,15.1,0.0,0.0,0.4,78.4
1747112356066,6.8,0.0,16.1,0.0,0.0,0.4,76.7
1747112358079,7.0,0.0,13.8,0.0,0.0,0.3,78.9
1747112360091,6.9,0.0,14.4,0.0,0.0,0.7,78.1
1747112362102,6.6,0.0,13.1,0.0,0.0,0.2,80.2
1747112364113,6.5,0.0,13.1,0.0,0.0,0.3,80.1
1747112366126,6.8,0.0,11.7,0.0,0.0,0.3,81.2
1747112368137,6.8,0.0,12.6,0.0,0.0,0.3,80.3
1747112370149,7.0,0.0,11.9,0.0,0.0,0.2,80.9
1747112372162,7.1,0.0,11.8,0.0,0.0,0.2,80.9
1747112374174,6.5,0.0,12.6,0.0,0.0,0.2,80.6
1747112376186,7.0,0.0,12.6,0.0,0.0,0.1,80.2
1747112378198,6.4,0.0,12.8,0.0,0.0,0.3,80.6
1747112380210,6.9,0.0,13.4,0.0,0.0,0.6,79.2
1747112382222,6.6,0.0,15.2,0.0,0.0,0.2,78.0
1747112384230,6.7,0.0,12.6,0.0,0.0,0.4,80.4
1747112386242,6.8,0.0,13.0,0.0,0.0,0.4,79.8
1747112388253,6.6,0.0,12.4,0.0,0.0,0.3,80.7
1747112390266,6.4,0.0,12.3,0.0,0.0,0.1,81.2
1747112392278,6.6,0.0,12.4,0.0,0.0,0.4,80.6
1747112394290,6.8,0.0,17.4,0.0,0.0,0.3,75.5
1747112396301,6.7,0.0,14.3,0.0,0.0,0.4,78.6
1747112398313,6.4,0.0,14.1,0.0,0.0,0.4,79.0
1747112400323,6.1,0.0,12.3,0.0,0.0,0.7,80.9
1747112402334,6.5,0.0,11.7,0.0,0.0,0.7,81.2
1747112404346,7.1,0.0,15.6,0.0,0.0,0.5,76.8
1747112406360,6.5,0.0,11.7,0.0,0.0,0.4,81.4
1747112408373,6.3,0.0,13.2,0.0,0.0,0.5,80.0
1747112410384,6.1,0.0,11.9,0.0,0.0,0.2,81.7
1747112412397,6.8,0.0,13.6,0.0,0.0,0.2,79.5
1747112414412,6.7,0.0,15.8,0.0,0.0,0.4,77.1
1747112416428,7.2,0.0,14.9,0.0,0.0,0.2,77.7
1747112418442,6.9,0.0,12.6,0.0,0.0,0.2,80.4
1747112420455,6.2,0.0,14.4,0.0,0.0,0.3,79.1
1747112422468,7.0,0.0,13.9,0.0,0.0,0.2,78.8
1747112424482,6.6,0.0,15.1,0.0,0.0,0.2,78.1
1747112426496,6.5,0.0,12.5,0.0,0.0,0.3,80.6
1747112428510,7.0,0.0,12.7,0.0,0.0,0.2,80.2
1747112430522,6.6,0.0,12.9,0.0,0.0,0.3,80.2
1747112432535,7.2,0.0,12.0,0.0,0.0,0.3,80.5
1747112434547,6.7,0.0,12.1,0.0,0.0,0.7,80.6
1747112436561,6.5,0.0,12.5,0.0,0.0,0.2,80.8
1747112438573,6.9,0.0,13.9,0.0,0.0,0.2,78.9
1747112440582,6.9,0.0,14.7,0.0,0.0,0.2,78.2
1747112442593,6.7,0.0,17.1,0.0,0.0,0.2,75.9
1747112444608,6.6,0.0,13.6,0.0,0.0,0.5,79.3
1747112446621,6.3,0.0,11.6,0.0,0.0,0.4,81.7
1747112448631,6.4,0.0,12.6,0.0,0.0,0.3,80.7
1747112450642,6.7,0.0,13.8,0.0,0.0,0.3,79.1
1747112452653,6.9,0.0,12.3,0.0,0.0,0.3,80.4
1747112454664,6.7,0.0,12.7,0.0,0.0,0.2,80.4
1747112456674,6.5,0.0,14.3,0.0,0.0,0.4,78.8
1747112458682,6.5,0.0,14.9,0.0,0.0,0.4,78.2
1747112460691,6.4,0.0,14.7,0.0,0.0,0.6,78.3
1747112462701,6.5,0.0,13.7,0.0,0.0,0.4,79.5
1747112464710,6.4,0.0,12.1,0.0,0.0,0.5,81.0
1747112466722,7.0,0.0,15.2,0.0,0.0,0.2,77.6
1747112468733,6.3,0.0,13.0,0.0,0.0,0.4,80.3
1747112470746,6.5,0.0,12.9,0.0,0.0,0.4,80.2
1747112472758,6.8,0.0,14.5,0.0,0.0,0.2,78.5
1747112474771,7.1,0.0,11.6,0.0,0.0,0.2,81.1
1747112476783,7.1,0.0,12.2,0.0,0.0,0.4,80.3
1747112478796,6.6,0.0,12.0,0.0,0.0,0.4,81.0
1747112480807,6.5,0.0,11.9,0.0,0.0,0.1,81.4
1747112482820,6.8,0.0,13.3,0.0,0.0,0.1,79.9
1747112484833,6.7,0.0,12.1,0.0,0.0,0.3,81.0
1747112486847,7.1,0.0,12.9,0.0,0.0,0.2,79.7
1747112488860,6.6,0.0,15.3,0.0,0.0,0.3,77.8
1747112490874,6.9,0.0,12.0,0.0,0.0,0.4,80.7
1747112492888,6.6,0.0,11.8,0.0,0.0,0.2,81.3
1747112494905,6.4,0.0,13.9,0.0,0.0,0.1,79.6
1747112496918,6.3,0.0,13.5,0.0,0.0,0.2,80.0
1747112498933,7.2,0.0,13.1,0.0,0.0,0.3,79.5
1747112500945,6.9,0.0,12.7,0.0,0.0,0.2,80.2
1747112502963,7.0,0.0,12.8,0.0,0.0,0.1,80.2
1747112504981,6.8,0.0,14.3,0.0,0.0,0.4,78.5
1747112506994,6.5,0.0,12.9,0.0,0.0,0.3,80.3
1747112509004,6.6,0.0,13.2,0.0,0.0,0.3,79.9
1747112511012,6.4,0.0,14.9,0.0,0.0,0.5,78.2
1747112513022,6.8,0.0,12.9,0.0,0.0,0.2,80.0
1747112515033,6.4,0.0,11.3,0.0,0.0,0.5,81.8
1747112517041,6.3,0.0,12.4,0.0,0.0,0.5,80.7
1747112519051,6.3,0.0,13.6,0.0,0.0,0.4,79.7
1747112521060,6.8,0.0,12.3,0.0,0.0,0.5,80.5
1747112523068,6.6,0.0,12.2,0.0,0.0,0.3,80.9
1747112525079,6.3,0.0,13.6,0.0,0.0,0.3,79.8
1747112527090,6.8,0.0,16.7,0.0,0.0,0.3,76.1
1747112529103,6.4,0.0,12.0,0.0,0.0,0.5,81.1
1747112531113,7.1,0.0,12.3,0.0,0.0,0.2,80.4
1747112533126,6.6,0.0,11.7,0.0,0.0,0.5,81.2
1747112535139,6.6,0.0,12.6,0.0,0.0,0.3,80.5
1747112537152,7.0,0.0,12.9,0.0,0.0,0.3,79.9
1747112539163,7.6,0.0,13.4,0.0,0.0,0.2,78.8
1747112541175,7.3,0.0,11.4,0.0,0.0,0.3,81.1
1747112543186,6.8,0.0,14.2,0.0,0.0,0.2,78.8
1747112545198,7.0,0.0,14.2,0.0,0.0,0.3,78.5
1747112547210,7.1,0.0,17.4,0.0,0.0,0.4,75.1
1747112549221,6.4,0.0,13.6,0.0,0.0,0.2,79.8
1747112551232,6.6,0.0,14.8,0.0,0.0,0.2,78.4
1747112553245,7.0,0.0,12.3,0.0,0.0,0.4,80.3
1747112555256,6.7,0.0,14.4,0.0,0.0,0.3,78.5
1747112557268,6.7,0.0,16.7,0.0,0.0,0.4,76.2
1747112559280,6.8,0.0,17.2,0.0,0.0,0.4,75.6
1747112561293,7.0,0.0,12.6,0.0,0.0,0.2,80.2
1747112563306,7.0,0.0,12.3,0.0,0.0,0.3,80.4
1747112565316,6.3,0.0,12.4,0.0,0.0,0.2,81.0
1747112567328,6.8,0.0,20.4,0.0,0.0,0.7,72.1
1747112569348,6.3,0.0,15.5,0.0,0.0,0.2,78.1
1747112571359,6.8,0.0,16.8,0.0,0.0,0.4,76.1
1747112573369,6.3,0.0,17.9,0.0,0.0,0.6,75.2
1747112575381,6.4,0.0,12.4,0.0,0.0,0.3,80.9
1747112577393,6.7,0.0,12.2,0.0,0.0,0.2,80.9
1747112579405,6.1,0.0,13.6,0.0,0.0,0.2,80.1
1747112581417,6.4,0.0,16.7,0.0,0.0,0.3,76.6
1747112583428,6.8,0.0,12.5,0.0,0.0,0.4,80.3
1747112585443,6.9,0.0,12.5,0.0,0.0,0.2,80.4
1747112587455,6.5,0.0,14.2,0.0,0.0,0.3,79.0
1747112589468,6.4,0.0,16.1,0.0,0.0,0.1,77.4
1747112591481,6.5,0.0,13.2,0.0,0.0,0.2,80.0
1747112593493,7.1,0.0,12.8,0.0,0.0,0.2,79.9
1747112595505,7.1,0.0,13.2,0.0,0.0,0.2,79.5
1747112597518,6.8,0.0,12.3,0.0,0.0,0.3,80.6
1747112599530,6.4,0.0,13.9,0.0,0.0,0.1,79.5
1747112601541,6.9,0.0,11.8,0.0,0.0,0.8,80.5
1747112603555,7.1,0.0,14.8,0.0,0.0,0.4,77.7
1747112605569,6.8,0.0,11.8,0.0,0.0,0.3,81.2
1747112607583,6.4,0.0,13.2,0.0,0.0,0.4,80.0
1747112609595,7.0,0.0,13.2,0.0,0.0,0.1,79.7
1747112611610,6.5,0.0,12.2,0.0,0.0,0.2,81.2
1747112613625,7.3,0.0,11.6,0.0,0.0,0.3,80.8
1747112615639,6.4,0.0,16.0,0.0,0.0,0.2,77.3
1747112617652,6.4,0.0,13.5,0.0,0.0,0.2,79.9
1747112619664,6.6,0.0,13.3,0.0,0.0,0.2,79.8
1747112621675,6.8,0.0,15.3,0.0,0.0,0.3,77.6
1747112623684,6.0,0.0,14.6,0.0,0.0,0.3,79.0
1747112625697,6.1,0.0,12.7,0.0,0.0,0.3,80.9
1747112627705,6.3,0.0,12.7,0.0,0.0,0.1,80.9
1747112629714,6.3,0.0,14.5,0.0,0.0,0.3,78.8
1747112631726,6.6,0.0,12.3,0.0,0.0,0.2,80.9
1747112633737,6.7,0.0,14.3,0.0,0.0,0.2,78.8
1747112635748,5.8,0.0,12.7,0.0,0.0,0.3,81.3
1747112637760,6.9,0.0,13.0,0.0,0.0,0.2,79.9
1747112639771,7.2,0.0,19.9,0.0,0.0,0.4,72.5
1747112641782,6.5,0.0,14.8,0.0,0.0,0.4,78.2
1747112643792,6.5,0.0,12.9,0.0,0.0,0.4,80.1
1747112645806,6.6,0.0,12.5,0.0,0.0,0.2,80.7
1747112647820,6.7,0.0,12.7,0.0,0.0,0.3,80.3
1747112649834,7.4,0.0,12.1,0.0,0.0,0.2,80.3
1747112651847,6.8,0.0,12.4,0.0,0.0,0.4,80.4
1747112653858,6.9,0.0,11.8,0.0,0.0,0.3,81.0
1747112655872,7.1,0.0,12.6,0.0,0.0,0.5,79.8
1747112657886,7.1,0.0,13.7,0.0,0.0,0.4,78.7
1747112659899,6.7,0.0,13.6,0.0,0.0,0.3,79.3
1747112661912,6.7,0.0,13.0,0.0,0.0,0.3,80.0
1747112663925,6.8,0.0,12.4,0.0,0.0,0.2,80.6
1747112665939,7.0,0.0,12.3,0.0,0.0,0.3,80.4
1747112667952,6.5,0.0,12.1,0.0,0.0,0.2,81.2
1747112669964,6.7,0.0,12.7,0.0,0.0,0.3,80.3
1747112671977,7.1,0.0,12.8,0.0,0.0,0.2,79.9
1747112673989,6.8,0.0,14.6,0.0,0.0,0.2,78.4
1747112676000,6.6,0.0,13.4,0.0,0.0,0.3,79.8
1747112678009,6.8,0.0,12.0,0.0,0.0,0.4,80.8
1747112680017,6.3,0.0,14.6,0.0,0.0,0.3,78.8
1747112682025,6.1,0.0,11.2,0.0,0.0,0.5,82.2
1747112684039,7.0,0.0,12.3,0.0,0.0,0.4,80.3
1747112686050,6.3,0.0,12.6,0.0,0.0,0.2,80.8
1747112688060,6.5,0.0,12.4,0.0,0.0,0.3,80.8
1747112690070,6.3,0.0,15.8,0.0,0.0,0.3,77.5
1747112692078,6.2,0.0,13.2,0.0,0.0,0.5,80.1
1747112694087,6.3,0.0,12.3,0.0,0.0,0.2,81.2
1747112696098,6.6,0.0,11.2,0.0,0.0,0.3,81.9
1747112698109,6.8,0.0,13.4,0.0,0.0,0.2,79.5
1747112700122,6.8,0.0,14.3,0.0,0.0,0.4,78.5
1747112702134,7.0,0.0,12.1,0.0,0.0,0.3,80.6
1747112704146,6.4,0.0,13.1,0.0,0.0,0.3,80.1
1747112706158,6.5,0.0,13.5,0.0,0.0,0.4,79.6
1747112708170,6.8,0.0,16.8,0.0,0.0,0.5,76.0
1747112710180,6.8,0.0,13.9,0.0,0.0,0.4,78.9
1747112712192,6.8,0.0,14.4,0.0,0.0,0.3,78.4
1747112714204,6.8,0.0,16.3,0.0,0.0,0.4,76.6
1747112716216,6.8,0.0,15.0,0.0,0.0,0.3,77.9
1747112718228,6.9,0.0,14.6,0.0,0.0,0.3,78.2
1747112720240,6.9,0.0,18.5,0.0,0.0,0.3,74.3
1747112722251,6.6,0.0,16.1,0.0,0.0,0.4,76.9
1747112724264,6.8,0.0,13.5,0.0,0.0,0.3,79.3
1747112726275,7.0,0.0,12.4,0.0,0.0,0.4,80.3
1747112728286,6.7,0.0,12.8,0.0,0.0,0.4,80.0
1747112730298,6.7,0.0,12.1,0.0,0.0,0.3,80.9
1747112732309,6.7,0.0,12.5,0.0,0.0,0.3,80.5
1747112734320,6.5,0.0,12.8,0.0,0.0,0.3,80.3
1747112736330,6.6,0.0,11.9,0.0,0.0,0.6,81.0
1747112738340,6.5,0.0,11.6,0.0,0.0,0.2,81.8
1747112740348,6.6,0.0,11.5,0.0,0.0,0.5,81.4
1747112742356,6.7,0.0,12.7,0.0,0.0,0.3,80.3
1747112744366,6.9,0.0,12.6,0.0,0.0,0.4,80.2
1747112746376,6.7,0.0,12.5,0.0,0.0,0.5,80.3
1747112748388,6.5,0.0,11.8,0.0,0.0,0.4,81.2
1747112750398,6.1,0.0,14.4,0.0,0.0,0.5,79.0
1747112752409,6.4,0.0,13.4,0.0,0.0,0.5,79.7
1747112754422,6.9,0.0,13.4,0.0,0.0,0.7,79.0
1747112756435,7.0,0.0,12.3,0.0,0.0,0.3,80.4
1747112758448,7.0,0.0,14.0,0.0,0.0,0.4,78.6
1747112760459,6.1,0.0,13.0,0.0,0.0,0.3,80.5
1747112762469,6.8,0.0,13.1,0.0,0.0,0.4,79.6
1747112764481,6.7,0.0,14.0,0.0,0.0,0.4,78.9
1747112766492,6.8,0.0,12.2,0.0,0.0,0.4,80.6
1747112768504,7.0,0.0,12.2,0.0,0.0,0.4,80.4
1747112770516,6.4,0.0,13.0,0.0,0.0,0.2,80.3
1747112772529,6.3,0.0,14.8,0.0,0.0,0.4,78.4
1747112774540,6.2,0.0,13.1,0.0,0.0,0.4,80.3
1747112776552,6.9,0.0,15.5,0.0,0.0,0.3,77.3
1747112778564,6.7,0.0,12.6,0.0,0.0,0.2,80.5
1747112780576,6.7,0.0,11.9,0.0,0.0,0.3,81.0
1747112782587,6.8,0.0,12.2,0.0,0.0,0.3,80.6
1747112784600,7.5,0.0,12.2,0.0,0.0,0.2,80.1
1747112786613,7.1,0.0,12.0,0.0,0.0,0.3,80.5
1747112788625,6.6,0.0,13.7,0.0,0.0,0.2,79.5
1747112790637,7.0,0.0,11.7,0.0,0.0,0.3,81.0
1747112792648,7.2,0.0,13.9,0.0,0.0,0.2,78.7
1747112794658,6.5,0.0,15.8,0.0,0.0,0.3,77.5
1747112796667,6.8,0.0,15.8,0.0,0.0,0.3,77.1
1747112798675,6.0,0.0,11.7,0.0,0.0,0.4,81.9
1747112800685,6.4,0.0,12.5,0.0,0.0,0.3,80.8
1747112802695,6.1,0.0,13.3,0.0,0.0,0.6,80.0
1747112804705,6.5,0.0,13.0,0.0,0.0,0.3,80.1
1747112806715,6.5,0.0,16.2,0.0,0.0,0.5,76.7
1747112808725,6.4,0.0,12.1,0.0,0.0,0.5,81.0
1747112810735,6.0,0.0,11.3,0.0,0.0,0.4,82.3
1747112812747,6.2,0.0,13.4,0.0,0.0,0.4,80.0
1747112814761,7.1,0.0,15.1,0.0,0.0,0.2,77.7
1747112816774,6.8,0.0,17.1,0.0,0.0,0.2,76.0
1747112818785,6.8,0.0,12.3,0.0,0.0,0.4,80.5
1747112820797,6.8,0.0,14.5,0.0,0.0,0.2,78.5
1747112822811,6.5,0.0,13.4,0.0,0.0,0.2,79.9
1747112824823,6.8,0.0,14.6,0.0,0.0,0.2,78.3
1747112826836,7.1,0.0,13.2,0.0,0.0,0.4,79.3
1747112828848,6.7,0.0,13.2,0.0,0.0,0.2,79.9
1747112830860,6.8,0.0,20.5,0.0,0.0,0.2,72.5
1747112832872,6.7,0.0,11.9,0.0,0.0,0.5,81.0
1747112834886,6.8,0.0,12.9,0.0,0.0,0.4,79.9
1747112836897,6.7,0.0,12.5,0.0,0.0,0.4,80.5
1747112838910,6.5,0.0,11.8,0.0,0.0,0.5,81.2
1747112840922,6.0,0.0,13.1,0.0,0.0,0.3,80.5
1747112842933,6.3,0.0,13.3,0.0,0.0,0.5,79.9
1747112844946,6.3,0.0,15.7,0.0,0.0,0.5,77.5
1747112846959,6.2,0.0,15.1,0.0,0.0,0.5,78.3
1747112848973,6.9,0.0,14.2,0.0,0.0,0.2,78.6
1747112850984,7.3,0.0,18.8,0.0,0.0,0.3,73.5
1747112852995,6.7,0.0,13.4,0.0,0.0,0.4,79.5
1747112855005,6.4,0.0,15.8,0.0,0.0,0.2,77.5
1747112857015,6.4,0.0,12.2,0.0,0.0,0.4,80.9
1747112859025,6.5,0.0,11.6,0.0,0.0,0.3,81.5
1747112861037,6.4,0.0,12.3,0.0,0.0,0.4,80.9
1747112863047,5.8,0.0,11.6,0.0,0.0,0.5,82.1
1747112865059,6.1,0.0,12.2,0.0,0.0,0.4,81.2
1747112867071,6.6,0.0,15.9,0.0,0.0,0.2,77.3
1747112869084,6.8,0.0,12.3,0.0,0.0,0.4,80.5
1747112871096,6.2,0.0,13.8,0.0,0.0,0.5,79.5
1747112873108,6.8,0.0,13.7,0.0,0.0,0.3,79.2
1747112875121,7.2,0.0,12.7,0.0,0.0,0.3,79.8
1747112877135,6.9,0.0,16.1,0.0,0.0,0.2,76.9
1747112879147,6.8,0.0,15.5,0.0,0.0,0.3,77.4
1747112881159,7.1,0.0,13.6,0.0,0.0,0.2,79.0
1747112883171,6.5,0.0,13.3,0.0,0.0,0.2,80.0
1747112885184,7.3,0.0,13.4,0.0,0.0,0.2,79.1
1747112887197,6.5,0.0,18.7,0.0,0.0,0.3,74.5
1747112889211,6.5,0.0,12.7,0.0,0.0,0.2,80.6
1747112891223,6.7,0.0,12.2,0.0,0.0,0.4,80.7
1747112893234,6.8,0.0,15.2,0.0,0.0,0.4,77.6
1747112895246,6.6,0.0,13.2,0.0,0.0,0.4,79.7
1747112897258,6.9,0.0,13.7,0.0,0.0,0.4,79.0
1747112899269,6.8,0.0,12.6,0.0,0.0,0.2,80.5
1747112901280,6.9,0.0,12.2,0.0,0.0,0.4,80.5
1747112903289,6.4,0.0,11.5,0.0,0.0,0.4,81.7
1747112905298,6.2,0.0,12.0,0.0,0.0,0.4,81.3
1747112907309,6.8,0.0,12.1,0.0,0.0,0.5,80.6
1747112909319,6.7,0.0,12.2,0.0,0.0,0.2,80.8
1747112911327,6.3,0.0,11.8,0.0,0.0,0.1,81.7
1747112913338,6.3,0.0,12.4,0.0,0.0,0.2,81.0
1747112915350,5.8,0.0,13.3,0.0,0.0,0.5,80.4
1747112917361,6.5,0.0,12.2,0.0,0.0,0.2,81.1
1747112919370,6.7,0.0,14.7,0.0,0.0,0.3,78.3
1747112921384,6.7,0.0,12.5,0.0,0.0,0.2,80.6
1747112923396,6.4,0.0,13.5,0.1,0.0,0.2,79.7
1747112925408,6.3,0.0,12.2,0.8,0.0,0.5,80.1
1747112927421,6.8,0.0,14.0,0.0,0.0,0.4,78.8
1747112929433,6.8,0.0,16.5,0.0,0.0,0.4,76.3
1747112931446,7.0,0.0,13.8,0.6,0.0,0.4,78.2
1747112933458,6.9,0.0,24.7,0.0,0.0,0.4,68.0
1747112935471,6.7,0.0,19.1,0.0,0.0,0.3,73.8
1747112937483,6.3,0.0,21.6,0.0,0.0,0.2,71.9
1747112939492,6.9,0.0,21.6,0.0,0.0,0.3,71.2
1747112941503,6.5,0.0,12.2,0.0,0.0,0.3,81.0
1747112943517,6.8,0.0,13.5,0.0,0.0,0.3,79.4
1747112945532,6.5,0.0,12.8,0.0,0.0,0.4,80.4
1747112947545,7.0,0.0,13.0,0.0,0.0,0.2,79.8
1747112949556,6.7,0.0,14.9,0.0,0.0,0.4,78.0
1747112951566,6.6,0.0,14.4,0.0,0.0,0.6,78.4
1747112953576,6.3,0.0,11.8,0.0,0.0,0.7,81.2
1747112955585,6.3,0.0,14.6,0.0,0.0,0.6,78.5
1747112957595,6.9,0.0,12.6,0.0,0.0,0.2,80.3
1747112959605,6.9,0.0,13.5,0.0,0.0,0.5,79.1
1747112961615,6.8,0.0,12.8,0.0,0.0,0.4,80.0
1747112963624,6.3,0.0,12.7,0.0,0.0,0.4,80.6
1747112965634,6.9,0.0,12.7,0.0,0.0,0.4,80.0
1747112967643,6.6,0.0,12.6,0.0,0.0,0.2,80.5
1747112969653,6.4,0.0,12.6,0.0,0.0,0.5,80.4
1747112971665,6.7,0.0,12.2,0.0,0.0,0.7,80.5
1747112973677,6.3,0.0,12.9,0.0,0.0,0.3,80.4
1747112975689,7.1,0.0,14.1,0.0,0.0,0.4,78.3
1747112977703,7.0,0.0,21.3,0.0,0.0,0.1,71.6
1747112979715,7.2,0.0,23.8,0.0,0.0,0.6,68.4
1747112981728,6.8,0.0,14.7,0.0,0.0,0.4,78.2
1747112983740,6.4,0.0,14.6,0.0,0.0,0.4,78.7
1747112985752,6.5,0.0,12.1,0.0,0.0,0.2,81.1
1747112987767,6.4,0.0,12.3,0.0,0.0,0.3,81.0
1747112989781,6.8,0.0,13.4,0.0,0.0,0.2,79.5
1747112991795,6.7,0.0,13.2,0.0,0.0,0.5,79.6
1747112993807,6.4,0.0,26.0,0.0,0.0,0.4,67.1
1747112995819,6.9,0.0,24.6,0.0,0.0,0.4,68.2
1747112997831,6.3,0.0,17.3,0.0,0.0,0.6,75.9
1747112999840,6.5,0.0,14.3,0.0,0.0,0.6,78.6
1747113001850,5.9,0.0,13.4,0.0,0.0,0.4,80.2
1747113003862,6.0,0.0,12.2,0.0,0.0,0.7,81.1
1747113005873,6.2,0.0,13.8,0.0,0.0,0.3,79.7
1747113007884,6.3,0.0,11.4,0.0,0.0,0.6,81.8
1747113009894,6.3,0.0,14.7,0.0,0.0,0.6,78.5
1747113011903,7.0,0.0,18.7,0.0,0.0,0.3,74.0
1747113013915,6.5,0.0,12.1,0.0,0.0,0.2,81.1
1747113015926,6.3,0.0,11.7,0.0,0.0,0.5,81.5
1747113017939,6.8,0.0,14.4,0.0,0.0,0.4,78.5
1747113019951,6.5,0.0,15.8,0.0,0.0,0.6,77.0
1747113021964,6.5,0.0,18.1,0.0,0.0,0.5,74.9
1747113023976,6.4,0.0,14.7,0.0,0.0,0.4,78.5
1747113025988,6.8,0.0,14.5,0.0,0.0,0.3,78.4
1747113028000,6.6,0.0,15.5,0.0,0.0,0.2,77.8
1747113030013,6.7,0.0,11.5,0.0,0.0,0.2,81.6
1747113032025,6.8,0.0,12.6,0.0,0.0,0.3,80.2
1747113034039,7.1,0.0,12.5,0.0,0.0,0.3,80.1
1747113036051,7.2,0.0,12.1,0.0,0.0,0.1,80.6
1747113038064,6.7,0.0,12.0,0.0,0.0,0.2,81.1
1747113040078,6.8,0.0,13.4,0.0,0.0,0.2,79.5
1747113042092,6.7,0.0,13.0,0.0,0.0,0.2,80.0
1747113044105,7.1,0.0,12.0,0.0,0.0,0.4,80.5
1747113046116,7.0,0.0,13.9,0.0,0.0,0.2,78.9
1747113048128,6.1,0.0,12.0,0.0,0.0,0.5,81.3
1747113050137,6.8,0.0,12.0,0.0,0.0,0.3,81.0
1747113052146,6.3,0.0,11.8,0.0,0.0,0.3,81.7
1747113054156,5.8,0.0,13.6,0.0,0.0,0.3,80.3
1747113056166,6.4,0.0,17.5,0.0,0.0,0.1,76.0
1747113058180,7.1,0.0,12.2,0.0,0.0,0.3,80.4
1747113060193,6.7,0.0,11.8,0.0,0.0,0.5,81.0
1747113062205,6.5,0.0,12.2,0.0,0.0,0.5,80.9
1747113064217,6.6,0.0,15.7,0.0,0.0,0.2,77.6
1747113066228,6.3,0.0,14.0,0.0,0.0,0.4,79.3
1747113068237,6.5,0.0,11.7,0.0,0.0,0.4,81.4
1747113070245,6.3,0.0,11.9,0.0,0.0,0.4,81.4
1747113072256,6.4,0.0,10.8,0.0,0.0,0.3,82.5
1747113074268,5.9,0.0,14.4,0.0,0.0,0.7,79.0
1747113076281,6.7,0.0,13.4,0.0,0.0,0.4,79.5
1747113078294,6.6,0.0,13.1,0.0,0.0,0.3,79.9
1747113080305,6.5,0.0,13.0,0.0,0.0,0.4,80.0
1747113082316,7.2,0.0,14.8,0.0,0.0,0.3,77.7
1747113084328,6.4,0.0,17.6,0.0,0.0,0.3,75.6
1747113086339,7.2,0.0,26.7,0.0,0.0,0.6,65.5
1747113088351,6.5,0.0,18.0,0.0,0.0,0.4,75.2
1747113090363,6.6,0.0,12.5,0.0,0.0,0.5,80.4
1747113092375,6.5,0.0,12.1,0.0,0.0,0.4,81.1
1747113094387,6.4,0.0,11.8,0.0,0.0,0.3,81.5
1747113096399,6.5,0.0,12.7,0.0,0.0,0.2,80.6
1747113098411,6.9,0.0,13.0,0.0,0.0,0.3,79.7
1747113100422,6.7,0.0,12.4,0.0,0.0,0.4,80.5
1747113102432,6.0,0.0,12.9,0.0,0.0,0.4,80.6
1747113104443,6.6,0.0,13.4,0.0,0.0,0.3,79.8
1747113106452,7.0,0.0,14.8,0.0,0.0,0.1,78.2
1747113108464,6.0,0.0,13.3,0.0,0.0,0.3,80.3
1747113110474,6.7,0.0,13.3,0.0,0.0,0.1,80.0
1747113112485,6.9,0.0,12.5,0.0,0.0,0.3,80.4
1747113114496,6.5,0.0,13.1,0.0,0.0,0.2,80.3
1747113116506,6.5,0.0,12.0,0.0,0.0,0.2,81.3
1747113118519,6.2,0.0,14.5,0.0,0.0,0.3,79.0
1747113120530,6.8,0.0,13.0,0.0,0.0,0.3,79.9
1747113122544,6.9,0.0,11.7,0.0,0.0,0.2,81.3
1747113124556,6.5,0.0,12.6,0.0,0.0,0.6,80.3
1747113126568,7.0,0.0,14.8,0.0,0.0,0.5,77.7
1747113128580,6.5,0.0,12.7,0.0,0.0,0.2,80.7
1747113130593,6.7,0.0,12.7,0.0,0.0,0.3,80.3
1747113132605,6.7,0.0,12.8,0.0,0.0,0.3,80.2
1747113134618,6.7,0.0,12.9,0.0,0.0,0.2,80.1
1747113136630,6.6,0.0,14.2,0.0,0.0,0.2,79.0
1747113138642,6.8,0.0,11.9,0.0,0.0,0.4,80.9
1747113140654,6.8,0.0,12.6,0.0,0.0,0.6,80.0
1747113142666,6.6,0.0,11.8,0.0,0.0,0.4,81.2
1747113144679,7.0,0.0,16.4,0.0,0.0,0.3,76.3
1747113146692,6.4,0.0,17.8,0.0,0.0,0.3,75.5
1747113148705,7.2,0.0,13.6,0.0,0.0,0.3,78.9
1747113150718,6.9,0.0,12.7,0.0,0.0,0.2,80.2
1747113152730,6.8,0.0,14.4,0.0,0.0,0.2,78.6
1747113154742,6.9,0.0,14.9,0.0,0.0,0.2,77.9
1747113156754,6.6,0.0,13.7,0.0,0.0,0.5,79.2
1747113158765,6.1,0.0,12.8,0.0,0.0,0.4,80.7
1747113160774,6.2,0.0,14.6,0.0,0.0,0.3,79.0
1747113162784,6.8,0.0,14.4,0.0,0.0,0.2,78.5
1747113164795,6.7,0.0,20.1,0.0,0.0,0.3,72.8
1747113166811,6.5,0.0,16.8,0.0,0.0,0.2,76.5
1747113168820,6.5,0.0,11.8,0.0,0.0,0.4,81.4
1747113170831,6.7,0.0,15.1,0.0,0.0,0.4,77.9
1747113172844,6.2,0.0,16.6,0.0,0.0,0.3,76.8
1747113174854,6.2,0.0,20.8,0.0,0.0,0.4,72.7
1747113176868,6.6,0.0,12.3,0.0,0.0,0.2,80.9
1747113178881,6.9,0.0,11.9,0.0,0.0,0.2,81.1
1747113180895,6.9,0.0,11.5,0.0,0.0,0.0,81.6
1747113182908,6.9,0.0,15.5,0.0,0.0,0.3,77.3
1747113184919,6.5,0.0,12.5,0.0,0.0,0.3,80.7
1747113186932,7.1,0.0,16.4,0.0,0.0,0.2,76.3
1747113188945,6.4,0.0,13.8,0.0,0.0,0.3,79.5
1747113190958,6.9,0.0,13.1,0.0,0.0,0.5,79.5
1747113192969,6.8,0.0,12.2,0.0,0.0,0.2,80.8
1747113194980,6.7,0.0,12.3,0.0,0.0,0.2,80.8
1747113196993,7.0,0.0,14.5,0.0,0.0,0.2,78.3
1747113199005,7.3,0.0,12.2,0.0,0.0,0.2,80.3
1747113201017,7.0,0.0,12.7,0.0,0.0,0.2,80.1
1747113203029,6.9,0.0,12.7,0.0,0.0,0.3,80.1
1747113205041,7.0,0.0,12.3,0.0,0.0,0.3,80.4
1747113207052,7.2,0.0,14.5,0.0,0.0,0.2,78.0
1747113209061,6.5,0.0,12.2,0.0,0.0,0.3,81.0
1747113211070,6.6,0.0,12.6,0.0,0.0,0.6,80.2
1747113213082,6.4,0.0,12.4,0.0,0.0,0.4,80.8
1747113215091,6.6,0.0,12.1,0.0,0.0,0.3,81.0
1747113217102,6.3,0.0,12.8,0.0,0.0,0.4,80.5
1747113219111,6.9,0.0,15.3,0.0,0.0,0.4,77.5
1747113221124,6.5,0.0,12.3,0.0,0.0,0.2,81.0
1747113223135,6.6,0.0,12.6,0.0,0.0,0.4,80.4
1747113225147,6.4,0.0,16.4,0.0,0.0,0.5,76.7
1747113227158,6.8,0.0,12.6,0.0,0.0,0.4,80.2
1747113229169,6.5,0.0,15.3,0.0,0.0,0.3,77.9
1747113231181,7.2,0.0,18.0,0.0,0.0,0.2,74.7
1747113233192,6.6,0.0,13.5,0.0,0.0,0.2,79.7
1747113235202,6.6,0.0,15.0,0.0,0.0,0.1,78.3
1747113237213,6.8,0.0,14.1,0.0,0.0,0.2,79.0
1747113239224,6.7,0.0,15.4,0.0,0.0,0.2,77.7
1747113241235,6.8,0.0,17.0,0.0,0.0,0.2,76.0
1747113243247,7.1,0.0,13.2,0.0,0.0,0.2,79.6
1747113245258,6.8,0.0,13.8,0.0,0.0,0.2,79.1
1747113247269,6.2,0.0,13.8,0.0,0.0,0.5,79.5
1747113249281,6.9,0.0,12.8,0.0,0.0,0.4,79.9
1747113251292,6.5,0.0,13.8,0.0,0.0,0.3,79.4
1747113253304,7.2,0.0,13.1,0.0,0.0,0.2,79.6
1747113255315,7.1,0.0,13.8,0.0,0.0,0.3,78.7
1747113257326,6.6,0.0,14.7,0.0,0.0,0.4,78.4
1747113259336,6.9,0.0,12.1,0.0,0.0,0.3,80.6
1747113261345,6.5,0.0,12.3,0.0,0.0,0.3,80.9
1747113263358,6.9,0.0,11.9,0.0,0.0,0.4,80.8
1747113265368,6.1,0.0,12.0,0.0,0.0,0.4,81.5
1747113267379,6.6,0.0,12.7,0.0,0.0,0.3,80.4
1747113269390,6.8,0.0,12.2,0.0,0.0,0.2,80.9
1747113271401,6.6,0.0,13.1,0.0,0.0,0.3,80.0
1747113273411,6.4,0.0,11.8,0.0,0.0,0.3,81.5
1747113275422,7.0,0.0,11.8,0.0,0.0,0.3,80.9
1747113277434,6.7,0.0,13.7,0.0,0.0,0.4,79.2
1747113279445,7.2,0.0,11.7,0.0,0.0,0.3,80.7
1747113281454,7.0,0.0,12.4,0.0,0.0,0.2,80.3
1747113283464,6.5,0.0,13.3,0.0,0.0,0.3,79.9
1747113285479,6.7,0.0,12.5,0.0,0.0,0.3,80.5
1747113287494,7.0,0.0,12.6,0.0,0.0,0.4,80.0
1747113289506,6.8,0.0,11.8,0.0,0.0,0.1,81.3
1747113291518,7.2,0.0,14.1,0.0,0.0,0.5,78.2
1747113293529,7.0,0.0,14.6,0.0,0.0,0.3,78.1
1747113295540,6.4,0.0,13.9,0.0,0.0,0.5,79.2
1747113297549,6.4,0.0,12.0,0.0,0.0,0.4,81.2
1747113299559,7.4,0.0,12.5,0.0,0.0,0.5,79.5
1747113301570,7.1,0.0,11.8,0.0,0.0,0.3,80.8
1747113303583,6.8,0.0,12.7,0.0,0.0,0.3,80.2
1747113305596,6.9,0.0,11.7,0.0,0.0,0.4,81.0
1747113307608,6.9,0.0,12.3,0.0,0.0,0.2,80.6
1747113309620,6.6,0.0,14.0,0.0,0.0,0.3,79.1
1747113311632,6.4,0.0,14.7,0.0,0.0,0.2,78.6
1747113313644,7.0,0.0,12.9,0.0,0.0,0.2,79.9
1747113315656,6.5,0.0,14.9,0.0,0.0,0.3,78.3
1747113317668,7.3,0.0,13.1,0.0,0.0,0.1,79.5
1747113319678,6.8,0.0,12.4,0.0,0.0,0.2,80.5
1747113321688,6.6,0.0,12.1,0.0,0.0,0.2,81.1
1747113323697,6.5,0.0,12.7,0.0,0.0,0.2,80.6
1747113325706,6.7,0.0,12.5,0.0,0.0,0.3,80.5
1747113327715,6.6,0.0,11.3,0.0,0.0,0.3,81.7
1747113329723,6.4,0.0,11.4,0.0,0.0,0.4,81.9
1747113331734,6.5,0.0,13.1,0.0,0.0,0.3,80.1
1747113333748,6.8,0.0,13.9,0.0,0.0,0.1,79.1
1747113335760,7.0,0.0,13.9,0.0,0.0,0.3,78.8
1747113337772,6.9,0.0,12.8,0.0,0.0,0.3,79.9
1747113339783,6.8,0.0,12.7,0.0,0.0,0.3,80.2
1747113341795,6.8,0.0,12.2,0.0,0.0,0.3,80.8
1747113343807,6.8,0.0,12.2,0.0,0.0,0.5,80.6
1747113345818,6.8,0.0,17.3,0.0,0.0,0.3,75.5
1747113347828,6.3,0.0,13.0,0.0,0.0,0.3,80.5
1747113349840,6.7,0.0,18.6,0.0,0.0,0.5,74.2
1747113351851,6.3,0.0,12.2,0.0,0.0,0.4,81.1
1747113353860,6.6,0.0,11.7,0.0,0.0,0.2,81.5
1747113355874,6.8,0.0,12.7,0.0,0.0,0.2,80.3
1747113357886,6.5,0.0,14.1,0.0,0.0,0.3,79.1
1747113359899,7.1,0.0,12.8,0.0,0.0,0.4,79.7
1747113361911,6.3,0.0,13.2,0.0,0.0,0.4,80.1
1747113363923,6.8,0.0,13.8,0.0,0.0,0.2,79.1
1747113365936,6.9,0.0,12.8,0.0,0.0,0.2,80.1
1747113367948,6.5,0.0,13.4,0.0,0.0,0.2,79.9
1747113369960,6.8,0.0,12.7,0.0,0.0,0.3,80.3
1747113371972,7.3,0.0,13.6,0.0,0.0,0.2,79.0
1747113373983,7.2,0.0,12.3,0.0,0.0,0.3,80.1
1747113375994,6.3,0.0,12.0,0.0,0.0,0.2,81.5
1747113378005,7.1,0.0,14.1,0.0,0.0,0.2,78.6
1747113380017,6.9,0.0,13.8,0.0,0.0,0.2,79.1
1747113382027,7.1,0.0,14.2,0.0,0.0,0.1,78.5
1747113384036,6.2,0.0,12.7,0.0,0.0,0.3,80.7
1747113386044,6.3,0.0,13.2,0.0,0.0,0.5,80.0
1747113388053,7.0,0.0,13.6,0.0,0.0,0.1,79.3
1747113390065,6.5,0.0,12.6,0.0,0.0,0.3,80.7
1747113392074,7.3,0.0,11.7,0.0,0.0,0.3,80.7
1747113394088,7.0,0.0,13.1,0.0,0.0,0.3,79.5
1747113396100,7.3,0.0,12.1,0.0,0.0,0.5,80.0
1747113398111,6.8,0.0,12.9,0.0,0.0,0.3,80.0
1747113400123,6.6,0.0,14.9,0.0,0.0,0.2,78.3
1747113402134,7.0,0.0,17.8,0.0,0.0,0.2,74.9
1747113404146,6.2,0.0,14.1,0.0,0.0,0.2,79.4
1747113406158,6.7,0.0,14.8,0.0,0.0,0.2,78.4
1747113408169,6.3,0.0,13.1,0.0,0.0,0.4,80.2
1747113410179,6.9,0.0,12.5,0.0,0.0,0.3,80.3
1747113412189,6.8,0.0,12.6,0.0,0.0,0.4,80.2
1747113414202,6.8,0.0,12.2,0.0,0.0,0.2,80.7
1747113416214,6.9,0.0,13.8,0.0,0.0,0.2,79.1
1747113418226,7.4,0.0,11.8,0.0,0.0,0.3,80.5
1747113420237,6.8,0.0,12.5,0.0,0.0,0.2,80.5
1747113422249,6.8,0.0,12.3,0.0,0.0,0.2,80.6
1747113424262,7.2,0.0,12.0,0.0,0.0,0.3,80.5
1747113426274,6.8,0.0,15.6,0.0,0.0,0.2,77.4
1747113428285,6.9,0.0,13.7,0.0,0.0,0.1,79.2
1747113430296,7.3,0.0,12.4,0.0,0.0,0.4,79.9
1747113432306,6.0,0.0,13.6,0.0,0.0,0.3,80.1
1747113434320,6.4,0.0,13.2,0.0,0.0,0.2,80.1
1747113436330,6.4,0.0,12.1,0.0,0.0,0.4,81.1
1747113438339,6.9,0.0,12.4,0.0,0.0,0.3,80.4
1747113440349,6.6,0.0,14.0,0.0,0.0,0.4,78.9
1747113442361,6.5,0.0,11.6,0.0,0.0,0.1,81.8
1747113444371,6.6,0.0,11.9,0.0,0.0,0.4,81.0
1747113446382,6.8,0.0,11.8,0.0,0.0,0.2,81.2
1747113448393,6.5,0.0,11.4,0.0,0.0,0.2,81.9
1747113450403,7.2,0.0,12.7,0.0,0.0,0.3,79.8
1747113452413,6.5,0.0,13.5,0.0,0.0,0.2,79.7
1747113454425,6.9,0.0,13.3,0.0,0.0,0.3,79.5
1747113456436,7.0,0.0,12.2,0.0,0.0,0.2,80.5
1747113458447,7.0,0.0,12.3,0.0,0.0,0.3,80.4
1747113460459,6.5,0.0,12.4,0.0,0.0,0.3,80.8
1747113462470,6.6,0.0,13.1,0.0,0.0,0.2,80.1
1747113464480,6.9,0.0,13.9,0.0,0.0,0.3,78.8
1747113466490,6.9,0.0,12.4,0.0,0.0,0.2,80.5
1747113468499,6.5,0.0,11.6,0.0,0.0,0.5,81.4
1747113470509,6.4,0.0,11.8,0.0,0.0,0.1,81.7
1747113472524,6.8,0.0,13.1,0.0,0.0,0.3,79.8
1747113474537,6.9,0.0,13.1,0.0,0.0,0.4,79.6
1747113476549,6.7,0.0,12.7,0.0,0.0,0.2,80.4
1747113478561,6.8,0.0,13.2,0.0,0.0,0.5,79.5
1747113480574,7.0,0.0,17.1,0.0,0.0,0.2,75.7
1747113482585,7.1,0.0,15.2,0.0,0.0,0.3,77.3
1747113484596,7.3,0.0,12.0,0.0,0.0,0.1,80.6
1747113486607,6.9,0.0,12.3,0.0,0.0,0.1,80.7
1747113488618,6.8,0.0,14.0,0.0,0.0,0.0,79.1
1747113490630,6.9,0.0,12.4,0.0,0.0,0.1,80.6
1747113492640,6.9,0.0,12.3,0.0,0.0,0.2,80.5
1747113494651,7.0,0.0,12.9,0.0,0.0,0.2,79.8
1747113496661,6.5,0.0,13.6,0.0,0.0,0.3,79.6
1747113498670,6.6,0.0,12.1,0.0,0.0,0.2,81.1
1747113500679,6.5,0.0,12.8,0.0,0.0,0.4,80.3
1747113502687,6.8,0.0,13.3,0.0,0.0,0.2,79.6
1747113504698,6.5,0.0,12.9,0.0,0.0,0.2,80.3
1747113506710,6.6,0.0,12.4,0.0,0.0,0.3,80.7
1747113508719,6.5,0.0,11.8,0.0,0.0,0.3,81.3
1747113510729,6.2,0.0,14.1,0.0,0.0,0.2,79.5
1747113512740,6.4,0.0,13.0,0.0,0.0,0.4,80.2
1747113514753,6.7,0.0,14.9,0.0,0.0,0.3,78.1
1747113516764,7.0,0.0,13.7,0.0,0.0,0.1,79.3
1747113518773,6.3,0.0,12.5,0.0,0.0,0.2,81.0
1747113520783,6.2,0.0,12.2,0.0,0.0,0.4,81.1
1747113522796,6.7,0.0,12.9,0.0,0.0,0.4,79.9
1747113524808,6.6,0.0,11.9,0.0,0.0,0.6,80.9
1747113526820,7.0,0.0,11.7,0.0,0.0,0.3,80.9
1747113528833,6.9,0.0,12.8,0.0,0.0,0.2,80.1
1747113530846,6.8,0.0,13.0,0.0,0.0,0.2,80.0
1747113532859,6.4,0.0,14.1,0.0,0.0,0.3,79.3
1747113534874,6.7,0.0,13.4,0.0,0.0,0.4,79.5
1747113536889,6.7,0.0,14.1,0.0,0.0,0.3,78.9
1747113538902,6.8,0.0,12.0,0.0,0.0,0.2,81.0
1747113540915,6.5,0.0,12.7,0.0,0.0,0.3,80.5
1747113542928,6.9,0.0,11.6,0.0,0.0,0.3,81.2
1747113544940,6.5,0.0,11.7,0.0,0.0,0.2,81.5
1747113546953,6.5,0.0,12.5,0.0,0.0,0.3,80.8
1747113548965,6.9,0.0,14.0,0.0,0.0,0.2,78.8
1747113550978,6.9,0.0,13.1,0.0,0.0,0.0,80.1
1747113552991,6.8,0.0,14.2,0.0,0.0,0.4,78.6
1747113555003,6.7,0.0,13.8,0.0,0.0,0.1,79.4
1747113557015,6.9,0.0,13.1,0.0,0.0,0.5,79.5
1747113559024,6.2,0.0,13.5,0.0,0.0,0.3,79.9
1747113561035,6.2,0.0,12.2,0.0,0.0,0.4,81.2
1747113563045,6.7,0.0,13.1,0.0,0.0,0.2,80.1
1747113565054,6.1,0.0,12.9,0.0,0.0,0.3,80.7
1747113567064,6.2,0.0,14.1,0.0,0.0,0.3,79.4
1747113569074,6.2,0.0,15.0,0.0,0.0,0.3,78.5
1747113571085,6.3,0.0,11.8,0.0,0.0,0.4,81.5
1747113573095,6.7,0.0,11.0,0.0,0.0,0.3,81.9
1747113575105,6.7,0.0,10.5,0.0,0.0,0.5,82.3
1747113577115,6.1,0.0,11.4,0.0,0.0,0.3,82.2
1747113579124,6.6,0.0,12.4,0.0,0.0,0.4,80.6
1747113581136,7.3,0.0,12.2,0.0,0.0,0.3,80.2
1747113583148,6.3,0.0,11.9,0.0,0.0,0.4,81.4
1747113585162,6.6,0.0,12.3,0.0,0.0,0.4,80.7
1747113587175,6.8,0.0,14.4,0.0,0.0,0.3,78.5
1747113589187,7.0,0.0,11.7,0.0,0.0,0.3,81.0
1747113591200,7.2,0.0,12.2,0.0,0.0,0.3,80.3
1747113593213,6.6,0.0,15.7,0.0,0.0,0.3,77.4
1747113595225,6.2,0.0,14.2,0.0,0.0,0.4,79.2
1747113597238,6.5,0.0,12.9,0.0,0.0,0.5,80.1
1747113599252,6.4,0.0,13.2,0.0,0.0,0.4,80.1
1747113601267,6.9,0.0,13.6,0.0,0.0,0.4,79.1
1747113603280,6.7,0.0,12.3,0.0,0.0,0.1,80.9
1747113605292,6.9,0.0,12.2,0.0,0.0,0.2,80.7
1747113607304,6.6,0.0,12.6,0.0,0.0,0.4,80.5
1747113609316,7.1,0.0,11.9,0.0,0.0,0.2,80.8
1747113611328,6.7,0.0,15.1,0.0,0.0,0.3,77.9
1747113613340,6.9,0.0,12.1,0.0,0.0,0.3,80.7
1747113615351,6.6,0.0,12.5,0.0,0.0,0.3,80.6
1747113617363,6.8,0.0,13.9,0.0,0.0,0.5,78.7
1747113619373,6.5,0.0,12.9,0.0,0.0,0.2,80.4
1747113621384,7.0,0.0,22.2,0.0,0.0,0.2,70.6
1747113623395,6.4,0.0,19.7,0.0,0.0,0.2,73.7
1747113625409,6.2,0.0,13.1,0.0,0.0,0.5,80.2
1747113627420,6.3,0.0,14.3,0.0,0.0,0.4,78.9
1747113629431,6.2,0.0,12.5,0.0,0.0,0.6,80.7
1747113631440,6.3,0.0,12.0,0.0,0.0,0.5,81.2
1747113633450,6.5,0.0,15.2,0.0,0.0,0.4,77.8
1747113635462,6.6,0.0,16.2,0.0,0.0,0.2,77.0
1747113637473,6.6,0.0,12.4,0.0,0.0,0.1,80.9
1747113639484,6.3,0.0,13.7,0.0,0.0,0.2,79.7
1747113641496,6.7,0.0,11.8,0.0,0.0,0.3,81.2
1747113643509,6.7,0.0,12.9,0.0,0.0,0.4,80.0
1747113645522,6.9,0.0,13.4,0.0,0.0,0.2,79.5
1747113647534,7.1,0.0,18.0,0.0,0.0,0.2,74.7
1747113649545,6.4,0.0,15.6,0.0,0.0,0.4,77.6
1747113651556,6.4,0.0,15.4,0.0,0.0,0.3,77.9
1747113653568,6.9,0.0,18.1,0.0,0.0,0.4,74.5
1747113655580,6.7,0.0,13.7,0.0,0.0,0.5,79.0
1747113657591,6.7,0.0,15.8,0.0,0.0,0.4,77.0
1747113659602,7.0,0.0,16.4,0.0,0.0,0.5,76.2
1747113661614,6.5,0.0,17.1,0.0,0.0,0.5,75.9
1747113663626,7.6,0.0,26.5,0.0,0.0,0.5,65.4
1747113665651,5.8,0.0,20.2,0.0,0.0,0.4,73.6
1747113667705,5.3,0.0,20.2,0.0,0.0,0.3,74.1
1747113669748,5.8,0.0,21.7,0.0,0.0,0.4,72.0
1747113671784,6.7,0.0,17.6,0.0,0.0,0.3,75.5
1747113673796,6.6,0.0,16.3,0.0,0.0,0.3,76.8
1747113675808,6.7,0.0,21.6,0.0,0.0,0.4,71.3
1747113677820,6.6,0.0,13.5,0.0,0.0,0.2,79.7
1747113679832,6.8,0.0,14.0,0.0,0.0,0.4,78.8
1747113681844,6.6,0.0,11.4,0.0,0.0,0.4,81.6
1747113683855,6.8,0.0,12.3,0.0,0.0,0.2,80.6
1747113685867,6.8,0.0,16.7,0.0,0.0,0.3,76.2
1747113687878,7.1,0.0,12.7,0.0,0.0,0.2,80.1
1747113689890,6.9,0.0,12.4,0.0,0.0,0.3,80.4
1747113691902,7.2,0.0,12.8,0.0,0.0,0.2,79.9
1747113693913,6.8,0.0,13.0,0.0,0.0,0.3,79.8
1747113695924,7.3,0.0,12.6,0.0,0.0,0.2,79.9
1747113697936,6.5,0.0,12.7,0.0,0.0,0.2,80.5
1747113699947,7.6,0.0,12.5,0.0,0.0,0.2,79.7
1747113701958,7.1,0.0,12.4,0.0,0.0,0.4,80.1
1747113703969,6.4,0.0,13.2,0.0,0.0,0.2,80.2
1747113705980,6.6,0.0,20.9,0.0,0.0,0.2,72.3
1747113707988,6.5,0.0,12.2,0.0,0.0,0.2,81.0
1747113709997,6.6,0.0,12.4,0.0,0.0,0.3,80.6
1747113712007,6.5,0.0,16.5,0.0,0.0,0.2,76.8
1747113714017,6.6,0.0,11.2,0.0,0.0,0.2,81.9
1747113716026,6.5,0.0,15.3,0.0,0.0,0.2,78.0
1747113718039,6.7,0.0,14.8,0.0,0.0,0.2,78.3
1747113720049,7.2,0.0,13.3,0.0,0.0,0.4,79.1
1747113722060,6.4,0.0,13.9,0.0,0.0,0.4,79.3
1747113724071,6.1,0.0,11.4,0.0,0.0,0.3,82.2
1747113726081,6.9,0.0,11.3,0.0,0.0,0.2,81.5
1747113728092,6.6,0.0,12.2,0.0,0.0,0.4,80.8
1747113730104,6.4,0.0,11.9,0.0,0.0,0.3,81.4
1747113732116,6.5,0.0,12.9,0.0,0.0,0.3,80.3
1747113734128,6.5,0.0,12.4,0.0,0.0,0.4,80.7
1747113736141,6.1,0.0,12.3,0.0,0.0,0.7,80.8
1747113738153,6.9,0.0,11.8,0.0,0.0,0.2,81.1
1747113740166,6.5,0.0,12.5,0.0,0.0,0.4,80.6
1747113742179,7.0,0.0,12.1,0.0,0.0,0.3,80.5
1747113744193,7.4,0.0,11.9,0.0,0.0,0.2,80.5
1747113746206,7.0,0.0,13.6,0.0,0.0,0.3,79.2
1747113748219,7.5,0.0,11.7,0.0,0.0,0.2,80.7
1747113750232,6.7,0.0,13.4,0.0,0.0,0.2,79.6
1747113752245,6.8,0.0,12.7,0.0,0.0,0.1,80.4
1747113754257,7.1,0.0,12.3,0.0,0.0,0.3,80.3
1747113756269,6.9,0.0,11.7,0.0,0.0,0.2,81.1
1747113758281,6.8,0.0,12.5,0.0,0.0,0.2,80.4
1747113760293,6.9,0.0,12.4,0.0,0.0,0.2,80.6
1747113762304,6.2,0.0,12.6,0.0,0.0,0.2,80.9
1747113764314,6.8,0.0,11.3,0.0,0.0,0.1,81.9
1747113766323,6.7,0.0,11.4,0.0,0.0,0.3,81.6
1747113768333,6.5,0.0,14.7,0.0,0.0,0.2,78.5
1747113770345,6.7,0.0,12.9,0.0,0.0,0.4,80.0
1747113772356,6.7,0.0,12.6,0.0,0.0,0.4,80.3
1747113774366,6.6,0.0,14.4,0.0,0.0,0.3,78.7
1747113776374,7.1,0.0,12.8,0.0,0.0,0.2,79.8
1747113778387,7.0,0.0,11.9,0.0,0.0,0.1,80.9
1747113780399,6.4,0.0,12.5,0.0,0.0,0.2,80.9
1747113782410,6.8,0.0,12.5,0.0,0.0,0.3,80.4
1747113784421,6.8,0.0,12.0,0.0,0.0,0.3,80.9
1747113786431,6.2,0.0,12.8,0.0,0.0,0.3,80.8
1747113788441,6.9,0.0,11.9,0.0,0.0,0.4,80.8
1747113790454,6.8,0.0,16.6,0.0,0.0,0.3,76.3
1747113792465,6.6,0.0,13.2,0.0,0.0,0.3,80.0
1747113794477,6.9,0.0,12.0,0.0,0.0,0.2,80.9
1747113796488,6.5,0.0,13.1,0.0,0.0,0.2,80.1
1747113798500,6.8,0.0,12.5,0.0,0.0,0.3,80.4
1747113800511,6.9,0.0,13.0,0.0,0.0,0.2,79.8
1747113802522,6.9,0.0,12.9,0.0,0.0,0.2,80.0
1747113804534,6.8,0.0,12.5,0.0,0.0,0.4,80.3
1747113806546,6.4,0.0,13.0,0.0,0.0,0.2,80.5
1747113808558,6.3,0.0,14.5,0.0,0.0,0.5,78.7
1747113810571,6.6,0.0,13.6,0.0,0.0,0.5,79.3
1747113812582,6.6,0.0,14.2,0.0,0.0,0.2,79.0
1747113814594,6.7,0.0,15.7,0.0,0.0,0.6,77.0
1747113816607,6.7,0.0,17.1,0.0,0.0,0.3,76.0
1747113818619,7.0,0.0,20.9,0.0,0.0,0.3,71.8
1747113820631,6.7,0.0,15.8,0.0,0.0,0.6,76.9
1747113822643,6.4,0.0,18.1,0.0,0.0,0.5,75.0
1747113824654,6.4,0.0,12.6,0.0,0.0,0.2,80.8
1747113826663,7.0,0.0,11.5,0.0,0.0,0.7,80.9
1747113828672,6.9,0.0,16.7,0.0,0.0,0.2,76.2
1747113830682,6.4,0.0,13.0,0.0,0.0,0.3,80.3
1747113832693,6.8,0.0,15.1,0.0,0.0,0.3,77.7
1747113834711,6.0,0.0,13.0,0.0,0.0,0.3,80.7
1747113836726,7.0,0.0,19.6,0.0,0.0,0.3,73.1
1747113838736,6.4,0.0,16.2,0.0,0.0,0.3,77.0
1747113840747,6.9,0.0,13.3,0.0,0.0,0.2,79.5
1747113842759,6.9,0.0,13.1,0.0,0.0,0.1,79.9
1747113844771,6.8,0.0,11.9,0.0,0.0,0.3,81.0
1747113846783,7.5,0.0,12.3,0.0,0.0,0.1,80.1
1747113848795,6.5,0.0,12.6,0.0,0.0,0.1,80.8
1747113850807,7.3,0.0,12.2,0.0,0.0,0.3,80.1
1747113852819,7.1,0.0,16.4,0.0,0.0,0.3,76.3
1747113854830,7.0,0.0,20.3,0.0,0.0,0.1,72.6
1747113856842,6.7,0.0,12.9,0.0,0.0,0.2,80.2
1747113858853,6.8,0.0,12.5,0.0,0.0,0.2,80.6
1747113860864,6.7,0.0,12.0,0.0,0.0,0.3,81.0
1747113862875,6.7,0.0,12.6,0.0,0.0,0.3,80.4
1747113864887,6.7,0.0,11.5,0.0,0.0,0.4,81.4
1747113866900,6.8,0.0,13.6,0.0,0.0,0.3,79.3
1747113868911,6.6,0.0,12.1,0.0,0.0,0.4,80.9
1747113870923,6.4,0.0,13.3,0.0,0.0,0.2,80.0
1747113872934,6.8,0.0,11.6,0.0,0.0,0.4,81.1
1747113874946,6.4,0.0,12.4,0.0,0.0,0.4,80.8
1747113876959,6.8,0.0,11.5,0.0,0.0,0.4,81.3
1747113878970,6.5,0.0,12.8,0.0,0.0,0.5,80.2
1747113880978,6.2,0.0,18.7,0.0,0.0,0.4,74.7
1747113882994,5.9,0.0,17.2,0.0,0.0,0.6,76.3
1747113885006,5.6,0.0,19.9,0.0,0.0,0.4,74.0
1747113887029,6.7,0.0,19.5,0.0,0.0,0.5,73.3
1747113889038,6.3,0.0,15.7,0.0,0.0,0.3,77.6
1747113891048,6.5,0.0,13.4,0.0,0.0,0.4,79.6
1747113893058,7.2,0.0,11.1,0.0,0.0,0.3,81.4
1747113895071,6.7,0.0,16.6,0.0,0.0,0.4,76.3
1747113897084,6.7,0.0,13.4,0.0,0.0,0.3,79.5
1747113899096,6.7,0.0,12.5,0.0,0.0,0.3,80.5
1747113901108,6.4,0.0,14.4,0.0,0.0,0.3,78.9
1747113903119,6.3,0.0,12.6,0.0,0.0,0.3,80.8
1747113905131,6.6,0.0,13.9,0.0,0.0,0.3,79.2
1747113907143,6.9,0.0,15.3,0.0,0.0,0.2,77.7
1747113909154,6.2,0.0,12.7,0.0,0.0,0.4,80.7
1747113911165,6.9,0.0,13.0,0.0,0.0,0.2,79.9
1747113913177,6.7,0.0,14.2,0.0,0.0,0.2,78.9
1747113915188,6.9,0.0,14.6,0.0,0.0,0.6,77.9
1747113917200,6.2,0.0,14.8,0.0,0.0,0.4,78.6
1747113919212,6.5,0.0,16.6,0.0,0.0,0.2,76.7
1747113921224,6.7,0.0,11.5,0.0,0.0,0.1,81.7
1747113923236,6.4,0.0,11.5,0.0,0.0,0.3,81.8
1747113925247,6.8,0.0,11.8,0.0,0.0,0.3,81.1
1747113927258,6.9,0.0,17.7,0.0,0.0,0.4,75.0
1747113929267,6.0,0.0,11.8,0.0,0.0,0.5,81.7
1747113931277,6.0,0.0,12.7,0.0,0.0,0.3,80.9
1747113933286,6.0,0.0,13.1,0.0,0.0,0.3,80.6
1747113935297,6.2,0.0,13.1,0.0,0.0,0.3,80.4
1747113937307,6.3,0.0,12.1,0.0,0.0,0.5,81.1
1747113939316,6.7,0.0,13.5,0.0,0.0,0.3,79.5
1747113941330,5.9,0.0,11.5,0.0,0.0,0.6,82.0
1747113943339,5.8,0.0,11.6,0.0,0.0,0.6,82.0
1747113945352,6.5,0.0,14.6,0.0,0.0,0.4,78.5
1747113947364,6.3,0.0,14.1,0.0,0.0,0.8,78.8
1747113949376,6.5,0.0,12.1,0.0,0.0,0.5,80.9
1747113951390,6.5,0.0,14.1,0.0,0.0,0.5,78.9
1747113953403,6.5,0.0,12.0,0.0,0.0,0.3,81.2
1747113955416,7.1,0.0,13.9,0.0,0.0,0.5,78.5
1747113957426,6.0,0.0,15.7,0.0,0.0,0.4,77.9
1747113959438,7.0,0.0,19.1,0.0,0.0,0.4,73.6
1747113961451,6.7,0.0,12.3,0.0,0.0,0.4,80.5
1747113963462,6.1,0.0,17.1,0.0,0.0,0.2,76.5
1747113965473,6.5,0.0,15.1,0.0,0.0,0.6,77.8
1747113967485,6.8,0.0,12.6,0.0,0.0,0.3,80.3
1747113969497,6.5,0.0,12.4,0.0,0.0,0.1,81.0
1747113971508,6.5,0.0,15.5,0.0,0.0,0.4,77.6
1747113973520,6.9,0.0,15.0,0.0,0.0,0.2,77.9
1747113975532,7.0,0.0,25.6,0.0,0.0,0.2,67.2
1747113977544,7.4,0.0,26.1,0.0,0.0,0.6,65.8
1747113979553,5.8,0.0,12.1,0.0,0.0,0.2,81.8
1747113981562,6.1,0.0,15.5,0.0,0.0,0.3,78.1
1747113983571,6.0,0.0,16.9,0.0,0.0,0.3,76.7
1747113985580,6.2,0.0,15.8,0.0,0.0,0.4,77.6
1747113987592,6.4,0.0,11.4,0.0,0.0,0.4,81.8
1747113989603,6.3,0.0,13.2,0.0,0.0,0.3,80.2
1747113991615,6.7,0.0,12.0,0.0,0.0,0.2,81.1
1747113993628,6.3,0.0,12.2,0.0,0.0,0.1,81.4
1747113995641,6.5,0.0,12.1,0.0,0.0,0.4,80.9
1747113997653,6.5,0.0,12.3,0.0,0.0,0.3,80.9
1747113999666,6.1,0.0,13.0,0.0,0.0,0.5,80.4
1747114001678,6.5,0.0,12.8,0.0,0.0,0.3,80.4
1747114003689,6.7,0.0,12.0,0.0,0.0,0.3,81.0
1747114005701,6.9,0.0,11.4,0.0,0.0,0.2,81.5
1747114007714,6.5,0.0,14.3,0.0,0.0,0.6,78.7
1747114009726,6.9,0.0,12.7,0.0,0.0,0.2,80.2
1747114011738,6.3,0.0,15.2,0.0,0.0,0.3,78.2
1747114013752,6.5,0.0,13.2,0.0,0.0,0.3,80.0
1747114015764,7.0,0.0,12.0,0.0,0.0,0.4,80.7
1747114017777,6.5,0.0,15.2,0.0,0.0,0.3,78.0
1747114019789,6.7,0.0,13.4,0.0,0.0,0.5,79.5
1747114021800,6.6,0.0,15.9,0.0,0.0,0.5,77.0
1747114023812,6.7,0.0,18.9,0.0,0.0,0.2,74.2
1747114025824,6.6,0.0,19.3,0.0,0.0,0.2,73.8
1747114027836,6.5,0.0,19.5,0.0,0.0,0.3,73.8
1747114029846,6.5,0.0,11.9,0.0,0.0,0.6,81.0
1747114031854,6.8,0.0,12.2,0.0,0.0,0.3,80.8
1747114033863,6.7,0.0,13.4,0.0,0.0,0.2,79.7
1747114035872,7.0,0.0,11.1,0.0,0.0,0.3,81.5
1747114037880,6.3,0.0,11.8,0.0,0.0,0.5,81.4
1747114039894,6.1,0.0,14.0,0.0,0.0,0.4,79.5
1747114041907,6.0,0.0,16.7,0.0,0.0,0.4,76.8
1747114043918,6.2,0.0,13.7,0.0,0.0,0.3,79.8
1747114045931,6.5,0.0,15.5,0.0,0.0,0.3,77.7
1747114047943,6.5,0.0,11.6,0.0,0.0,0.4,81.5
1747114049955,6.0,0.0,11.9,0.0,0.0,0.5,81.5
1747114051968,6.5,0.0,11.4,0.0,0.0,0.4,81.7
1747114053981,6.7,0.0,11.9,0.0,0.0,0.4,81.0
1747114055992,6.1,0.0,14.7,0.0,0.0,0.4,78.8
1747114058004,6.8,0.0,14.8,0.0,0.0,0.4,78.0
1747114060016,6.8,0.0,15.9,0.0,0.0,0.3,76.9
1747114062028,6.5,0.0,15.9,0.0,0.0,0.3,77.3
1747114064039,7.0,0.0,13.9,0.0,0.0,0.4,78.8
1747114066051,6.4,0.0,14.3,0.0,0.0,0.3,78.9
1747114068062,6.8,0.0,17.4,0.0,0.0,0.5,75.2
1747114070074,5.9,0.0,23.9,0.0,0.0,0.4,69.8
1747114072085,6.8,0.0,22.1,0.0,0.0,0.5,70.6
1747114074097,6.6,0.0,14.3,0.0,0.0,0.3,78.8
1747114076109,7.5,0.0,26.2,0.0,0.0,0.3,66.0
1747114078124,6.3,0.0,19.9,0.0,0.0,0.6,73.3
1747114080147,6.3,0.0,18.4,0.0,0.0,0.3,75.1
1747114082160,6.0,0.0,19.5,0.0,0.0,0.3,74.2
1747114084171,6.2,0.0,13.3,0.0,0.0,0.2,80.3
1747114086183,6.3,0.0,13.1,0.0,0.0,0.2,80.4
1747114088194,6.5,0.0,12.7,0.0,0.0,0.2,80.6
1747114090206,6.4,0.0,12.9,0.0,0.0,0.3,80.5
1747114092217,6.5,0.0,11.9,0.0,0.0,0.4,81.2
1747114094229,6.5,0.0,13.2,0.0,0.0,0.2,80.1
1747114096241,6.7,0.0,13.6,0.0,0.0,0.2,79.5
1747114098253,6.9,0.0,13.5,0.0,0.0,0.3,79.3
1747114100264,7.3,0.0,25.8,0.0,0.0,0.3,66.5
1747114102274,7.0,0.0,26.2,0.0,0.0,0.3,66.5
1747114104283,8.1,0.0,26.4,0.0,0.0,0.7,64.8
1747114106298,7.0,0.0,19.6,0.0,0.0,0.4,73.0
1747114108315,6.8,0.0,21.8,0.0,0.0,0.5,70.9
1747114110327,5.6,0.0,16.6,0.0,0.0,0.6,77.1
1747114112335,6.0,0.0,13.5,0.0,0.0,0.3,80.2
1747114114345,6.2,0.0,11.8,0.0,0.0,0.4,81.6
1747114116355,6.6,0.0,17.8,0.0,0.0,0.2,75.3
1747114118364,6.3,0.0,13.3,0.0,0.0,0.2,80.2
1747114120376,6.7,0.0,12.9,0.0,0.0,0.4,80.1
1747114122389,6.6,0.0,11.2,0.0,0.0,0.6,81.7
1747114124400,6.4,0.0,11.9,0.0,0.0,0.4,81.4
1747114126414,6.9,0.0,12.1,0.0,0.0,0.4,80.6
1747114128425,6.5,0.0,12.3,0.0,0.0,0.5,80.7
1747114130434,6.6,0.0,17.2,0.0,0.0,0.3,75.9
1747114132446,7.0,0.0,11.6,0.0,0.0,0.2,81.2
1747114134459,6.9,0.0,11.6,0.0,0.0,0.3,81.2
1747114136472,7.0,0.0,12.0,0.0,0.0,0.2,80.9
1747114138484,6.9,0.0,13.0,0.0,0.0,0.1,80.0
1747114140497,6.7,0.0,11.8,0.0,0.0,0.3,81.1
1747114142510,6.8,0.0,11.8,0.0,0.0,0.3,81.1
1747114144522,6.7,0.0,12.1,0.0,0.0,0.2,81.0
1747114146534,6.9,0.0,12.2,0.0,0.0,0.2,80.7
1747114148546,7.1,0.0,14.5,0.0,0.0,0.3,78.1
1747114150557,6.7,0.0,16.4,0.0,0.0,0.2,76.7
1747114152569,6.9,0.0,12.4,0.0,0.0,0.3,80.4
1747114154581,6.9,0.0,13.8,0.0,0.0,0.2,79.0
1747114156593,7.0,0.0,13.4,0.0,0.0,0.2,79.3
1747114158604,6.7,0.0,13.0,0.0,0.0,0.3,80.0
1747114160614,6.2,0.0,13.0,0.0,0.0,0.3,80.5
1747114162623,6.7,0.0,12.2,0.0,0.0,0.3,80.8
1747114164632,6.7,0.0,12.3,0.0,0.0,0.3,80.6
1747114166641,6.5,0.0,12.8,0.0,0.0,0.2,80.5
1747114168649,6.9,0.0,11.9,0.0,0.0,0.2,80.9
1747114170658,6.6,0.0,11.8,0.0,0.0,0.2,81.4
1747114172668,6.7,0.0,13.1,0.0,0.0,0.3,80.0
1747114174677,6.1,0.0,13.5,0.0,0.0,0.4,79.9
1747114176689,6.9,0.0,11.8,0.0,0.0,0.3,81.0
1747114178702,6.9,0.0,13.3,0.0,0.0,0.4,79.3
1747114180712,6.6,0.0,12.6,0.0,0.0,0.2,80.5
1747114182722,6.9,0.0,11.8,0.0,0.0,0.3,80.9
1747114184732,6.8,0.0,14.4,0.0,0.0,0.2,78.5
1747114186742,6.7,0.0,12.2,0.0,0.0,0.4,80.7
1747114188752,6.2,0.0,12.7,0.0,0.0,0.4,80.7
1747114190766,6.2,0.0,13.1,0.0,0.0,0.2,80.5
1747114192778,6.7,0.0,12.3,0.0,0.0,0.5,80.5
1747114194789,6.5,0.0,11.6,0.0,0.0,0.3,81.6
1747114196800,6.6,0.0,12.0,0.0,0.0,0.5,80.9
1747114198812,6.5,0.0,12.4,0.0,0.0,0.5,80.5
1747114200824,7.0,0.0,13.1,0.0,0.0,0.1,79.8
1747114202837,6.5,0.0,12.9,0.0,0.0,0.2,80.4
1747114204849,6.7,0.0,12.8,0.0,0.0,0.2,80.3
1747114206860,7.0,0.0,11.8,0.0,0.0,0.3,80.8
1747114208872,6.9,0.0,14.6,0.0,0.0,0.6,78.0
1747114210884,6.4,0.0,13.7,0.0,0.0,0.2,79.7
1747114212899,6.7,0.0,14.2,0.0,0.0,0.4,78.7
1747114214910,7.0,0.0,12.4,0.0,0.0,0.4,80.2
1747114216921,6.7,0.0,14.0,0.0,0.0,0.0,79.2
1747114218932,7.2,0.0,11.7,0.0,0.0,0.3,80.7
1747114220945,6.6,0.0,12.1,0.0,0.0,0.5,80.8
1747114222956,7.1,0.0,12.9,0.0,0.0,0.2,79.9
1747114224969,6.3,0.0,13.2,0.0,0.0,0.3,80.1
1747114226979,6.8,0.0,12.1,0.0,0.0,0.1,81.0
1747114228989,6.6,0.0,11.3,0.0,0.0,0.2,81.9
1747114230999,6.8,0.0,11.9,0.0,0.0,0.2,81.2
1747114233009,6.5,0.0,12.7,0.0,0.0,0.2,80.7
1747114235016,6.0,0.0,13.2,0.0,0.0,0.2,80.6
1747114237025,6.7,0.0,13.5,0.0,0.0,0.2,79.6
1747114239035,6.7,0.0,11.6,0.0,0.0,0.4,81.4
1747114241046,6.7,0.0,11.9,0.0,0.0,0.2,81.3
1747114243054,6.3,0.0,12.3,0.0,0.0,0.2,81.1
1747114245064,6.0,0.0,13.2,0.0,0.0,0.6,80.2
1747114247075,6.9,0.0,14.3,0.0,0.0,0.3,78.5
1747114249089,6.7,0.0,12.8,0.0,0.0,0.6,80.0
1747114251101,6.1,0.0,14.1,0.0,0.0,0.4,79.3
1747114253112,6.6,0.0,14.1,0.0,0.0,0.3,79.0
1747114255123,6.7,0.0,12.6,0.0,0.0,0.1,80.6
1747114257134,6.5,0.0,13.1,0.0,0.0,0.3,80.0
1747114259145,6.9,0.0,12.9,0.0,0.0,0.2,79.9
1747114261156,6.6,0.0,12.3,0.0,0.0,0.3,80.9
1747114263167,6.4,0.0,12.1,0.0,0.0,0.2,81.4
1747114265179,6.8,0.0,11.7,0.0,0.0,0.2,81.3
1747114267190,7.1,0.0,11.7,0.0,0.0,0.5,80.7
1747114269201,6.7,0.0,12.4,0.0,0.0,0.4,80.5
1747114271212,6.5,0.0,12.2,0.0,0.0,0.1,81.1
1747114273225,6.8,0.0,12.3,0.0,0.0,0.2,80.7
1747114275238,6.9,0.0,16.2,0.0,0.0,0.2,76.7
1747114277251,6.9,0.0,17.7,0.0,0.0,0.3,75.0
1747114279262,6.9,0.0,13.1,0.0,0.0,0.2,79.8
1747114281273,6.9,0.0,13.4,0.0,0.0,0.3,79.3
1747114283283,6.9,0.0,12.1,0.0,0.0,0.2,80.8
1747114285293,6.2,0.0,12.6,0.0,0.0,0.1,81.1
1747114287303,6.5,0.0,12.3,0.0,0.0,0.2,81.0
1747114289314,6.7,0.0,11.8,0.0,0.0,0.4,81.0
1747114291324,6.8,0.0,11.3,0.0,0.0,0.3,81.5
1747114293333,6.2,0.0,12.3,0.0,0.0,0.1,81.4
1747114295342,6.8,0.0,13.2,0.0,0.0,0.2,79.8
1747114297352,6.7,0.0,14.2,0.0,0.0,0.4,78.7
1747114299361,6.2,0.0,15.9,0.0,0.0,0.4,77.5
1747114301370,6.4,0.0,17.3,0.0,0.0,0.3,76.0
1747114303383,6.6,0.0,17.1,0.0,0.0,0.2,76.2
1747114305394,6.8,0.0,15.7,0.0,0.0,0.5,77.0
1747114307406,6.9,0.0,12.6,0.0,0.0,0.5,80.0
1747114309418,6.7,0.0,12.4,0.0,0.0,0.2,80.7
1747114311430,6.8,0.0,14.2,0.0,0.0,0.3,78.8
1747114313442,6.6,0.0,12.7,0.0,0.0,0.2,80.4
1747114315454,7.0,0.0,13.8,0.0,0.0,0.2,79.0
1747114317467,7.2,0.0,12.2,0.0,0.0,0.3,80.3
1747114319479,6.6,0.0,13.1,0.0,0.0,0.2,80.1
1747114321491,6.9,0.0,14.3,0.0,0.0,0.3,78.4
1747114323503,6.9,0.0,12.9,0.0,0.0,0.1,80.1
1747114325515,6.8,0.0,12.5,0.0,0.0,0.3,80.3
1747114327527,6.9,0.0,15.2,0.0,0.0,0.2,77.7
1747114329539,7.0,0.0,13.3,0.0,0.0,0.2,79.6
1747114331550,6.5,0.0,13.8,0.0,0.0,0.2,79.5
1747114333558,6.6,0.0,11.9,0.0,0.0,0.2,81.2
1747114335568,7.0,0.0,12.3,0.0,0.0,0.3,80.4
1747114337578,6.9,0.0,12.0,0.0,0.0,0.4,80.7
1747114339588,6.4,0.0,11.2,0.0,0.0,0.4,82.1
1747114341599,6.6,0.0,12.4,0.0,0.0,0.2,80.8
1747114343609,6.9,0.0,11.4,0.0,0.0,0.3,81.4
1747114345621,6.3,0.0,11.8,0.0,0.0,0.2,81.6
1747114347633,6.8,0.0,11.8,0.0,0.0,0.2,81.2
1747114349644,6.6,0.0,12.3,0.0,0.0,0.3,80.8
1747114351655,7.0,0.0,11.5,0.0,0.0,0.4,81.1
1747114353665,6.8,0.0,12.2,0.0,0.0,0.3,80.7
1747114355675,6.3,0.0,13.7,0.0,0.0,0.3,79.8
1747114357684,6.3,0.0,13.5,0.0,0.0,0.3,79.9
1747114359694,6.1,0.0,12.4,0.0,0.0,0.4,81.1
1747114361706,6.9,0.0,14.7,0.0,0.0,0.3,78.1
1747114363715,6.8,0.0,13.4,0.0,0.0,0.3,79.5
1747114365726,6.6,0.0,18.4,0.0,0.0,0.3,74.7
1747114367738,7.0,0.0,14.4,0.0,0.0,0.1,78.5
1747114369751,6.2,0.0,13.2,0.0,0.0,0.2,80.4
1747114371763,6.2,0.0,13.1,0.0,0.0,0.2,80.5
1747114373775,7.1,0.0,12.6,0.0,0.0,0.3,80.0
1747114375788,6.6,0.0,14.6,0.0,0.0,0.1,78.8
1747114377800,7.0,0.0,12.8,0.0,0.0,0.2,80.1
1747114379813,7.3,0.0,12.3,0.0,0.0,0.3,80.0
1747114381826,7.0,0.0,13.4,0.0,0.0,0.3,79.2
1747114383837,7.2,0.0,12.3,0.0,0.0,0.3,80.2
1747114385847,6.8,0.0,11.7,0.0,0.0,0.2,81.4
1747114387861,6.8,0.0,12.0,0.0,0.0,0.2,81.0
1747114389873,7.2,0.0,12.2,0.0,0.0,0.2,80.3
1747114391884,7.2,0.0,16.1,0.0,0.0,0.2,76.5
1747114393896,7.1,0.0,12.7,0.0,0.0,0.0,80.1
1747114395909,7.2,0.0,12.1,0.0,0.0,0.3,80.4
1747114397920,7.0,0.0,14.1,0.0,0.0,0.4,78.5
1747114399930,6.4,0.0,15.4,0.0,0.0,0.5,77.8
1747114401944,6.3,0.0,14.6,0.0,0.0,0.4,78.7
1747114403953,6.7,0.0,12.6,0.0,0.0,0.4,80.4
1747114405964,6.6,0.0,12.7,0.0,0.0,0.1,80.6
1747114407973,6.3,0.0,14.0,0.0,0.0,0.4,79.3
1747114409984,6.7,0.0,12.7,0.0,0.0,0.1,80.6
1747114411994,6.7,0.0,11.8,0.0,0.0,0.5,81.1
1747114414003,6.6,0.0,11.9,0.0,0.0,0.3,81.1
1747114416013,6.2,0.0,11.8,0.0,0.0,0.4,81.6
1747114418021,6.6,0.0,11.8,0.0,0.0,0.1,81.5
1747114420032,6.5,0.0,12.5,0.0,0.0,0.2,80.8
1747114422044,7.2,0.0,11.9,0.0,0.0,0.3,80.7
1747114424057,6.8,0.0,12.4,0.0,0.0,0.3,80.4
1747114426068,6.8,0.0,12.5,0.0,0.0,0.4,80.3
1747114428080,6.8,0.0,12.4,0.0,0.0,0.3,80.4
1747114430092,6.9,0.0,13.3,0.0,0.0,0.1,79.7
1747114432104,6.9,0.0,13.5,0.0,0.0,0.2,79.4
1747114434116,7.2,0.0,14.3,0.0,0.0,0.3,78.2
1747114436128,7.0,0.0,15.0,0.0,0.0,0.1,77.8
1747114438139,6.7,0.0,13.8,0.0,0.0,0.1,79.5
1747114440150,6.9,0.0,14.4,0.0,0.0,0.4,78.3
1747114442162,7.3,0.0,16.5,0.0,0.0,0.2,76.0
1747114444173,6.9,0.0,15.6,0.0,0.0,0.2,77.3
1747114446184,6.8,0.0,14.8,0.0,0.0,0.3,78.1
1747114448195,6.9,0.0,14.6,0.0,0.0,0.2,78.3
1747114450203,6.1,0.0,12.8,0.0,0.0,0.2,80.9
1747114452213,6.3,0.0,12.5,0.0,0.0,0.4,80.8
1747114454225,6.9,0.0,12.4,0.0,0.0,0.2,80.5
1747114456235,6.7,0.0,12.8,0.0,0.0,0.1,80.4
1747114458245,6.7,0.0,12.9,0.0,0.0,0.2,80.1
1747114460256,6.3,0.0,14.1,0.0,0.0,0.2,79.4
1747114462269,6.5,0.0,11.5,0.0,0.0,0.3,81.6
1747114464280,6.7,0.0,11.4,0.0,0.0,0.3,81.7
1747114466291,6.1,0.0,11.6,0.0,0.0,0.2,82.1
1747114468301,6.9,0.0,11.4,0.0,0.0,0.6,81.2
1747114470313,6.9,0.0,13.0,0.0,0.0,0.4,79.7
1747114472323,6.5,0.0,13.0,0.0,0.0,0.4,80.0
1747114474334,6.6,0.0,13.0,0.0,0.0,0.4,80.0
1747114476344,7.0,0.0,11.9,0.0,0.0,0.4,80.7
1747114478356,7.0,0.0,14.7,0.0,0.0,0.4,77.9
1747114480368,7.0,0.0,12.3,0.0,0.0,0.2,80.4
1747114482379,6.5,0.0,13.7,0.0,0.0,0.3,79.5
1747114484392,6.6,0.0,16.8,0.0,0.0,0.2,76.5
1747114486404,6.7,0.0,12.9,0.0,0.0,0.6,79.8
1747114488416,6.7,0.0,13.5,0.0,0.0,0.4,79.4
1747114490429,7.1,0.0,13.7,0.0,0.0,0.3,79.0
1747114492440,7.1,0.0,12.2,0.0,0.0,0.2,80.5
1747114494453,6.6,0.0,12.7,0.0,0.0,0.2,80.6
1747114496465,6.5,0.0,14.6,0.0,0.0,0.3,78.5
1747114498476,7.1,0.0,14.7,0.0,0.0,0.1,78.1
1747114500486,6.6,0.0,12.5,0.0,0.0,0.2,80.7
1747114502496,6.8,0.0,12.2,0.0,0.0,0.2,80.7
1747114504506,6.9,0.0,12.7,0.0,0.0,0.1,80.3
1747114506516,6.9,0.0,13.2,0.0,0.0,0.1,79.8
1747114508526,6.9,0.0,17.7,0.0,0.0,0.2,75.3
1747114510539,6.0,0.0,14.9,0.0,0.0,0.4,78.7
1747114512559,6.5,0.0,13.5,0.0,0.0,0.4,79.6
1747114514570,6.4,0.0,13.7,0.0,0.0,0.4,79.5
1747114516582,6.8,0.0,12.4,0.0,0.0,0.2,80.5
1747114518593,6.3,0.0,12.4,0.0,0.0,0.2,81.1
1747114520604,6.4,0.0,14.2,0.0,0.0,0.2,79.3
1747114522615,6.8,0.0,13.4,0.0,0.0,0.2,79.6
1747114524625,6.4,0.0,14.9,0.0,0.0,0.3,78.5
1747114526638,7.0,0.0,16.0,0.0,0.0,0.4,76.6
1747114528650,6.7,0.0,14.2,0.0,0.0,0.3,78.9
1747114530662,7.0,0.0,13.5,0.0,0.0,0.3,79.2
1747114532673,6.7,0.0,12.7,0.0,0.0,0.3,80.3
1747114534684,7.1,0.0,13.8,0.0,0.0,0.2,78.8
1747114536695,7.1,0.0,13.9,0.0,0.0,0.4,78.6
1747114538707,7.1,0.0,16.3,0.0,0.0,0.3,76.4
1747114540718,7.0,0.0,14.9,0.0,0.0,0.4,77.6
1747114542729,6.8,0.0,13.5,0.0,0.0,0.2,79.5
1747114544740,7.2,0.0,12.9,0.0,0.0,0.2,79.7
1747114546752,7.0,0.0,13.9,0.0,0.0,0.1,79.0
1747114548764,7.1,0.0,15.2,0.0,0.0,0.1,77.6
1747114550776,7.5,0.0,13.6,0.0,0.0,0.1,78.8
1747114552788,6.6,0.0,15.4,0.0,0.0,0.3,77.7
1747114554800,7.0,0.0,16.7,0.0,0.0,0.2,76.1
1747114556810,6.7,0.0,16.1,0.0,0.0,0.4,76.8
1747114558819,7.0,0.0,12.3,0.0,0.0,0.1,80.6
1747114560828,6.1,0.0,11.8,0.0,0.0,0.2,81.8
1747114562839,6.5,0.0,11.4,0.0,0.0,0.3,81.7
1747114564847,6.2,0.0,11.6,0.0,0.0,0.3,81.9
1747114566856,6.4,0.0,11.7,0.0,0.0,0.4,81.5
1747114568867,6.2,0.0,12.4,0.0,0.0,0.5,80.8
1747114570878,6.2,0.0,13.7,0.0,0.0,0.4,79.6
1747114572888,6.5,0.0,21.1,0.0,0.0,0.3,72.0
1747114574900,6.6,0.0,13.6,0.0,0.0,0.4,79.4
1747114576912,6.4,0.0,23.4,0.0,0.0,0.6,69.6
1747114578923,6.4,0.0,13.7,0.0,0.0,0.6,79.3
1747114580935,6.7,0.0,14.5,0.0,0.0,0.4,78.4
1747114582947,6.4,0.0,12.6,0.0,0.0,0.4,80.7
1747114584960,6.8,0.0,11.8,0.0,0.0,0.4,81.0
1747114586972,6.3,0.0,12.1,0.0,0.0,0.3,81.3
1747114588985,7.1,0.0,11.2,0.0,0.0,0.1,81.6
1747114590999,6.2,0.0,12.6,0.0,0.0,0.3,80.8
1747114593011,7.1,0.0,19.5,0.0,0.0,0.3,73.2
1747114595023,6.8,0.0,12.9,0.0,0.0,0.3,80.0
1747114597036,7.0,0.0,15.5,0.0,0.0,0.2,77.2
1747114599048,6.6,0.0,14.4,0.0,0.0,0.6,78.4
1747114601061,6.8,0.0,21.4,0.0,0.0,0.3,71.6
1747114603073,6.6,0.0,12.3,0.0,0.0,0.3,80.8
1747114605085,6.6,0.0,12.7,0.0,0.0,0.3,80.3
1747114607096,6.8,0.0,15.3,0.0,0.0,0.3,77.6
1747114609105,5.9,0.0,13.3,0.0,0.0,0.6,80.2
1747114611114,6.1,0.0,14.3,0.0,0.0,0.4,79.2
1747114613124,6.1,0.0,12.0,0.0,0.0,0.2,81.7
1747114615135,6.5,0.0,12.2,0.0,0.0,0.2,81.0
1747114617146,6.7,0.0,12.5,0.0,0.0,0.5,80.3
1747114619154,6.0,0.0,14.0,0.0,0.0,0.3,79.8
1747114621164,6.3,0.0,14.7,0.0,0.0,0.4,78.6
1747114623173,6.0,0.0,13.8,0.0,0.0,0.3,79.8
1747114625184,6.5,0.0,18.0,0.0,0.0,0.4,75.1
1747114627196,6.5,0.0,13.7,0.0,0.0,0.4,79.3
1747114629210,6.1,0.0,13.4,0.0,0.0,0.2,80.3
1747114631223,6.8,0.0,13.4,0.0,0.0,0.6,79.2
1747114633235,6.4,0.0,12.1,0.0,0.0,0.4,81.0
1747114635247,6.6,0.0,14.7,0.0,0.0,0.5,78.3
1747114637259,6.3,0.0,14.6,0.0,0.0,0.3,78.9
1747114639272,6.7,0.0,13.8,0.0,0.0,0.3,79.2
1747114641286,6.8,0.0,18.5,0.0,0.0,0.5,74.2
1747114643298,6.8,0.0,14.8,0.0,0.0,0.3,78.1
1747114645308,7.1,0.0,12.6,0.0,0.0,0.2,80.1
1747114647320,6.5,0.0,14.1,0.0,0.0,0.3,79.1
1747114649332,6.6,0.0,14.7,0.0,0.0,0.5,78.2
1747114651345,6.8,0.0,14.1,0.0,0.0,0.2,79.0
1747114653358,6.6,0.0,13.1,0.0,0.0,0.2,80.1
1747114655370,6.5,0.0,14.8,0.0,0.0,0.2,78.5
1747114657381,6.3,0.0,13.0,0.0,0.0,0.4,80.2
1747114659392,6.9,0.0,13.1,0.0,0.0,0.2,79.7
1747114661401,6.7,0.0,11.6,0.0,0.0,0.2,81.5
1747114663412,6.6,0.0,12.0,0.0,0.0,0.2,81.2
1747114665423,6.3,0.0,13.5,0.0,0.0,0.2,80.0
1747114667432,6.8,0.0,15.2,0.0,0.0,0.5,77.5
1747114669453,5.8,0.0,15.2,0.0,0.0,0.6,78.4
1747114671469,6.4,0.0,14.0,0.0,0.0,0.3,79.3
1747114673478,6.6,0.0,12.2,0.0,0.0,0.4,80.8
1747114675490,6.8,0.0,11.0,0.0,0.0,0.4,81.8
1747114677504,6.6,0.0,11.1,0.0,0.0,0.5,81.8
1747114679518,6.5,0.0,13.2,0.0,0.0,0.6,79.8
1747114681534,6.9,0.0,13.7,0.0,0.0,0.3,79.1
1747114683548,6.5,0.0,13.8,0.0,0.0,0.3,79.3
1747114685562,7.1,0.0,12.4,0.0,0.0,0.4,80.1
1747114687576,7.0,0.0,13.8,0.0,0.0,0.5,78.6
1747114689589,7.2,0.0,12.5,0.0,0.0,0.4,79.9
1747114691602,6.7,0.0,12.7,0.0,0.0,0.3,80.3
1747114693615,7.3,0.0,14.1,0.0,0.0,0.2,78.3
1747114695627,7.0,0.0,13.2,0.0,0.0,0.1,79.6
1747114697641,7.0,0.0,14.8,0.0,0.0,0.1,78.2
1747114699653,7.0,0.0,12.3,0.0,0.0,0.4,80.3
1747114701665,6.7,0.0,12.0,0.0,0.0,0.4,80.8
1747114703677,6.4,0.0,14.1,0.0,0.0,0.4,79.1
1747114705690,6.4,0.0,12.4,0.0,0.0,0.4,80.8
1747114707703,7.0,0.0,13.7,0.0,0.0,0.1,79.2
1747114709716,6.8,0.0,16.9,0.0,0.0,0.4,75.9
1747114711729,7.0,0.0,13.7,0.0,0.0,0.4,78.8
1747114713742,6.4,0.0,12.9,0.0,0.0,0.4,80.3
1747114715754,5.9,0.0,11.7,0.0,0.0,0.3,82.1
1747114717774,6.7,0.0,14.1,0.0,0.0,0.4,78.8
1747114719785,6.4,0.0,12.4,0.0,0.0,0.2,81.0
1747114721796,6.8,0.0,12.9,0.0,0.0,0.2,80.0
1747114723807,6.7,0.0,12.2,0.2,0.0,0.4,80.5
1747114725817,6.7,0.0,13.3,1.1,0.0,0.4,78.7
1747114727826,6.5,0.0,11.4,0.0,0.0,0.4,81.6
1747114729836,6.2,0.0,12.4,0.0,0.0,0.2,81.2
1747114731848,6.4,0.0,12.7,2.2,0.0,0.4,78.4
1747114733859,6.6,0.0,11.1,0.0,0.0,0.3,82.0
1747114735870,6.3,0.0,14.6,0.0,0.0,0.4,78.7
1747114737884,7.1,0.0,11.3,0.0,0.0,0.4,81.1
1747114739896,6.6,0.0,13.0,0.0,0.0,0.3,80.2
1747114741908,7.0,0.0,12.2,0.0,0.0,0.2,80.7
1747114743920,6.5,0.0,15.0,0.0,0.0,0.2,78.3
1747114745932,6.7,0.0,12.1,0.0,0.0,0.4,80.8
1747114747943,6.7,0.0,12.4,0.0,0.0,0.3,80.6
1747114749954,6.8,0.0,12.9,0.0,0.0,0.3,79.9
1747114751963,6.5,0.0,13.3,0.0,0.0,0.2,80.0
1747114753973,6.8,0.0,12.9,0.0,0.0,0.3,80.0
1747114755985,6.7,0.0,17.9,0.0,0.0,0.5,74.9
1747114758000,7.2,0.0,16.6,0.0,0.0,0.3,75.8
1747114760012,6.9,0.0,17.8,0.0,0.0,0.3,75.0
1747114762024,6.5,0.0,12.4,0.0,0.0,0.3,80.8
1747114764037,6.5,0.0,13.4,0.0,0.0,0.2,80.0
1747114766050,6.8,0.0,15.1,0.0,0.0,0.2,77.8
1747114768062,6.5,0.0,20.3,0.0,0.0,0.2,73.0
1747114770073,7.9,0.0,23.9,0.0,0.0,0.1,68.1
1747114772087,6.4,0.0,11.8,0.0,0.0,0.2,81.5
1747114774097,6.3,0.0,11.9,0.0,0.0,0.2,81.5
1747114776109,6.3,0.0,11.4,0.0,0.0,0.5,81.7
1747114778118,6.2,0.0,13.8,0.0,0.0,0.4,79.6
1747114780128,6.1,0.0,13.9,0.0,0.0,0.6,79.3
1747114782136,6.3,0.0,13.4,0.0,0.0,0.3,79.9
1747114784152,5.7,0.0,15.2,0.0,0.0,0.6,78.5
1747114786174,6.8,0.0,13.1,0.0,0.0,0.5,79.6
1747114788185,6.6,0.0,12.6,0.0,0.0,0.5,80.3
1747114790198,6.6,0.0,12.7,0.0,0.0,0.4,80.3
1747114792209,7.0,0.0,14.8,0.0,0.0,0.4,77.8
1747114794222,6.8,0.0,13.0,0.0,0.0,0.4,79.8
1747114796235,7.0,0.0,11.9,0.0,0.0,0.3,80.8
1747114798246,6.6,0.0,11.8,0.0,0.0,0.5,81.1
1747114800257,6.6,0.0,12.5,0.0,0.0,0.3,80.6
1747114802269,7.1,0.0,14.3,0.0,0.0,0.3,78.2
1747114804280,6.6,0.0,12.0,0.0,0.0,0.3,81.1
1747114806294,6.7,0.0,12.5,0.0,0.0,0.3,80.5
1747114808308,6.6,0.0,13.3,0.0,0.0,0.2,79.9
1747114810320,6.7,0.0,12.9,0.0,0.0,0.2,80.3
1747114812332,6.3,0.0,18.3,0.0,0.0,0.3,75.1
1747114814344,6.6,0.0,16.2,0.0,0.0,0.3,76.9
1747114816356,6.3,0.0,14.9,0.0,0.0,0.4,78.3
1747114818368,6.7,0.0,15.8,0.0,0.0,0.1,77.5
1747114820380,6.6,0.0,23.6,0.0,0.0,0.3,69.4
1747114822391,6.4,0.0,15.9,0.0,0.0,0.2,77.5
1747114824415,6.1,0.0,13.5,0.0,0.0,0.2,80.2
1747114826427,6.3,0.0,11.6,0.0,0.0,0.4,81.7
1747114828436,6.7,0.0,12.0,0.0,0.0,0.2,81.1
1747114830445,5.9,0.0,11.7,0.0,0.0,0.3,82.1
1747114832454,6.8,0.0,16.0,0.0,0.0,0.3,76.9
1747114834462,5.8,0.0,11.9,0.0,0.0,0.5,81.8
1747114836473,6.8,0.0,24.6,0.0,0.0,0.5,68.2
1747114838484,6.4,0.0,18.9,0.0,0.0,0.5,74.1
1747114840496,6.6,0.0,17.3,0.0,0.0,0.4,75.7
1747114842508,6.3,0.0,12.1,0.0,0.0,0.4,81.2
1747114844520,6.6,0.0,12.3,0.0,0.0,0.6,80.5
1747114846532,6.4,0.0,14.4,0.0,0.0,0.4,78.8
1747114848543,6.5,0.0,12.8,0.0,0.0,0.5,80.2
1747114850555,6.4,0.0,12.9,0.0,0.0,0.5,80.2
1747114852566,6.8,0.0,11.7,0.0,0.0,0.2,81.2
1747114854578,6.6,0.0,12.6,0.0,0.0,0.3,80.5
1747114856590,6.8,0.0,23.1,0.0,0.0,0.3,69.8
1747114858602,6.8,0.0,11.5,0.0,0.0,0.3,81.4
1747114860614,6.4,0.0,13.1,0.0,0.0,0.4,80.1
1747114862625,6.1,0.0,17.4,0.0,0.0,0.3,76.2
1747114864637,7.0,0.0,14.2,0.0,0.0,0.2,78.6
1747114866648,6.2,0.0,14.9,0.0,0.0,0.3,78.7
1747114868658,6.6,0.0,13.8,0.0,0.0,0.3,79.3
1747114870667,7.0,0.0,13.5,0.0,0.0,0.3,79.2
1747114872677,6.3,0.0,12.2,0.0,0.0,0.2,81.4
1747114874684,6.1,0.0,12.3,0.0,0.0,0.2,81.5
1747114876693,6.0,0.0,15.0,0.0,0.0,0.2,78.8
1747114878702,6.2,0.0,11.6,0.0,0.0,0.7,81.6
1747114880711,6.2,0.0,12.8,0.0,0.0,0.5,80.5
1747114882721,6.1,0.0,14.9,0.0,0.0,0.4,78.7
1747114884732,6.2,0.0,13.2,0.0,0.0,0.5,80.1
1747114886743,7.1,0.0,12.9,0.0,0.0,0.3,79.7
1747114888755,6.5,0.0,15.4,0.0,0.0,0.4,77.7
1747114890766,6.9,0.0,13.0,0.0,0.0,0.4,79.8
1747114892778,6.5,0.0,12.3,0.0,0.0,0.5,80.6
1747114894787,7.0,0.0,11.3,0.0,0.0,0.4,81.3
1747114896800,6.8,0.0,11.4,0.0,0.0,0.3,81.5
1747114898812,6.6,0.0,14.3,0.0,0.0,0.4,78.6
1747114900823,6.9,0.0,15.1,0.0,0.0,0.4,77.7
1747114902833,6.3,0.0,12.2,0.0,0.0,0.5,81.0
1747114904845,7.0,0.0,13.9,0.0,0.0,0.2,79.0
1747114906858,8.6,0.0,31.4,0.0,0.0,0.3,59.6
1747114908872,6.9,0.0,17.4,0.0,0.0,0.5,75.2
1747114910884,6.1,0.0,20.0,0.0,0.0,0.3,73.5
1747114912897,7.1,0.0,20.3,0.0,0.0,0.3,72.3
1747114914907,6.5,0.0,11.9,0.0,0.0,0.3,81.2
1747114916916,6.3,0.0,12.0,0.0,0.0,0.2,81.5
1747114918925,6.4,0.0,11.0,0.0,0.0,0.4,82.3
1747114920935,6.5,0.0,15.2,0.0,0.0,0.3,78.0
1747114922946,6.2,0.0,11.5,0.0,0.0,0.4,81.9
1747114924955,6.2,0.0,12.2,0.0,0.0,0.2,81.3
1747114926966,6.7,0.0,13.4,0.0,0.0,0.4,79.5
1747114928980,6.6,0.0,19.4,0.0,0.0,0.4,73.6
1747114930993,7.0,0.0,14.4,0.0,0.0,0.4,78.3
1747114933008,6.2,0.0,18.0,0.0,0.0,0.5,75.4
1747114935020,6.8,0.0,11.7,0.0,0.0,0.5,81.0
1747114937034,6.7,0.0,13.2,0.0,0.0,0.3,79.8
1747114939046,6.7,0.0,12.1,0.0,0.0,0.6,80.6
1747114941060,6.7,0.0,12.0,0.0,0.0,0.3,80.9
1747114943074,6.5,0.0,13.7,0.0,0.0,0.5,79.3
1747114945088,7.0,0.0,14.2,0.0,0.0,0.1,78.7
1747114947101,7.0,0.0,11.6,0.0,0.0,0.2,81.2
1747114949113,6.3,0.0,13.4,0.0,0.0,0.4,79.8
1747114951125,6.5,0.0,13.9,0.0,0.0,0.3,79.2
1747114953136,6.8,0.0,14.5,0.0,0.0,0.4,78.3
1747114955145,6.9,0.0,15.8,0.0,0.0,0.1,77.2
1747114957157,6.6,0.0,14.6,0.0,0.0,0.3,78.5
1747114959172,6.8,0.0,16.7,0.0,0.0,0.2,76.3
1747114961184,6.9,0.0,16.8,0.0,0.0,0.2,76.1
1747114963196,6.2,0.0,20.6,0.0,0.0,0.3,72.8
1747114965205,6.4,0.0,13.0,0.0,0.0,0.4,80.2
1747114967216,6.3,0.0,13.1,0.0,0.0,0.4,80.2
1747114969224,6.7,0.0,13.0,0.0,0.0,0.3,80.0
1747114971232,6.3,0.0,16.6,0.0,0.0,0.4,76.7
1747114973243,6.4,0.0,14.0,0.0,0.0,0.4,79.2
1747114975254,5.9,0.0,11.9,0.0,0.0,0.5,81.7
1747114977265,6.6,0.0,13.7,0.0,0.0,0.2,79.5
1747114979278,6.5,0.0,13.4,0.0,0.0,0.4,79.7
1747114981291,6.4,0.0,13.3,0.0,0.0,0.3,79.9
1747114983303,6.5,0.0,12.9,0.0,0.0,0.3,80.3
1747114985316,6.4,0.0,13.4,0.0,0.0,0.4,79.8
1747114987328,6.7,0.0,13.2,0.0,0.0,0.4,79.7
1747114989340,6.5,0.0,13.8,0.0,0.0,0.4,79.4
1747114991353,7.2,0.0,20.0,0.0,0.0,0.2,72.5
1747114993366,6.7,0.0,12.9,0.0,0.0,0.2,80.2
1747114995377,6.7,0.0,12.8,0.0,0.0,0.3,80.2
1747114997391,6.9,0.0,12.3,0.0,0.0,0.4,80.5
1747114999406,6.8,0.0,12.5,0.0,0.0,0.4,80.3
1747115001419,6.9,0.0,12.4,0.0,0.0,0.2,80.5
1747115003432,6.4,0.0,12.8,0.0,0.0,0.4,80.4
1747115005444,6.9,0.0,12.5,0.0,0.0,0.1,80.4
1747115007456,7.0,0.0,11.9,0.0,0.0,0.3,80.8
1747115009468,6.8,0.0,12.6,0.0,0.0,0.1,80.6
1747115011481,6.7,0.0,12.8,0.0,0.0,0.2,80.4
1747115013493,6.8,0.0,12.8,0.0,0.0,0.2,80.0
1747115015505,7.0,0.0,13.4,0.0,0.0,0.2,79.4
1747115017515,6.1,0.0,12.6,0.0,0.0,0.1,81.2
1747115019524,6.3,0.0,14.3,0.0,0.0,0.3,79.1
1747115021533,6.2,0.0,15.8,0.0,0.0,0.2,77.8
1747115023542,6.6,0.0,14.6,0.0,0.0,0.2,78.5
1747115025554,6.2,0.0,16.3,0.0,0.0,0.3,77.2
1747115027563,6.1,0.0,15.5,0.0,0.0,0.3,78.0
1747115029573,6.7,0.0,14.0,0.0,0.0,0.4,78.9
1747115031582,6.5,0.0,16.9,0.0,0.0,0.4,76.2
1747115033594,6.8,0.0,16.0,0.0,0.0,0.3,77.0
1747115035606,6.6,0.0,18.3,0.0,0.0,0.6,74.5
1747115037618,7.0,0.0,15.1,0.0,0.0,0.4,77.5
1747115039630,6.4,0.0,12.2,0.0,0.0,0.3,81.1
1747115041643,6.8,0.0,12.0,0.0,0.0,0.5,80.7
1747115043656,6.5,0.0,12.8,0.0,0.0,0.2,80.5
1747115045668,6.6,0.0,12.4,0.0,0.0,0.2,80.8
1747115047680,6.9,0.0,12.5,0.0,0.0,0.4,80.2
1747115049692,6.6,0.0,16.0,0.0,0.0,0.3,77.1
1747115051704,6.8,0.0,17.0,0.0,0.0,0.4,75.8
1747115053716,6.7,0.0,19.1,0.0,0.0,0.2,74.1
1747115055728,7.0,0.0,13.6,0.0,0.0,0.1,79.3
1747115057740,7.4,0.0,16.2,0.0,0.0,0.1,76.3
1747115059753,6.7,0.0,14.1,0.0,0.0,0.5,78.7
1747115061764,7.0,0.0,14.4,0.0,0.0,0.2,78.4
1747115063772,6.7,0.0,12.6,0.0,0.0,0.4,80.3
1747115065783,6.9,0.0,12.7,0.0,0.0,0.3,80.1
1747115067794,6.2,0.0,12.8,0.0,0.0,0.3,80.6
1747115069805,6.7,0.0,12.5,0.0,0.0,0.1,80.7
1747115071818,7.3,0.0,14.4,0.0,0.0,0.2,78.2
1747115073828,6.5,0.0,13.2,0.0,0.0,0.3,80.0
1747115075837,6.7,0.0,12.7,0.0,0.0,0.3,80.3
1747115077846,6.8,0.0,13.0,0.0,0.0,0.2,80.0
1747115079856,6.6,0.0,12.7,0.0,0.0,0.4,80.3
1747115081867,7.2,0.0,12.1,0.0,0.0,0.5,80.2
1747115083878,6.8,0.0,14.5,0.0,0.0,0.2,78.5
1747115085889,7.0,0.0,12.7,0.0,0.0,0.2,80.2
1747115087901,6.6,0.0,13.2,0.0,0.0,0.3,79.9
1747115089912,6.8,0.0,12.2,0.0,0.0,0.1,80.9
1747115091924,6.6,0.0,12.6,0.0,0.0,0.3,80.5
1747115093938,7.0,0.0,12.4,0.0,0.0,0.0,80.5
1747115095950,6.9,0.0,12.4,0.0,0.0,0.2,80.5
1747115097961,7.1,0.0,11.8,0.0,0.0,0.4,80.8
1747115099974,6.9,0.0,12.1,0.0,0.0,0.2,80.8
1747115101989,7.0,0.0,12.1,0.0,0.0,0.3,80.7
1747115104002,6.8,0.0,12.9,0.0,0.0,0.3,80.0
1747115106013,7.0,0.0,13.0,0.0,0.0,0.1,79.9
1747115108026,6.7,0.0,13.8,0.0,0.0,0.2,79.3
1747115110037,6.7,0.0,13.3,0.0,0.0,0.2,79.8
1747115112048,6.7,0.0,12.5,0.0,0.0,0.2,80.5
1747115114060,7.5,0.0,11.1,0.0,0.0,0.2,81.2
1747115116071,7.2,0.0,11.8,0.0,0.0,0.3,80.8
1747115118082,6.8,0.0,14.2,0.0,0.0,0.2,78.8
1747115120091,6.9,0.0,13.9,0.0,0.0,0.5,78.8
1747115122104,6.5,0.0,13.1,0.0,0.0,0.4,80.0
1747115124112,7.0,0.0,12.6,0.0,0.0,0.2,80.1
1747115126120,6.5,0.0,12.2,0.0,0.0,0.2,81.1
1747115128130,6.8,0.0,12.5,0.0,0.0,0.1,80.5
1747115130139,7.0,0.0,12.9,0.0,0.0,0.1,80.0
1747115132150,6.5,0.0,11.6,0.0,0.0,0.4,81.5
1747115134161,6.6,0.0,12.1,0.0,0.0,0.3,81.0
1747115136171,7.1,0.0,12.8,0.0,0.0,0.3,79.8
1747115138182,6.7,0.0,15.7,0.0,0.0,0.3,77.3
1747115140190,6.6,0.0,13.8,0.0,0.0,0.2,79.5
1747115142199,6.3,0.0,11.7,0.0,0.0,0.5,81.5
1747115144208,6.7,0.0,13.1,0.0,0.0,0.3,79.9
1747115146220,7.0,0.0,13.7,0.0,0.0,0.2,79.0
1747115148233,6.7,0.0,12.3,0.0,0.0,0.2,80.8
1747115150246,6.5,0.0,13.3,0.0,0.0,0.5,79.7
1747115152258,6.7,0.0,13.4,0.0,0.0,0.2,79.7
1747115154270,6.8,0.0,11.8,0.0,0.0,0.4,81.0
1747115156283,7.1,0.0,17.3,0.0,0.0,0.3,75.3
1747115158296,6.6,0.0,12.5,0.0,0.0,0.3,80.5
1747115160308,6.7,0.0,14.2,0.0,0.0,0.7,78.3
1747115162320,6.6,0.0,12.5,0.0,0.0,0.3,80.6
1747115164333,6.9,0.0,12.3,0.0,0.0,0.2,80.5
1747115166346,6.5,0.0,12.4,0.0,0.0,0.1,81.1
1747115168358,6.6,0.0,12.9,0.0,0.0,0.4,80.1
1747115170369,7.2,0.0,15.9,0.0,0.0,0.2,76.8
1747115172381,6.7,0.0,13.8,0.0,0.0,0.3,79.3
1747115174393,6.5,0.0,16.2,0.0,0.0,0.3,76.9
1747115176407,7.0,0.0,12.5,0.0,0.0,0.4,80.0
1747115178418,6.9,0.0,13.6,0.0,0.0,0.3,79.2
1747115180430,6.8,0.0,13.2,0.0,0.0,0.4,79.6
1747115182442,7.2,0.0,13.9,0.0,0.0,0.2,78.7
1747115184452,6.6,0.0,12.9,0.0,0.0,0.3,80.2
1747115186461,6.3,0.0,12.7,0.0,0.0,0.4,80.7
1747115188470,7.1,0.0,12.0,0.0,0.0,0.1,80.8
1747115190481,6.3,0.0,14.2,0.0,0.0,0.3,79.2
1747115192492,6.3,0.0,13.8,0.0,0.0,0.2,79.7
1747115194502,6.3,0.0,11.8,0.0,0.0,0.3,81.6
1747115196513,6.6,0.0,11.6,0.0,0.0,0.3,81.5
1747115198524,6.6,0.0,11.8,0.0,0.0,0.3,81.3
1747115200532,6.5,0.0,11.8,0.0,0.0,0.5,81.2
1747115202543,6.7,0.0,15.8,0.0,0.0,0.3,77.2
1747115204557,7.2,0.0,14.8,0.0,0.0,0.3,77.7
1747115206568,6.9,0.0,13.0,0.0,0.0,0.5,79.6
1747115208580,6.8,0.0,12.2,0.0,0.0,0.3,80.7
1747115210592,6.9,0.0,12.0,0.0,0.0,0.3,80.7
1747115212606,6.8,0.0,12.1,0.0,0.0,0.4,80.6
1747115214620,6.5,0.0,14.7,0.0,0.0,0.4,78.3
1747115216632,6.4,0.0,14.3,0.0,0.0,0.3,79.0
1747115218646,6.6,0.0,14.1,0.0,0.0,0.2,79.2
1747115220658,6.1,0.0,19.4,0.0,0.0,0.2,74.3
1747115222671,6.9,0.0,14.8,0.0,0.0,0.3,78.0
1747115224684,6.8,0.0,17.1,0.0,0.0,0.4,75.6
1747115226698,6.1,0.0,19.9,0.0,0.0,0.3,73.6
1747115228708,7.0,0.0,16.6,0.0,0.0,0.2,76.2
1747115230721,6.9,0.0,13.6,0.0,0.0,0.2,79.3
1747115232734,6.8,0.0,16.4,0.0,0.0,0.3,76.5
1747115234744,7.0,0.0,14.5,0.0,0.0,0.2,78.3
1747115236755,6.8,0.0,13.2,0.0,0.0,0.1,79.9
1747115238765,6.9,0.0,18.8,0.0,0.0,0.2,74.2
1747115240775,6.5,0.0,13.1,0.0,0.0,0.4,80.0
1747115242785,6.8,0.0,13.8,0.0,0.0,0.4,79.0
1747115244793,6.4,0.0,15.8,0.0,0.0,0.4,77.5
1747115246804,6.2,0.0,13.3,0.0,0.0,0.4,80.1
1747115248814,5.8,0.0,13.0,0.0,0.0,0.4,80.7
1747115250823,6.8,0.0,11.6,0.0,0.0,0.3,81.3
1747115252831,6.8,0.0,12.4,0.0,0.0,0.2,80.7
1747115254842,6.7,0.0,14.8,0.0,0.0,0.4,78.1
1747115256853,6.4,0.0,17.5,0.0,0.0,0.8,75.3
1747115258865,6.7,0.0,15.6,0.0,0.0,0.5,77.1
1747115260876,6.8,0.0,15.0,0.0,0.0,0.4,77.9
1747115262888,6.8,0.0,13.2,0.0,0.0,0.4,79.6
1747115264901,6.4,0.0,14.3,0.0,0.0,0.3,78.9
1747115266912,7.0,0.0,12.1,0.0,0.0,0.3,80.6
1747115268923,6.9,0.0,12.0,0.0,0.0,0.4,80.7
1747115270935,7.6,0.0,12.8,0.0,0.0,0.4,79.3
1747115272946,6.8,0.0,15.6,0.0,0.0,0.1,77.4
1747115274958,6.8,0.0,13.2,0.0,0.0,0.3,79.7
1747115276970,7.3,0.0,11.5,0.0,0.0,0.4,80.7
1747115278981,6.5,0.0,12.6,0.0,0.0,0.3,80.5
1747115280996,6.5,0.0,12.2,0.0,0.0,0.2,81.0
1747115283009,6.4,0.0,12.4,0.0,0.0,0.1,81.1
1747115285021,6.6,0.0,12.8,0.0,0.0,0.2,80.5
1747115287033,7.2,0.0,12.5,0.0,0.0,0.3,80.0
1747115289045,7.0,0.0,12.2,0.0,0.0,0.4,80.4
1747115291057,6.8,0.0,14.4,0.0,0.0,0.2,78.5
1747115293068,7.1,0.0,12.6,0.0,0.0,0.3,80.0
1747115295078,6.4,0.0,12.5,0.0,0.0,0.3,80.8
1747115297088,6.1,0.0,12.6,0.0,0.0,0.5,80.8
1747115299098,6.7,0.0,12.9,0.0,0.0,0.2,80.2
1747115301108,5.7,0.0,12.4,0.0,0.0,0.6,81.3
1747115303116,6.7,0.0,12.5,0.0,0.0,0.3,80.5
1747115305125,6.0,0.0,13.8,0.0,0.0,0.5,79.7
1747115307134,6.3,0.0,12.1,0.0,0.0,0.3,81.4
1747115309147,6.4,0.0,17.2,0.0,0.0,0.5,75.9
1747115311156,6.8,0.0,12.7,0.0,0.0,0.2,80.2
1747115313169,7.0,0.0,15.5,0.0,0.0,0.2,77.2
1747115315183,6.8,0.0,13.9,0.0,0.0,0.2,79.0
1747115317194,6.7,0.0,13.3,0.0,0.0,0.2,79.8
1747115319206,6.8,0.0,13.6,0.0,0.0,0.3,79.3
1747115321219,7.0,0.0,17.4,0.0,0.0,0.3,75.3
1747115323232,6.9,0.0,15.1,0.0,0.0,0.3,77.7
1747115325244,6.6,0.0,12.1,0.0,0.0,0.2,81.0
1747115327256,6.5,0.0,12.2,0.0,0.0,0.4,80.9
1747115329269,7.0,0.0,12.3,0.0,0.0,0.5,80.2
1747115331282,6.9,0.0,13.7,0.0,0.0,0.5,78.9
1747115333295,7.1,0.0,11.6,0.0,0.0,0.2,81.1
1747115335308,7.0,0.0,13.9,0.0,0.0,0.4,78.6
1747115337320,7.2,0.0,11.7,0.0,0.0,0.3,80.8
1747115339331,7.2,0.0,12.3,0.0,0.0,0.2,80.2
1747115341344,6.7,0.0,14.2,0.0,0.0,0.3,78.8
1747115343356,6.9,0.0,13.0,0.0,0.0,0.4,79.6
1747115345368,6.6,0.0,12.7,0.0,0.0,0.3,80.5
1747115347381,6.9,0.0,12.3,0.0,0.0,0.3,80.5
1747115349394,6.4,0.0,14.2,0.0,0.0,0.4,78.9
1747115351406,6.8,0.0,18.0,0.0,0.0,0.3,74.9
1747115353416,6.3,0.0,12.2,0.0,0.0,0.6,80.8
1747115355425,6.2,0.0,13.7,0.0,0.0,0.5,79.6
1747115357436,6.3,0.0,13.8,0.0,0.0,0.3,79.6
1747115359446,6.7,0.0,15.4,0.0,0.0,0.3,77.6
1747115361457,5.9,0.0,12.0,0.0,0.0,0.2,81.8
1747115363476,6.5,0.0,14.5,0.0,0.0,0.2,78.7
1747115365487,6.3,0.0,13.1,0.0,0.0,0.5,80.1
1747115367497,6.5,0.0,14.2,0.0,0.0,0.3,79.0
1747115369508,6.8,0.0,14.3,0.0,0.0,0.3,78.6
1747115371519,6.5,0.0,15.0,0.0,0.0,0.3,78.2
